site,A,C,D,E,F,G,H,I,K,L,M,N,P,Q,R,S,T,V,W,Y
0,0.0027571908116201505,0.008133712894279445,0.007394284449344951,0.003857887538788669,0.008342269635158406,0.0024523757470189277,0.004715195880741707,0.007072793821112561,0.02550595683331217,0.0012038690863223418,0.003138410119979207,0.006825493337856877,0.0015517417286383677,0.003127685253616307,0.8831836322976164,0.0018108451712681506,0.00188790241259871,0.0025685409139829824,0.01739741824563078,0.007072793821112561
1,0.19229413313119925,0.0762952080556985,0.006754137056587404,0.004198517629770549,0.007577812307390747,0.10253626998024493,0.0074865133639282055,0.004633189534739136,0.00453562488471563,0.0024178233821246743,0.0032704242589791646,0.0034909022989103437,0.0033955224546778203,0.005974813550058088,0.0010037339260959362,0.5540602850107907,0.007913071826664007,0.003060988222689858,0.003452114495589118,0.005648914629145829
2,0.0030476023872643906,0.0027778059233438796,0.009001058213548317,0.003023792993613888,0.41115454260517853,0.0011800167779956636,0.00860101118183506,0.00860101118183506,0.003794563756691938,0.010147488380859744,0.015778957227172423,0.0071675093181958836,0.0028670037272783525,0.0037577233318696864,0.000984848608607068,0.0014829329623853552,0.0026329626066842016,0.0022116885896147293,0.3438439669081828,0.15794351331784298
3,0.04607459817374299,0.022462148271701923,0.014409680023355954,0.013167466228239064,0.01697140091639701,0.007006541662732711,0.008922243265776671,0.015274260824757309,0.007414689720755976,0.010606350342675073,0.015585980433425826,0.017760768400880592,0.6745406169534971,0.006259942960966111,0.0042189676521411715,0.006158505872984014,0.00457054054422899,0.008039084644609111,0.07227054491313738,0.028285668193995018
4,0.030748048652960245,0.036418228539488146,0.00252538625648719,0.0036076946521245573,0.0028059847294302108,0.08156240886764572,0.0016054384498985672,0.003918702811790468,0.0024439221836972803,0.0011033240926400345,0.0034966886628284176,0.34768128272920185,0.20092351173562287,0.13917015931584803,0.017602143794085937,0.10267576384828889,0.012312684747519287,0.0026739383892217306,0.0028059847294302108,0.003918702811790468
5,0.16060856967369827,0.11843386804158529,0.0020661972868537323,0.006990876124858545,0.0022485088121643564,0.07459433525927692,0.07495066584772585,0.0012034368057206397,0.0017179617890693956,0.001005911837020896,0.002466106439148003,0.13148245708657275,0.046471400906912236,0.0033977466494928047,0.01257036304461977,0.13471358759727525,0.2073316189958047,0.002682034236580951,0.0027799745314032033,0.01228437903421645
6,0.02275885088864599,0.03588416013313448,0.015856681723030407,0.30629037884755295,0.005115697156446976,0.032498094220633,0.1859451934171514,0.0039530387117999366,0.0024497704692844667,0.0018024217960538563,0.004831491758866588,0.14905728055302017,0.003444231748894993,0.17615860428993288,0.002244305849279963,0.037728673037174094,0.0023346805814657336,0.0018024217960538563,0.005702744371121219,0.004141278650457075
7,0.030117431577213673,0.05511380818320724,0.005511380818320725,0.0035280062119933124,0.0061199843804063256,0.018933469203617295,0.004274315218376515,0.0754807374763269,0.006735284586532689,0.17223065057252265,0.016757576812461667,0.0029245314652049832,0.16693124593952194,0.04592817348600605,0.004358125320697622,0.06516835427068425,0.09841751461287006,0.1955935631043266,0.011113219567778939,0.014762627191930514
8,0.03207074765665901,0.1342962558122596,0.009245182762313552,0.008889598809916877,0.011556478452891941,0.003789009328817029,0.0265689733096265,0.006700426247949584,0.005252944751314519,0.20328083902628302,0.07162466976653846,0.007969985139925476,0.0602468835701585,0.011614811313492727,0.0014721628602410114,0.009621224296997704,0.2482988551906667,0.042974801859923084,0.023022215282101646,0.08150393456192309
9,0.04522166312125747,0.18006639012733283,0.00799685912457318,0.015052911293314219,0.006397487299658543,0.20997252135477446,0.013006040631862148,0.004396400944708114,0.004411175030050845,0.006846930044177431,0.007754530060192173,0.0142988097308123,0.0018543441448285632,0.06646086762881558,0.002907948772572064,0.11976892921313424,0.22275357167120613,0.051787689061414725,0.01421663844368565,0.004828292301629088
10,0.3247446467326071,0.27525430850182964,0.0029669455249000483,0.005183362102779376,0.005412039842607878,0.07968527201112102,0.003643749597003324,0.005183362102779376,0.005841566814243423,0.0077723324025998726,0.041705198257852974,0.004488033040211411,0.004666164310963457,0.005183362102779376,0.003016546797519145,0.15346461457648403,0.023050163973572624,0.03225264472565659,0.011152082099919261,0.0053336044825700825
11,0.04169646400078319,0.21620858401395243,0.0031201656197636803,0.002458312306480475,0.002360984395461678,0.030411935110739745,0.005070269132115979,0.010095316742591728,0.003989719972812574,0.013165928230669432,0.02828309965298796,0.003427787582275592,0.002409632854867,0.004056215305692784,0.001872099371858208,0.08651301070325731,0.318511214553649,0.21460510218123308,0.0060843229585391765,0.005659835310269001
12,0.007378611185826061,0.011925583340089193,0.011594960434869529,0.016232944608817336,0.015663367604999184,0.7903248503098068,0.014171618309284978,0.013129587551249315,0.014171618309284978,0.004699010281499755,0.010262206361896018,0.012230300732670597,0.006200083010312177,0.01373556851515313,0.005760077119257764,0.004333571881893074,0.005686700340668493,0.006603865425454539,0.020763068685696592,0.015132405991270399
13,0.004696626113342109,0.12093812241855934,0.004730925047137426,0.005782241724279076,0.03225016597828249,0.012340624736587685,0.008716261075211482,0.09912960853980272,0.004265588157255056,0.22975783213469161,0.09651066693849845,0.003771027211486354,0.006055637059346626,0.002343481507203769,0.001182617441795827,0.0014868621576717624,0.2329178653987069,0.1149510866552643,0.012390517980598021,0.005782241724279076
14,0.006522650544243996,0.11958192664447326,0.0025468468872833637,0.0025982983395517146,0.004359856535857962,0.0019054187823379237,0.0018776024497490491,0.2279924355696138,0.0016812518667687563,0.11312226729144309,0.15599528298812518,0.0014211687050586725,0.0011853987816388004,0.0030262533601837617,0.0010673507701892935,0.00407087409853526,0.10529063053772791,0.2350641288580382,0.008038485487988118,0.002651871501191956
15,0.07747021742290909,0.5812712693070254,0.0057853739128695455,0.012334853814231297,0.004987143413765831,0.014246334558783923,0.0054478937679521555,0.007345474743306279,0.00871663002872345,0.012663400924898604,0.00695475800164105,0.0057853739128695455,0.0030548937016554147,0.00695475800164105,0.0016102149067838884,0.16219603001974595,0.0697525034551792,0.0050288250165712225,0.0038230833459313384,0.004570967743515758
16,0.11858852452547428,0.1250894233818774,0.0022813011771715933,0.00227031368418009,0.003282848035442049,0.06764094745834852,0.002070719530048062,0.02501788467637548,0.0015470893040588965,0.012105428069213943,0.3382699899904291,0.0032046849869791436,0.000435573875584013,0.005438670581820758,0.0011406505885857966,0.1571306084728035,0.1102284400146575,0.018668473303028635,0.0019506778181612176,0.0036377505257601086
17,0.04859111482354046,0.05548089976120665,0.0045958811056909955,0.0039984165619511665,0.006058206912047222,0.04460664340801014,0.0025630875397122856,0.07706432296099314,0.0031987332495609323,0.35544000942418824,0.1786964370076827,0.004876117758477032,0.0036283256822399303,0.006883267782174378,0.0011014921658267676,0.021281795519088806,0.04886486758310969,0.12390734280002819,0.004165017252032464,0.004998020702438957
18,0.29987600035496115,0.20916419434440067,0.0016622884728583426,0.0025002218591684677,0.13944279622960046,0.13863208229803303,0.009319196777720824,0.006027320553352558,0.0032454802979590695,0.029710823060284185,0.012223881487659781,0.004891738420112221,0.0008905803456140982,0.0036688038150841655,0.0009755200895599515,0.10379095299454891,0.015186374931909117,0.011290151967235493,0.003792471359412845,0.0037091203405246504
19,0.17433109456454832,0.00575364325168487,0.009284287974309677,0.006484264616978186,0.004211429596594081,0.3609509888137966,0.006189525316206451,0.006382947982337903,0.009284287974309677,0.0017383347696579823,0.007707710771125015,0.017267530397845357,0.002375050412032709,0.015195426750103914,0.016495957058439183,0.2663328873319843,0.07597713375051955,0.0018303792938969862,0.004642143987154838,0.007564975386474553
20,0.19666599199835488,0.08631151709268463,0.00420213046449712,0.001816404781427787,0.08727053394927001,0.2497209245837515,0.008445535543477743,0.004615454772480444,0.0026312405712271684,0.0027177674932298617,0.0028154274112130707,0.014280632828062365,0.0019152567423218166,0.01904084377074982,0.0008137073442812343,0.13287925520919,0.016029281745784284,0.000857164265810505,0.0011569149285725864,0.165814014503613
21,0.0645200415629738,0.07766003955773744,0.0011391723475165226,0.0012181248864533117,0.10852143382098343,0.009292632720542015,0.0035386249599486676,0.06699970369011292,0.0014646501610926723,0.2094435565254486,0.1756145503379176,0.001281568890956088,0.0019223533364341326,0.003237647724520644,0.00044415383946492593,0.05060052604600121,0.07837914970342993,0.11505390379510409,0.016642260417697972,0.013025905675663708
22,0.1104356540957656,0.12792822368407566,0.007227693162614417,0.02868207522328601,0.0030589946584555897,0.035889365920419414,0.054987635642356904,0.012678308613191643,0.0013342423510285019,0.01419970564677464,0.026917024440314557,0.05443220497930278,0.013633298093146333,0.1645463339297801,0.0031956284723661113,0.07571102331746844,0.12303920790329376,0.13800276581463408,0.0019002845605557452,0.00220032949116981
23,0.06261955243525076,0.029301224535739988,0.004972698714698989,0.05217463813212532,0.0031172141196620525,0.006740299046849909,0.3272318897259248,0.003263333531521211,0.18422004187352523,0.001071042800089013,0.0028610047399638015,0.12484249997052481,0.0024570981884395,0.06597203888473836,0.0785776682672947,0.017514641733769397,0.022710160994016654,0.0016575662382329961,0.002900740916907743,0.0057946451507247
24,0.10333296713269037,0.18345462873994672,0.003758032681596725,0.0009149172587200476,0.03113798507608715,0.004218694752244065,0.002476885176506932,0.07897315055529348,0.0014293579622239449,0.09204259319123169,0.18637663531049262,0.0014836373785109302,0.004425703462591067,0.005859298267005645,0.008774050879490658,0.017194396560509796,0.02698222484485688,0.19997468752537972,0.030064261452773796,0.017125891791847928
25,0.0022476799462240486,0.004455222750551238,0.21955549201803368,0.051807775010967776,0.005423749435453681,0.0861570162547042,0.031993539623221795,0.009595864385802668,0.006743039838672143,0.002028394097811946,0.006743039838672143,0.13901368785619989,0.04585120649490796,0.07482360073172838,0.009132014262533777,0.16752172830492523,0.0804104295863641,0.0025720873611429825,0.005940297000734984,0.04798413520134751
26,0.07967266825968533,0.06282432622627517,0.0028826434806660884,0.0050713172345051545,0.009354357397662296,0.0071072212630283365,0.04813701752742976,0.24130345640049589,0.01725006923501115,0.10301154705117997,0.08939731826522668,0.07284578108988672,0.0020436651542035692,0.014402180446212135,0.04047885564806593,0.01264843472634281,0.04585966075407144,0.11422459833069576,0.004416953720375458,0.027067927788980258
27,0.08836266625830294,0.021065092414944257,0.03478588490162123,0.22575385350370886,0.007899409655604097,0.001807460227284711,0.09997690345373937,0.02016870550367003,0.05666584933152816,0.014008805300578693,0.028822170365041977,0.02078792014632657,0.01537182419468905,0.17661887626209166,0.020560107322805176,0.035547343450218434,0.0645118455207668,0.04394756169364609,0.0033110481271115652,0.020026672366320244
28,0.05808286418224551,0.06376163477982355,0.019310666533317984,0.03072151493936953,0.1158639991999079,0.022529110955537647,0.036865817927243444,0.02057941385482014,0.006789536144824049,0.07573989052756626,0.12826225540714092,0.019878627313709697,0.0012116244221342875,0.04121178833330059,0.0015019407303691766,0.10285028914484577,0.049581713993128336,0.06013668385029551,0.036393179235868524,0.10872744852455127
29,0.1059084362661103,0.09398058622279397,0.003704785149028156,0.0029760518970551424,0.0015006432132861872,0.07709344963588569,0.07214671265588224,0.05730910747707537,0.08742152447599479,0.0019857997533730934,0.1568459783583116,0.016152913257042715,0.01523350006652855,0.012174757760680128,0.02622645734279844,0.037367921411665374,0.1623842349824555,0.05772851044829842,0.0013959471751499417,0.010462682450584487
30,0.1779712939434649,0.00679409995665227,0.008639411055989922,0.00897169609660492,0.011286972508631997,0.6192790723717572,0.015212875989895298,0.013721417559513407,0.024130768811558064,0.00321005640153754,0.02058212633927011,0.012277057816406731,0.006420112803075082,0.021868509235474492,0.0024046173700333837,0.021688195934703593,0.007606437994947649,0.0030309794268741277,0.006860708779756702,0.008043589603852687
31,0.006769755977175462,0.0178606327908459,0.013539511954350925,0.021524352337686087,0.019522087003947846,0.0077726827886088635,0.009591711514827567,0.024689698269698742,0.020986243529243935,0.004586911964739603,0.022090782662362033,0.019986898599279938,0.7412352989354609,0.008071632126632282,0.003167734872338707,0.005181475776537399,0.006112488144779088,0.008654121042987187,0.017131627370811375,0.021524352337686087
32,0.03864193276249271,0.004852500773170168,0.0069587252604866225,0.0021810929920928214,0.16233820768423832,0.07387932427151579,0.0418061605073122,0.10939201118162589,0.0027728575846686673,0.059527638862263095,0.12906386515823493,0.0018497877274711273,0.0015884046790241202,0.007246401154600782,0.0008029298377484565,0.005627752375984336,0.07740981174277645,0.08748230611505516,0.11782478439853811,0.06875350493070019
33,0.30856557679823965,0.1423709445093399,0.0031771192519069024,0.011283740625626154,0.0043184686344988985,0.06720616014105486,0.006030964817145013,0.005069506657890012,0.00896912716395925,0.003320605119751368,0.011659865313147026,0.00442779695435963,0.0022422817909898123,0.008328475223676447,0.0037212336105788375,0.3003448141397759,0.05515093298412913,0.033595684309684355,0.014574831641433781,0.005641870312813079
34,0.37156382813488076,0.13229396315041597,0.007651066878194888,0.004725020167315401,0.00793978638303243,0.05352063466484066,0.008587932210218752,0.006787236746785789,0.005009627122627605,0.002550355626064963,0.006375889065162407,0.008092474582706132,0.005195168867910109,0.005686603760820526,0.0026974915275687107,0.005930388643714911,0.12185465280964168,0.22773729706465026,0.010263626300017533,0.005536956293430512
35,0.07677077404138782,0.23907562742341273,0.016072526911799324,0.004748701133031618,0.003942317921762097,0.051661954064234794,0.007738624068644118,0.08373855063371823,0.0029428570401886073,0.01893105720670045,0.03956923000179169,0.014924489275242227,0.006964761661779705,0.004352976038612316,0.0019169068793889095,0.1014733306694522,0.11997729096799938,0.18366363681257833,0.01689121280708894,0.00464317444118647
36,0.04120967088041979,0.017189534241384325,0.013784829957490544,0.008061126077248766,0.016793909763180476,0.4633015917583337,0.010916108229607703,0.012475552262408806,0.006237776131204403,0.0025559668049813166,0.006022680402542182,0.03652675373491754,0.018037903078971625,0.007705488162076026,0.002403546766152155,0.10187169758311306,0.09549478100632039,0.003445469421037677,0.12987290216859573,0.006092711570013602
37,0.0028421416662695463,0.0535100718327469,0.011752639863222718,0.0064902638050632925,0.0037136061225111656,0.0029784087324605524,0.016724910574586176,0.07617214734323392,0.005435595936740508,0.3848676977052642,0.27795509535343527,0.010353516069981918,0.003685149787620683,0.005797968999189875,0.0024158204163291144,0.0023505279726445437,0.05868846588107725,0.06176779896743007,0.0036237306244936724,0.008874442345698787
38,0.013274822316195088,0.06637411158097543,0.018036595191918133,0.013707812345857781,0.010079273783718956,0.009802945710420986,0.015577059483929295,0.09480211997557958,0.011054687375691756,0.3012191522698708,0.2526793765013686,0.02015854756743791,0.03802806668197078,0.006719515855812637,0.003607319038383626,0.005114855352932008,0.008787059196062678,0.0884988154413006,0.011423176954881485,0.011054687375691756
39,0.057218511948827225,0.03624702114405345,0.0035318729566739815,0.0049933376284011476,0.14320024573937343,0.047517103348507034,0.004022410867323146,0.12734566544855325,0.003712994646759827,0.05709132446879144,0.1575246336143772,0.0030809955579496435,0.001956848530049098,0.003712994646759827,0.0016270425980183512,0.0310721126476276,0.14463979955549322,0.13038267212756877,0.004207243525649061,0.03691516899924337
40,0.10058303305490021,0.12232058041287681,0.006668360887783437,0.005798574685029075,0.0028977421004336497,0.14078508448513122,0.007209038797603715,0.1943028965392481,0.006350819893127083,0.07969728936167167,0.030054196661640498,0.004939526583543288,0.0025163625991635615,0.006350819893127083,0.0019758106334173144,0.017710508747038146,0.024571336459854726,0.2349084228583817,0.005129508375218029,0.005230086970810539
41,0.10688299164167857,0.007247376776669299,0.013092035467531637,0.00882289346724958,0.007804867297951552,0.33567764809103956,0.010969002689012991,0.004557585962907322,0.005073163743668508,0.0017722842772641078,0.0047747423469821255,0.025770590487858555,0.003098115263309013,0.005203244865301036,0.0016627188899839512,0.35836524060902086,0.08468520346159406,0.00319569369679906,0.0038288028254101956,0.007515798138768162
42,0.007791258645351928,0.01228113650877507,0.01393436642341787,0.012939054536030878,0.00754778181268468,0.009618333197993992,0.01811467635044323,0.007469969629048755,0.01065569197084896,0.011347471750442357,0.008050967266863659,0.0071741292477002895,0.007791258645351928,0.010978591727541355,0.004164293413894995,0.004003243392363145,0.006412274814316187,0.005796696432141832,0.19368424385001617,0.6402445603847727
43,0.03926258850639016,0.06683027762311042,0.024096555953099227,0.00835347273040773,0.005644238331356575,0.004933153187248659,0.010618821267467453,0.1598685072552837,0.007930512085830123,0.003144912748286237,0.006262633609031826,0.017403068188349444,0.005855237895145605,0.010105007335170644,0.003116967436719302,0.003820185699881584,0.048939338955699095,0.5536956691884105,0.012660394208104764,0.007458457795006903
44,0.03712626803619002,0.05850170309908152,0.017220713774450738,0.013354839253655675,0.027000664701878545,0.005320220515683967,0.007980330773525952,0.13518278088442007,0.013633065071440168,0.03165178849753773,0.015580645795931622,0.009766971991479523,0.006415560033618903,0.010906452057152134,0.003895161448982905,0.004641043428575375,0.005499051457387631,0.5776221477766645,0.009216720048297579,0.009483871354045334
45,0.21447186252032488,0.36257694272578095,0.001203392987501009,0.0009025447406257569,0.0009025447406257569,0.004397258604874166,0.03295473583652886,0.006113996553352436,0.000966064390464779,0.005900912193801568,0.06726998829016212,0.025504099908270163,0.000454197570076838,0.017166221092104913,0.002242822856254914,0.060242227927380834,0.17747912172079042,0.011251808783060367,0.0007537736295335992,0.007245482928485842
46,0.009117912866112306,0.03880540297184701,0.010621841414039664,0.014016624436896264,0.025074260381808842,0.6216848208030168,0.006941005280461564,0.00865483374477306,0.0071534850339450805,0.0026655571609377113,0.008446283534055637,0.16075005285871968,0.004052263198419757,0.006491125308579796,0.0065516766371823305,0.022383889096207036,0.025947493330429047,0.00319130390521769,0.009104435497748285,0.008345732539602595
47,0.005640367090042853,0.012086500907234683,0.00909957138088554,0.008938891301992024,0.008905842773751874,0.008321853083669783,0.005599736234391103,0.004853104736472288,0.32161351845144565,0.0062095784477536,0.003433484461924939,0.002349975536824101,0.002033423772264925,0.017135292425446643,0.5532974014807017,0.01010215001201705,0.0017669070642496194,0.0066357259882857105,0.004232358781807229,0.007744316068838758
48,0.03414451040405197,0.041225616254892294,0.004500220426064948,0.004330400787345515,0.008891799584388531,0.0835443536667644,0.04459171134857532,0.004993037433960851,0.0027651956834856906,0.0008376322690850814,0.015063754590022923,0.1697104338930566,0.00533507975063312,0.02095924187748726,0.0007675961261849909,0.2028297320563139,0.33243713019020443,0.017783599168777066,0.0021449648759748817,0.003143989612730306
49,0.038163250231552315,0.2624799244132235,0.0028836160278378872,0.004860739340985619,0.003344994592291949,0.0025923943151923306,0.029164436045913723,0.08655251987819558,0.0031359324302737026,0.03657604585025893,0.05993958656626541,0.029164436045913723,0.0015679662151368513,0.0026407852044410124,0.004761540578924689,0.035811214493587075,0.16803550716609358,0.22189644912185105,0.0025087459442189614,0.003919915537842127
50,0.01859637251095413,0.009535462773874223,0.50614625963455,0.18563942046704332,0.009379143712007433,0.004256144945403658,0.03545708358755253,0.009535462773874223,0.007063305758425351,0.002577152101047088,0.007628370219099379,0.0500137461946121,0.0029491121981054303,0.07013489061274128,0.0029954333321070867,0.028835580026021643,0.02185710632109403,0.004540696558987727,0.00853922039451423,0.01432003587798511
51,0.004075537146136617,0.05494619069309128,0.008151074292273235,0.00787937181586413,0.1665036081608826,0.002900382263508268,0.004221092044212926,0.0555289767557945,0.005561909517080561,0.18461920072878665,0.41867801062315047,0.008294075595646452,0.0022949626648147946,0.0036088725874186857,0.0020377685730683087,0.002328878369220924,0.002655816397589478,0.024819202128312984,0.034141322372406226,0.006753747270740681
52,0.0038004963209081477,0.056212243561431965,0.011797373996152376,0.00871190695100483,0.09915644559895566,0.004016127317839106,0.01132547903630628,0.038286956342756015,0.00820686886688861,0.0025280087134612237,0.006741356569229928,0.010486554663246555,0.0026338323340247168,0.017745358979086356,0.006086076875293586,0.004966468393517881,0.023809099735759075,0.1316114124282238,0.050481089698496795,0.501396843617417
53,0.004332769390691303,0.008665538781382607,0.011491257949224759,0.009273646766041036,0.005339372380447868,0.004986772317588104,0.005082671785234028,0.4681872004006156,0.005449462532622051,0.25619089591702454,0.005182332016317049,0.006776008133058242,0.002298251589844952,0.005449462532622051,0.0020568010337133815,0.0026168211171501933,0.004302165536060718,0.17728980697304192,0.006218798419580458,0.008809964427738983
54,0.046868994689859125,0.07185534169174392,0.039314791329657865,0.37162051562530707,0.004600962960704855,0.002754523877790407,0.008947504233646273,0.05430926988329481,0.004186430849999804,0.03782354062405016,0.06105355830017455,0.004757813970728884,0.001828330259494069,0.055278488449081745,0.0018691412027863473,0.028102269614701293,0.06301599410268018,0.13326432256688914,0.004186876294241418,0.004361329473168144
55,0.0316023848285857,0.007964435188733132,0.004531488986692989,0.0037546623032599052,0.1521684643066994,0.005692983631910651,0.14955317636293886,0.004131896257406349,0.04919691166729086,0.02994997254996684,0.0359399670599602,0.016568933966625718,0.05566701564620503,0.04344742684581856,0.23214094463091695,0.02443917760077294,0.004953887351508028,0.004525773629772766,0.027154641778636596,0.11661585540629861
56,0.1058602882885783,0.06560739094942318,0.16980736481027178,0.06747088820578574,0.002006602774240018,0.012958983103941793,0.02701480803799778,0.0027999108477767694,0.0024079233290880218,0.0013732330115721926,0.0024570646215183903,0.05739409766314547,0.0010846501482378477,0.05311385987131767,0.0007817932886649422,0.1317102242433148,0.12204996075273512,0.09900763892941514,0.0026754703656533575,0.0724178467573218
57,0.1578275209557209,0.09111924015080543,0.006543866416993022,0.006150290227141362,0.006654412376907046,0.3588173372434315,0.0060584948506168645,0.00943998034863558,0.004950233597455243,0.001970481334909368,0.007517021388728331,0.007121388684058419,0.0024601160908565445,0.016769174101545346,0.0017803471710146047,0.0746627884511896,0.18286630040182114,0.047591899674455505,0.005138217151788986,0.004560889381925055
58,0.06032048644519731,0.033535365138498655,0.3057273650290791,0.19104376631599806,0.006536244823147419,0.019246571671431283,0.039536430479072085,0.018222990867712473,0.006792568149545359,0.002002433385126088,0.028240307485051495,0.12773584141704133,0.04531000445379371,0.017885528073865946,0.0018725458141989903,0.03238444728167443,0.02575516042636696,0.01625957097624177,0.009198271580845347,0.012394100186112183
59,0.027323240495921584,0.008710501762939422,0.007199496355082583,0.009045521061514013,0.01855918222364485,0.004581497680507098,0.006850006240758186,0.6271997395209219,0.005427312636908408,0.047691474320154026,0.06222519003450752,0.012369830126551575,0.016462538206747736,0.006243810998213212,0.002458364609052589,0.002239843310470137,0.002977006931637524,0.09700915917835826,0.008931020794912571,0.026495263511196684
60,0.06130733361897166,0.061193470808338306,0.05245154640714714,0.049961757811871156,0.03949113523096252,0.060116120970163354,0.04455835253034344,0.046259395028479214,0.016823713518276755,0.07273341599537789,0.054528835373766814,0.03887585204294434,0.0004310308892604193,0.06681787069881058,0.021209100677889985,0.0880521435160705,0.08696520857894881,0.043163251730881494,0.017391828545527732,0.07766863602596788
61,0.007270474360995671,0.007853774935528718,0.014320631317112685,0.010501796299215969,0.016295890809128227,0.004004922317497615,0.01350230952756339,0.012602155559059164,0.00750128307086855,0.0027095782752825604,0.00768424119454827,0.010273496379667795,0.0038736133890550713,0.007214974556713261,0.009745431215516456,0.003513612144719097,0.004238393125244114,0.005592672585381285,0.8386985933778428,0.012602155559059164
62,0.03530245868661936,0.052284556460051944,0.2802868126139717,0.2302362751576389,0.05302723481885949,0.01772999112816037,0.007991545592795152,0.0089781561598069,0.011804472085222424,0.00394162953357376,0.03755651238679788,0.012758432437620326,0.0012970292459573984,0.05386893695884139,0.004595454337721066,0.0011000121453056417,0.030301277039348287,0.05985437439871267,0.02656550315778479,0.07051933565521054
63,0.04800108032035481,0.06103896773819555,0.0648516337777616,0.06816077869618253,0.04285810742888823,0.006419597368071769,0.04492538084604636,0.023820084971003137,0.053207818117125126,0.05882559701080145,0.05586536307395856,0.0678942070349482,0.0816718582412476,0.07584899954543557,0.04143135067437611,0.03042754878019077,0.03896489622065335,0.08546088996245542,0.015511869850068579,0.03481397034223535
64,0.002943434371750109,0.07748397122481662,0.474178356845135,0.04151513478472116,0.026216381241479306,0.1509922416924634,0.029176883019134542,0.009566161708187852,0.008782050092762618,0.0022991633290065224,0.006087557450664997,0.11374755421665711,0.0027613662662810297,0.006957208515045711,0.0026260051747966653,0.009139655845653336,0.014396278716419273,0.0054142526476968125,0.00957906237669436,0.006137280480633543
65,0.48357375870684355,0.3556005396741668,0.007919417051831034,0.004015172624096305,0.006428703253839311,0.002495158797152244,0.0067461700811894,0.0067461700811894,0.007189997060215019,0.001903971346955894,0.006280916972141856,0.007096620475017421,0.0027459285255092536,0.006583611765980018,0.0024725781745535812,0.0021671662147733886,0.006950019501447095,0.07053684992135073,0.00535725271153276,0.007189997060215019
66,0.006283223958134253,0.025551777429745952,0.016095724876665482,0.24221686215800278,0.014463270243252427,0.003698695643630762,0.0038142611429095464,0.10358828687734845,0.02328191458096063,0.09706820476104609,0.03500243483526843,0.004225027727530574,0.21774558157522633,0.04880676587704282,0.0017381443182878946,0.007147350329998869,0.029841491888754394,0.10883030795044576,0.004359155591896624,0.0062415182338519835
67,0.027697119476859516,0.15627109274451834,0.007678979640185069,0.009567253322197789,0.0571020816924966,0.003558551540573568,0.0079945541459461,0.10263495691799793,0.006631846052887105,0.002779059298352692,0.011910254135797249,0.008582389009618606,0.003334871158023229,0.012913157523706696,0.013391422617177318,0.003393037515430611,0.03190309505856949,0.514840355913758,0.007204968551284757,0.010610953684619367
68,0.019305704040551094,0.027393668775802918,0.009980639011339047,0.007445286058316745,0.0053058360415590596,0.029878748432679562,0.0043547899586380955,0.004758842635212765,0.00496352403887783,0.004087309309405515,0.004274145700144798,0.026133443893658893,0.0021470127237936663,0.0043140909870620385,0.00186885722921311,0.421403108719398,0.40870793957983464,0.003098038494064686,0.005017475387126502,0.005561538983320942
69,0.005253192360608335,0.012982889691217745,0.011503826308673947,0.02167480622554908,0.010097803093169355,0.8042058780188416,0.013769731490685484,0.014898398006315445,0.017476966892023885,0.004188028932650884,0.01195792471559529,0.011360028479815525,0.008114306057011089,0.012622253866461692,0.003817686286557112,0.004544011391926211,0.0076369939360104375,0.004138702977642415,0.009878285634622194,0.009878285634622194
70,0.020745994898325765,0.05056836256466904,0.005178694412101188,0.004461644416579486,0.003919011987536036,0.06317248896967666,0.005918507899544216,0.009982440653019968,0.00199945116506566,0.002963713556903681,0.003718037013816239,0.25530120185365773,0.0023771056317841524,0.0052728524923212105,0.0020567864331749405,0.13364178929477755,0.39760157765965065,0.009220442177033673,0.01541131049589914,0.0064885864244629814
71,0.2745113206751815,0.04247785085492531,0.008151277313448668,0.008044023664587502,0.008261429709576355,0.002445383194034601,0.01091688925908304,0.02723066413720836,0.011534826386955665,0.003533790742824568,0.008374599979570551,0.009262815128918942,0.006947111346689207,0.011987172519777455,0.0022640616859837476,0.5388487524734055,0.004528487396360372,0.00621078244457318,0.005608677050538076,0.008860084036357251
72,0.00204558142575412,0.004405867686239644,0.005454883802010988,0.00954604665351923,0.008870825544453386,0.0026640130195867617,0.0020517468064235283,0.0389450877561368,0.004463086747099899,0.0595415519991106,0.007311865521844517,0.003436576795266922,0.3031265461110645,0.005053789404804298,0.001583675942519319,0.0011891269187774818,0.001516507751874844,0.14088958217661254,0.006248321445939861,0.3916553164909607
73,0.019174853445997245,0.1162031627815296,0.0033265910542887587,0.0018185364430111884,0.0020665186852399865,0.0006463992096011331,0.14039795620524986,0.011701577231147038,0.10563923889229966,0.05228104063634607,0.10538468650942664,0.061119845359116236,0.0006525848479705219,0.046184978564618326,0.1202055721151298,0.04474132470732692,0.10097145856915152,0.0641660562160635,0.0011177760551015553,0.0021998424713845013
74,0.002077665349243312,0.005437840173328173,0.003897920832208691,0.006203733155487072,0.03295098916834285,0.001966361848390992,0.0023060997593695397,0.38995096632728554,0.004004227763996201,0.39187290822387677,0.00349575439713954,0.0035810166995087975,0.004306902633163511,0.002294088823122824,0.0011207762189302344,0.001473127271035392,0.001975179614527274,0.13377268543690105,0.00361036929540641,0.003701387008735984
75,0.06515561752151433,0.09648965000039703,0.07393174871464263,0.1110743605959644,0.0509603160180624,0.00037700284336175444,0.06797454297768334,0.0442196985900762,0.03772037475884247,0.054894066970511086,0.0333802032433806,0.0463488822586984,0.0010131341988681172,0.05319969891913782,0.03182434631254506,0.06049531922568739,0.04292050872765408,0.04659523824415689,0.06106134739642792,0.02036394248238805
76,0.005283012496494459,0.013096715092598916,0.012914816271868376,0.008228909482960383,0.009892199697601311,0.004042899006845753,0.012914816271868376,0.011069842518744322,0.010447941253646325,0.01846088355080838,0.008225012311779014,0.011069842518744322,0.004720135896317377,0.011339838677738086,0.004188589061146501,0.004132741206997881,0.0043861640168609585,0.8250273617035969,0.009488436444637989,0.011069842518744322
77,0.04980424589030275,0.038690530367421185,0.030653367054381996,0.05338418583437507,0.08187415458396223,0.0002483315558083666,0.043506440265475725,0.056746111205551064,0.06215373504052982,0.060206551380327024,0.14981833147829204,0.0396577936266067,0.00034675564804948747,0.04758935235192806,0.05287705816880895,0.04684540194757303,0.05090953024149057,0.03150441957137069,0.04700182948338573,0.05618187430435951
78,0.004121273607176006,0.01101648137302817,0.010808623233914431,0.008679651990870679,0.007847356594485818,0.003870655617550438,0.004005993226555697,0.30685575257235626,0.005255569095389586,0.5070387100227547,0.00465477066411637,0.005905742591726441,0.002186477219074293,0.025014423002182262,0.0070119727537831895,0.0028932173302902266,0.0028642851569873245,0.06614720278322622,0.006661128272063543,0.00716071289246831
79,0.004400785157722355,0.006246254328998034,0.33695821191687253,0.004948331351543898,0.005291965473178892,0.002609736397732056,0.003968974104884168,0.005291965473178892,0.005219472795464112,0.0019539564824045137,0.00614550829143355,0.10995940523274204,0.001934119360755737,0.005686888269684778,0.001994877037009844,0.48469647620087053,0.002295310325716146,0.002152663921293108,0.005366500198153243,0.002878597680361689
80,0.0072010593616852565,0.012979176872592736,0.4118700673324826,0.47146385109612055,0.007001924365477659,0.0032054954321315545,0.006822387843285925,0.009335899153970213,0.0174506997725503,0.002608560057726971,0.008869104196271703,0.0047513058194312684,0.0024983392102173813,0.004973329455853292,0.002892099194436425,0.002145751015227025,0.0032647009311429585,0.003244794218148184,0.011086380245339629,0.006335074425908359
81,0.028301941276400372,0.06501811261964989,0.004833459106874961,0.0021504058154548796,0.041576303114004086,0.0037750742781516174,0.19333836427499845,0.0018847525504660629,0.0016410991749524083,0.001740045278474986,0.008285929897499931,0.3870405247128746,0.0007033282178367464,0.019478118788899098,0.0031113318145463247,0.16601718504974156,0.0006954844087158905,0.0009354265297228727,0.026859759332164217,0.04261335375857108
82,0.0029803779867086347,0.00707649890207917,0.016184434937124067,0.005757548383414409,0.0071361163062037755,0.4481917532424947,0.011014440385662344,0.006846814293790108,0.0065800552953307525,0.002026657030961872,0.006178832411469122,0.00745094496677159,0.002459535231749844,0.006755523436539574,0.0019791572567987026,0.0019790892535799113,0.002102341318425178,0.008972375938781746,0.005277752684796542,0.4430497507373179
83,0.006605209673407779,0.012659985207364912,0.807074690788262,0.009907814510111669,0.012317823445003696,0.005996835098225484,0.006958159808628042,0.01012798816589193,0.012838294858172868,0.00484850497303337,0.011993670196450968,0.041114778932418015,0.005036016215084384,0.011686140191413764,0.00523861456856479,0.00425943427537511,0.0042396229531640635,0.006329992603682454,0.012659985207364912,0.008106438328380025
84,0.0057803856003246145,0.022441497036554393,0.016587193461801073,0.008477898880476103,0.3354917183634835,0.005610374259138598,0.011560771200649229,0.013151248847827932,0.006153313703571365,0.0025673594969080043,0.010900155703469276,0.016587193461801073,0.0038929127512390273,0.009782191015933963,0.002847055594189736,0.0037039364040915017,0.0041022091357142436,0.005694111188379472,0.17096810842341853,0.34370036547102845
85,0.0009668454556700757,0.015471113964965442,0.0018581561101159267,0.0017235071166292655,0.05302550114294557,0.0007981341681034853,0.3100988586272228,0.009208996407717527,0.00491146475078268,0.000538108556775653,0.009433606076198439,0.0012259999077053536,0.002962143471497071,0.01240395434508891,0.10229879438058785,0.1046207454065481,0.13978158785754022,0.019053096015967292,0.02125153017165582,0.18836785606628256
86,0.006214593893570673,0.01194493371751246,0.010949522574386424,0.006616977670852227,0.008221963961419013,0.003930597847215638,0.010820704661746582,0.035631959526093104,0.00652311983154936,0.8162326596228732,0.007601321456598838,0.009385305063759793,0.005109777201380331,0.007861195694431278,0.002804146025147742,0.0037388613668636566,0.004716717416658767,0.02298836098457619,0.006915487941717741,0.011791793541646918
87,0.003480386435809926,0.021780001922954633,0.006403911041890264,0.0049260854168386645,0.006041425511217231,0.0041050711806988865,0.00561746582621953,0.15121764119068157,0.007115456713211403,0.40450012914622585,0.037207503285047495,0.018224083241655916,0.002910868655404666,0.0119064010512152,0.004650937910630938,0.0023035651229821093,0.0052221057242171935,0.28190828328635165,0.005082469080865288,0.015396208255881724
88,0.019392774084693,0.06953789746835459,0.19514941113534176,0.0784359932385073,0.012633762152659014,0.17966171227510064,0.05857471543505544,0.0015076123816363746,0.004624341607495042,0.012039698101593544,0.0246321706960934,0.11527002823583102,0.0052259969161387735,0.02579834584212415,0.0037730973038013777,0.055506740815169375,0.03762031710850315,0.021190264701505347,0.003985239320882582,0.07543988117951413
89,0.1359454748242391,0.10668804360784385,0.1614908428549522,0.07291866158052716,0.08415672251024324,0.04568012316406817,0.031886047084436604,0.012180578258061526,0.00495808185287566,0.014087103550627676,0.011314403804154927,0.023858864629192678,0.0635913973022221,0.04114328656056336,0.0034749397432908254,0.054904047943995046,0.01748589678823943,0.029239936517335852,0.029189493843642934,0.05580605357948755
90,0.03351723221252024,0.14803444227196436,0.14029614140167676,0.10741252184725153,0.025970954784555154,0.06856799553190933,0.06646444346904523,0.024304162164053855,0.0031223604655844298,0.007656953910618846,0.03454136986345836,0.07207526523665529,0.030342463322824996,0.03927444386807218,0.0045250702877893045,0.06756443775489655,0.059535590913724803,0.0300069815416144,0.00965442014817159,0.02713274900361276
91,0.044945503501119324,0.003706213502249023,0.003538174632493761,0.017359903468686298,0.0640981051151494,0.29666824238145956,0.006187688365076303,0.010592483472418755,0.018381074260961958,0.08668751796621416,0.11804734358706682,0.0037774271061808582,0.0027112178423394865,0.006465211777886469,0.006882505086150855,0.04328246397467291,0.03494822671985531,0.006110568366340812,0.08830907416679551,0.13730105470688253
92,0.018501347080524744,0.07461732699702302,0.011944781071664544,0.008443724550659422,0.02528698303788002,0.01852418524867955,0.007202000352033035,0.1517218982272801,0.006897690478003471,0.07362018990579268,0.032983021353756546,0.009994612733433599,0.4320908173177722,0.0037832434909988717,0.0061787198373100495,0.0032219475259095153,0.002770955131504087,0.054756775300071024,0.030685327731360023,0.026774452628343548
93,0.04912996600300393,0.09588267558650769,0.04687597473118153,0.04664562596100373,0.04794133779325383,0.014894396207612843,0.02206472526289445,0.06275956947480502,0.002578911986986463,0.0250870929693694,0.09188756410373652,0.0585949684139769,0.18131119692279477,0.057760647943679314,0.04511945837914127,0.048450692447887626,0.026122321644578804,0.04240964497095532,0.014981668060391825,0.019501561136238847
94,0.018234551248601523,0.0383285468679486,0.006445507027830417,0.0032227535139152086,0.11618682013531996,0.014523352516914995,0.013485970194278211,0.06293765520560626,0.04854949269940156,0.09293659302134351,0.15314326131427375,0.002900478162523688,0.010998266954556989,0.0023203825300189503,0.008268770046126786,0.014824272579969941,0.05487264363758436,0.04328256020152411,0.16761134384317203,0.12692677829908905
