site,A,C,D,E,F,G,H,I,K,L,M,N,P,Q,R,S,T,V,W,Y
0,0.002358191686630717,0.005797960011490561,0.0064260723460687055,0.003672041340610688,0.007414698860848505,0.0023157017463310645,0.004381412963228662,0.006885077513645042,0.08037777881776965,0.029304502395877764,0.0025534062302259753,0.0053550602883905875,0.0014973372456859118,0.0026986314277451925,0.7945600968560191,0.001776794197069688,0.0017251200929043504,0.002561889307402806,0.03157393999198263,0.006764286680072321
1,0.12976644798388628,0.018770267078179147,0.006448901959041665,0.004152032768150114,0.006448901959041665,0.15840308427065133,0.007872685508440475,0.0046456681443220365,0.004299267972694444,0.0023679561880856114,0.004239138350698717,0.003936342754220237,0.004041311894332777,0.006123199839898148,0.006741509934345101,0.6168691816016055,0.001787407355280279,0.0032416940328872544,0.0034639816237138086,0.006381018780525436
2,0.003745685809528161,0.0055821794241871885,0.010470894422090085,0.003599369957593467,0.14021808026816812,0.001453373358271179,0.015357311819065458,0.03426143137774243,0.004473003442446251,0.11906526746222336,0.010989515724936252,0.010969508442189614,0.003543995035168952,0.0038393279547663645,0.0012833408205347179,0.0018428774182878548,0.003599369957593467,0.003362914996875648,0.4670240633958991,0.15531848891243236
3,0.031935812440973384,0.017172567281135483,0.02023909715276682,0.010692353212782474,0.01888982400924903,0.006227414508543637,0.16083993370470903,0.028334736013873547,0.008586283640567741,0.003498115557268339,0.015741520007707527,0.019541197250947277,0.5711738573266767,0.006296608003083011,0.0032514079507798737,0.004043601085561938,0.03175589341047592,0.008586283640567741,0.01491301895467029,0.018280474847660357
4,0.025267786583437337,0.06959602222433514,0.003708006141288593,0.0026967317391189765,0.0038453397020770594,0.10073424251263681,0.05173829236338403,0.0031945899063409414,0.002185772041180644,0.0011224234806062768,0.003296005458923194,0.20438831814158198,0.20953879182014676,0.1065300101580586,0.018123102101224017,0.14186018831901093,0.043218596900100346,0.002307203821246236,0.0034040712116747735,0.0032445053736275186
5,0.09533829900972064,0.20042013265714925,0.0024627505810730184,0.002270718682982451,0.0018578607406220056,0.0715666798426887,0.10848840921795799,0.0008533814964649492,0.00708462495925115,0.0016366380443839678,0.011003779192028383,0.15137877075887948,0.03306158314317203,0.002085353892534904,0.010361770145241641,0.10262651589282008,0.18032471279206427,0.007542173654536121,0.003005362962770891,0.0066304823336581255
6,0.023920102517568053,0.10968728337198677,0.018010532169074476,0.2760058487286318,0.004712522917388363,0.04218524158811414,0.16391955331459532,0.0042050204493619256,0.003496797605242285,0.0038972688393622114,0.03503982805801002,0.1522563957282579,0.003105981013733241,0.10657947700978049,0.0032751695880086193,0.03759580898330852,0.002039748725436755,0.0016976790634069885,0.004408489180782664,0.00396125114794964
7,0.023752106570721267,0.02255792127621821,0.00515609629170702,0.003435408347729437,0.04026110048133437,0.02859931367526761,0.017096529809344327,0.06249228250856744,0.0066338919818223615,0.26203281354455066,0.06598191973293827,0.003926180968833641,0.11307514968838496,0.032483406637754224,0.003926180968833641,0.03875861019277492,0.06405178773641676,0.1932325908385717,0.0083644724988195,0.004182236249409749
8,0.004129476717245539,0.053628890285772494,0.010943113300700679,0.0099482848188188,0.12335249436451881,0.008396442418479533,0.043723207681234354,0.04473578719436205,0.0046566439577449695,0.2199075395731518,0.09722196484555247,0.00911926108391723,0.08177360237444276,0.010455947162634887,0.0032125518818530386,0.01469377423233918,0.20487319501090057,0.012887562781852303,0.008754490640560546,0.03358576967391814
9,0.03200062711996505,0.07430456878879928,0.00665054342839472,0.05025690834442425,0.004642832204728389,0.12886386754980575,0.040411256709697856,0.03831424211563429,0.003699559651322913,0.02018349732707801,0.009842804274024187,0.00848934262574734,0.0046022809839216345,0.05637794205304002,0.006980126158947811,0.18846340629159095,0.24503195056437835,0.062375595462937895,0.014474712167682627,0.004033936177878765
10,0.3369721430546494,0.11299203699784052,0.011840051878779642,0.00514701960244297,0.006691125483175861,0.11880003889959871,0.0041303243723307785,0.005974219181407019,0.007965625575209358,0.007704002522580038,0.014867373289189544,0.004181953426984913,0.003838411639674203,0.006082841348341692,0.0032481191665902237,0.2860683979013083,0.0030100422881079733,0.04133581078200961,0.013382250966351721,0.005768211623427466
11,0.050693460147173346,0.05711158857615621,0.002507451083190251,0.0026429889795789134,0.002351379443540918,0.0074431143006519354,0.0038349251860556786,0.062192230879198264,0.003104463245854597,0.02195401795221979,0.02887308089127897,0.003154535233690962,0.0017943227934755924,0.005285977959157827,0.001715624425340698,0.140770459915541,0.3969538136679372,0.1967343805122708,0.006111912015276237,0.004770272792410722
12,0.007019372767688077,0.15727312909739166,0.013196420803253587,0.016093196101528765,0.010473349843852052,0.6658045029966582,0.014662689781392872,0.012937667454170184,0.009426014859466847,0.004488578504508023,0.011575807722152267,0.011183407460384393,0.004961060452350972,0.010309703752541864,0.0051148917842068166,0.005659415398247476,0.004340927895807101,0.006139994937718753,0.014995932730969982,0.014343935655710419
13,0.002437911577352024,0.0668574362581491,0.0062302184754551735,0.009751646309408097,0.06588848790658174,0.003250548769802699,0.0025487257399589344,0.14622620561723837,0.003934874826603266,0.2261255678922773,0.10063502914976508,0.004313228175315121,0.004352320967035145,0.00355935176413778,0.0010716422725842248,0.004030412824072818,0.09803802422064847,0.2387329459080941,0.008010280897013793,0.0040051404485068965
14,0.007236246156826095,0.05788996925460877,0.0029608615287638903,0.0026491918941571654,0.006064663445720919,0.0024918141578706013,0.0025421538378275826,0.25447017945898986,0.0014218826550561057,0.12870490185432554,0.16910774717192695,0.00141389455025242,0.0013316043912430197,0.0034954615270129264,0.0010574505459871038,0.0011235412051112978,0.1561437895931666,0.18904057689624912,0.008118491288546152,0.002735578586357943
15,0.04276581265171464,0.6639774582316611,0.0079721260529598,0.014857144007788719,0.02440910250558858,0.01248946591360674,0.005635468416747446,0.0071836740257439965,0.007345104902727008,0.007516415556968026,0.007601329492357018,0.004990185773608425,0.003268571681713518,0.010214286505354744,0.0017861047441057477,0.11723140998025634,0.044813317683820214,0.00544761946952253,0.004416988759072322,0.006078413644683117
16,0.16281629588829033,0.1406572085257626,0.004369401772065645,0.03333247912850576,0.009415188400304591,0.0727509130010378,0.002650292878138178,0.03226841842649847,0.004254417514906023,0.026362527520852864,0.17868089162636883,0.0024871979317912132,0.000540430525055379,0.011975458930211982,0.0013037731094066843,0.1171517328923077,0.1612039724343162,0.029656381739003743,0.003368080532633935,0.0047549372225420255
17,0.04859328652174786,0.019909749338771696,0.005394183790233933,0.0041042702751779925,0.008383052353167029,0.053399558920173784,0.002500615002095201,0.10966681602995557,0.0034017375253727507,0.38318216748601336,0.17364867145237903,0.005721104019945081,0.004700929601331296,0.0023875999429051834,0.0009657106529830572,0.013850260409580307,0.07323126193571197,0.07733729222921722,0.004149372146333795,0.005472360366903991
18,0.3432155386550114,0.16102377840554313,0.003658734155547099,0.003422179225796555,0.04925643944552209,0.23593281051265236,0.0056465957225643165,0.012603853622824773,0.0027770142897857297,0.017855459299001758,0.014650633270975802,0.006049923988461768,0.0010824145155075367,0.002847023053393773,0.0012364808151600693,0.08968920582337747,0.013154653478802106,0.02560568370688403,0.004131655406754378,0.006159922606433801
19,0.2655100323771276,0.014223751734488982,0.0066048037133777816,0.0595310814598458,0.004010059397407939,0.34002340163837363,0.0066048037133777816,0.0048818114403227095,0.007017603945463893,0.0018923875807992522,0.08189432816826989,0.01203017819222382,0.0026112014680795886,0.007166914667707805,0.011277858457959226,0.12261854943524984,0.03896918283421638,0.0050175766421294895,0.0033024018566888908,0.004812071276889528
20,0.23595276570875973,0.07230565429046212,0.004411422056804324,0.0018266044453955404,0.030080934758743873,0.23654441654124236,0.0048709451877214415,0.004771538143074065,0.0022481285481791274,0.0015712927408285868,0.0029595616330459393,0.038666125289017174,0.0022481285481791274,0.015024551540875248,0.0007261036304677925,0.1473999564047988,0.016558546784075298,0.014753759632723528,0.007089351363125413,0.15999021275248052
21,0.04874026528332295,0.15683142481881188,0.0009303486776111424,0.0014353951026000486,0.10123659655764249,0.002779202582085414,0.0012105741829157035,0.057483726747977186,0.0012881750920769668,0.09096192730604305,0.2586071555194733,0.002002338868195397,0.002009553143640068,0.0447374415644027,0.0004019106287280135,0.05082514436985649,0.05574679773885743,0.09481049986387184,0.011208684793865142,0.016752837158022896
22,0.11915024685225982,0.1959957589169585,0.011200359105741494,0.018485218733974008,0.0031179859072276764,0.0325718462631771,0.08761223462456433,0.0069053978029213255,0.0027813407817322004,0.007441965875445617,0.01726349450730331,0.03513272566398568,0.022848061186847075,0.11622031123666696,0.002724578724962156,0.07058339012373309,0.18063996654079312,0.06529831737981451,0.002115776151333066,0.0019110236205588983
23,0.062464654619456904,0.02062325104896355,0.005365359008020746,0.008290081346736061,0.005499492983221265,0.010649711607251667,0.3232161241984115,0.00333302605043713,0.22169694560369732,0.0012086797765321461,0.013539215505399823,0.1388911691575154,0.0023155759929352694,0.07825194145473109,0.08054445082185907,0.0017740299945875051,0.010284416798205813,0.003469331952162093,0.004582910819351054,0.003999631260524556
24,0.08512822903657608,0.19401680090597095,0.0010716213661496614,0.001134356810497105,0.017093013352127876,0.00394371718719941,0.011636258561068029,0.08238358361395377,0.0018328172825125464,0.07479595064768985,0.160213510729976,0.007047311522900354,0.0024230465768809934,0.006353766579376827,0.0033160766297005346,0.01139619202693232,0.0423796224346471,0.23345431252851104,0.020810596233085496,0.03956921597424407
25,0.0029310736131263385,0.004907844189420847,0.21232051923731307,0.064922438169314,0.005024697622502296,0.0782366459812938,0.053499052095696366,0.006029637147002754,0.027019723280654724,0.0018842616084383608,0.009592604552049836,0.18381487546436587,0.018238313214441942,0.059443391217440404,0.009602393965894216,0.15260947552939025,0.022291271706540147,0.002573625611525566,0.005862147226252678,0.07919600856733645
26,0.026125653128048106,0.09237979083739095,0.01123048437631027,0.0057923725682682125,0.0270167312826332,0.011230484376310274,0.020881681887201915,0.22781996354246778,0.021213137155252738,0.09321829285125147,0.12933170717234732,0.03037805855280577,0.003349442708724115,0.03095971368604453,0.03818364687945493,0.037271626254842274,0.06871905344464223,0.10327964427912124,0.004262311889857741,0.017356203127024964
27,0.1349195320179892,0.015182723098817037,0.07353554359861184,0.22721121996740867,0.017253094430473907,0.001671032174226607,0.03965636630288033,0.013886636980625337,0.07167913463589043,0.018024182449712964,0.01795254420468231,0.014826878026188513,0.024576350339811755,0.13325262294174525,0.02824167243083527,0.02711200553360185,0.07565715057687544,0.05101768903424569,0.007799344057611491,0.006544277197765965
28,0.058187357075180114,0.09322765562155234,0.0032723765533800146,0.017757648689819487,0.1583915094720779,0.014593287812178697,0.05607470841829667,0.06932556059728669,0.006266746956925487,0.02650917806204236,0.115307228163066,0.010411749573689037,0.0009465552013909132,0.058485753778129757,0.0005903772132386625,0.05416852488439027,0.06065989226250018,0.09314540406114939,0.03131904549832014,0.07135944010538575
29,0.08175170432900385,0.10379571301796868,0.005476293402725303,0.0037050993938081635,0.0012125072539145298,0.05893141322407679,0.056982643086700244,0.05234294961798078,0.22444910935628076,0.0019308264446605925,0.11271735711385278,0.045014192635221564,0.017511327426940046,0.012947263992807415,0.006854433878545103,0.029417907017084924,0.13630951935977345,0.04349354005071571,0.0021760107550936833,0.002980188642845697
30,0.18207437661415893,0.010740572217173042,0.00708851007351444,0.02659570263299991,0.009362183115962468,0.5009090594673743,0.009188809354555757,0.009188809354555757,0.014593991327823849,0.0031807416996539155,0.013783214031833633,0.0115394350033956,0.02301551189394223,0.02756642806366727,0.0022524239791320735,0.06169584506143585,0.004637343038747765,0.0678453132737018,0.006988671903464942,0.00775305789290642
31,0.007923758072410221,0.050166900814101675,0.023477801696030285,0.013206263454017039,0.02185864295837302,0.007825933898676762,0.07823922454735632,0.01625386271263635,0.014741875483553902,0.009021211985686914,0.011738900848015143,0.014741875483553902,0.6389027154969826,0.007203416429463838,0.003482970581279218,0.013063138761517773,0.005338832320168962,0.008452008610570903,0.014741875483553902,0.039618790362051105
32,0.011727490334068962,0.0021016234743341158,0.00608364689938823,0.002459346618901625,0.14004853333801018,0.08355836863024138,0.035202831228481314,0.07875775915347837,0.002707910094498562,0.06914927184199109,0.11638563822154531,0.002064094483721007,0.0011558929108837638,0.009139196568932648,0.0009604410187384065,0.002670815435669815,0.07399339174601308,0.06540756284258713,0.11067819002777583,0.18574799513073925
33,0.2299980922526787,0.1536422020205905,0.003110358563312105,0.008788066024503138,0.004080173511376456,0.12091368561383753,0.00387270706164545,0.004708235083807966,0.008462582097669688,0.0016678081506356318,0.004394033012251567,0.00262631858203542,0.0014933968407652388,0.01142448583185408,0.0025964740526941083,0.3864622288933505,0.03584023923897763,0.005159344500977013,0.006528277618202332,0.004231291048834844
34,0.410102504213081,0.10509342900741361,0.00847324978018162,0.0048487847201167285,0.008300326315279953,0.10056414991214464,0.006893491346588436,0.006893491346588436,0.0063549373351362145,0.002607153778517422,0.00945851138252832,0.007394836171794868,0.005810228420695968,0.0054228798593162365,0.00257415183195391,0.013858694659364318,0.11749825080749722,0.160997581557478,0.00945851138252832,0.007394836171794868
35,0.043037795249177876,0.20117996614332548,0.012342499902827311,0.0038398888586573853,0.007114901241654192,0.040163101936584185,0.010164411684681315,0.24581984818667382,0.0025790298304415277,0.035015601505389314,0.02224914032347794,0.010164411684681315,0.0038398888586573853,0.004319874965989559,0.0019199444293286926,0.07569714548873861,0.08704278373862429,0.1735243747182119,0.014585547545391098,0.005399843707486948
36,0.022102518250128798,0.15527978504801004,0.00986559740450303,0.006492871309148459,0.06584169370998556,0.3997750768642205,0.010704463509677188,0.009430122615667998,0.005352231754838594,0.010854981935970594,0.013754600398318904,0.055782546059848885,0.013281558585678303,0.006492871309148459,0.0017602895549246932,0.062002714129061054,0.044925540450885,0.015554126058459546,0.0836738190897733,0.007072591961750999
37,0.0030205812682988827,0.07941106303040014,0.010800866353311159,0.004882583419989976,0.006999006419231474,0.0030205812682988827,0.011880952988642276,0.0177015372699344,0.004400352958756398,0.35971778569482316,0.32349559360805125,0.00810064976498337,0.0037917935070134914,0.004950397078600948,0.0018661182704673733,0.002072259242205048,0.07196059716255941,0.07181191824280206,0.0031265665759584935,0.006988795875671926
38,0.012043513790028349,0.0842713746847516,0.024947278565058725,0.026866299993140164,0.03686872642457883,0.006236819641264681,0.012043513790028349,0.028643091899984426,0.014552579162950921,0.3505590273744853,0.1161923499441272,0.014552579162950921,0.01357467007356161,0.012043513790028349,0.004784409587819481,0.0055438396811241615,0.12562677152078708,0.08848494341898919,0.008731547497770553,0.013433149996570078
39,0.05985055577565954,0.1203812315033152,0.004089432249597192,0.003937971795908408,0.08791047348599311,0.0910769327020906,0.0059069576938626115,0.1066452135935909,0.002873655094311541,0.04112577173016896,0.1457516042526463,0.002873655094311541,0.0017149232014439842,0.00425300953958108,0.0015189319784218145,0.021906528610098813,0.12434660367346369,0.1382112172066898,0.009975092629276589,0.025650238189568367
40,0.11501006102400907,0.11630550227934597,0.007115978521722286,0.008132546881968326,0.011133530707831478,0.18183917906393673,0.005271095201275767,0.13857287959647024,0.007692949753213281,0.035089737913963255,0.005692782817377828,0.008371739437320337,0.0036492197547293775,0.00749050370707609,0.002934424132668984,0.02289187663910936,0.020456570613672193,0.28645428371952747,0.009426066851397973,0.006469071383383896
41,0.07163573677461424,0.006297065250922144,0.009865402226444688,0.0064339579737682775,0.006297065250922144,0.42439186958786057,0.007998974778198397,0.0038570052878619154,0.0036995258349167594,0.001487246566800707,0.0038942377209650095,0.007399051669833518,0.0029596206679334074,0.004352383335196187,0.010450744970492504,0.29831217372045055,0.11808049026981599,0.0022592524182697762,0.0038942377209650095,0.0064339579737682775
42,0.007219934334428985,0.01101892439883114,0.008817022293392606,0.009866667804510777,0.02308792188262456,0.0037333337638689426,0.007534546323444593,0.004992771660113886,0.006906667463157542,0.005124392417850817,0.006793443406384469,0.0048186052068541,0.005755556219297952,0.007270176277007941,0.0035118648117750217,0.0024963858300569436,0.004144000477894526,0.007695973960874851,0.4511764734562883,0.41803533801134196
43,0.015566483831400522,0.04197385781157984,0.03040245634308414,0.021474997019878053,0.04197385781157985,0.007507519283372003,0.013347419857939377,0.12884998211926835,0.00868641609802404,0.012753341058891322,0.007336824493056877,0.01563554897644327,0.005584124634444025,0.013029624147036059,0.0044491399526464595,0.003937008735075644,0.05985161206466014,0.5517870763827262,0.006080491268616828,0.009772218110277044
44,0.006446072381852488,0.011989694630245629,0.020671887293526946,0.019982824383742714,0.02745121926086015,0.006735783500137995,0.009827618549381661,0.1863384693148554,0.013624652988915489,0.003918200859557395,0.01665235365311893,0.010705084491290739,0.005449861195566195,0.015371403372109781,0.004163088413279732,0.003918200859557395,0.005499859922131023,0.604165280089227,0.011989694630245629,0.015098750210397693
45,0.30904412751050203,0.18216608003996235,0.0010734495108249194,0.000579909505847945,0.0009519269246937967,0.007731740707173624,0.028749007699913197,0.0008008274128376384,0.0012886234511956046,0.0022767044276427776,0.08038181649835995,0.013217097289965722,0.0003872098475506548,0.017256348824706353,0.001027163620518235,0.050371456665204276,0.2827367321241052,0.01637592286426215,0.0004504654197211716,0.0031333896550124686
46,0.004272397726915585,0.010098394627255019,0.01110823408998052,0.03667368167487724,0.00721313901946787,0.5618518529839464,0.008167819183809205,0.006240580949427258,0.008049444992739508,0.002333662623945487,0.013578756703460012,0.1729724700071521,0.003366131542418339,0.023423355313468515,0.016345085289944158,0.028628545383128184,0.006598128257315075,0.061938924826888106,0.0066120441011788805,0.010527350702682478
47,0.0027040765027112348,0.006225664506242144,0.00991494717660786,0.005051010825819099,0.003264677728883076,0.01862591996828314,0.0035224154443212136,0.009678826269232844,0.2701781032147278,0.0040691762092870815,0.0032196325975572667,0.06926835345326643,0.007629705392413278,0.0019977878639433747,0.5431962261339224,0.004990923306418409,0.008081163772305335,0.013284663506790178,0.004388583176531348,0.010708142950736492
48,0.07079516304548943,0.057136313653560776,0.0032831559795642225,0.004103944974455279,0.002315045883026054,0.13548365222351483,0.030472700615232415,0.009818078859077184,0.0020996927776282814,0.0009074049189750363,0.01878454147514327,0.12448832441708395,0.0022081667112487254,0.010045945257768928,0.0016375391988720984,0.18198995053313233,0.3038146498464789,0.020379831621652248,0.0026554938070004743,0.01758040420109562
49,0.02883998341819919,0.15224267732628616,0.00494637477087339,0.004664297712202394,0.004271869120299746,0.0016882836044298402,0.00494637477087339,0.08395735881964309,0.003240728298158429,0.044097891806903475,0.09212042419589353,0.039646530553720354,0.004664297712202394,0.015858612221488138,0.0060994662390339,0.035750628707401005,0.18021150251691065,0.28492677403837435,0.0032039018402248098,0.004622022326881693
50,0.008542579590149441,0.07390324668687423,0.42254297585215683,0.2521207962056331,0.0126807205170704,0.009666281870400483,0.007214892707988332,0.012389238236006213,0.008047380328140832,0.0025516083967275804,0.008903484618368578,0.009963423263412456,0.0024188657633718103,0.013937893015506986,0.0023377864640409113,0.0048039903364105714,0.01384679567553635,0.00870203630472182,0.009299195045851626,0.11612680912163155
51,0.0037001207595608932,0.0855557623575744,0.008545516992319204,0.007477327368279304,0.14827874669193425,0.0028485056641064017,0.004850158292937927,0.05367620428363044,0.004032715884015804,0.1770718681014529,0.3627090486705834,0.005438056267839494,0.0018890090193547713,0.003987907929748962,0.0015881049277761351,0.0016022844360598506,0.0362662948896554,0.00994729548789586,0.07076940183024133,0.009765670145033305
52,0.004045370434101614,0.007525382471212349,0.009037529693205733,0.007585069563940527,0.2325758990589597,0.002991295039300489,0.008328703834915088,0.03703273525053934,0.006963342550502777,0.0020323631367496144,0.018202530885858322,0.03254391885653457,0.002200849199899842,0.004567353715921177,0.007305777702487353,0.002558818648076322,0.010981076914781602,0.12859587353989876,0.04602639952567032,0.42889970997744453
53,0.003394537524411268,0.0101836125732338,0.008554234561516392,0.009100249533528075,0.011451492029879816,0.0045501247667640386,0.006024108846138305,0.4321372513172145,0.0049733921869281345,0.22984464662499737,0.017015188629302555,0.009729864610923794,0.0024866960934640677,0.003888288437052906,0.0019801468892399056,0.0021601602428071693,0.0036300840137380532,0.22530407301355013,0.007011667673374091,0.006580180431935687
54,0.04412691340604811,0.1284853559132319,0.056660929968030266,0.2935997825072991,0.0036288297207417728,0.0023602144525149745,0.0048384396276556964,0.06391298679408199,0.00822296778765664,0.018437286735628895,0.07418527436381965,0.003976799693963587,0.0015607869766631282,0.08867810112139896,0.0015120123836424055,0.02943496654284613,0.045631239999436114,0.12226832256259162,0.004608037740624473,0.0038707517021245577
55,0.06859311636651842,0.007863768227767277,0.00815501890286977,0.00393188411388364,0.05064635864756238,0.0019836532466439983,0.11142198902463726,0.06532641473660013,0.04590508823446793,0.06666272847627869,0.012177266560069648,0.004003372915954251,0.09672047658388651,0.03547141972694444,0.22181736376866004,0.026216938594032294,0.004421507500977669,0.0051584254178072796,0.03142671485310281,0.1320964941013355
56,0.0903245513507981,0.14275891747725614,0.030374237761118333,0.06215046195990815,0.0023075220183582106,0.001706417851748221,0.040038767957837805,0.004899070606631989,0.0019147523131057493,0.00213903082824777,0.0024998155198880613,0.09426487581036723,0.0007894154273330722,0.03894133046297222,0.000967670523827637,0.07846182015304888,0.1571793695447339,0.08577980041083542,0.0030374237761118337,0.1594647482458712
57,0.14359624653814146,0.2039888248649096,0.005078044358021775,0.007610258564376384,0.004674873118116921,0.33035699765218823,0.004958198761639159,0.006293098428234317,0.009517350867731719,0.0016527329205463864,0.006293098428234317,0.004812369386296831,0.0019953726723669785,0.05520063503284398,0.0018915671576195637,0.05102286236206277,0.09004358906066748,0.06065505080804099,0.005546459631664145,0.004812369386296831
58,0.027549955405249682,0.024123443772781285,0.31121490083896,0.1359004146289229,0.005825556514005537,0.04306127483509614,0.05789626505467508,0.00882155700692267,0.007351297505768892,0.0039177923721208695,0.007180337098657988,0.03327570969822207,0.05495622034486735,0.022173037680513864,0.0020447317565714797,0.03831370481559379,0.03171708433430026,0.014474066263668772,0.004540507282974903,0.16566214279012662
59,0.004221857412254802,0.01533208401226217,0.007880800502875632,0.011821200754313447,0.013287806143960548,0.004162394631800508,0.006093402450677034,0.5990089436314325,0.006641124019277218,0.05284922898166125,0.08591253972388287,0.0339277771930928,0.009018872948389512,0.0064245656273442635,0.002638660882659251,0.00219724921083893,0.002855362501041895,0.057333404360582936,0.007208049240435028,0.07118467577121722
60,0.04012362800872723,0.0806981877535498,0.04605320685042612,0.06556727754975923,0.07276368606131815,0.033280360574498985,0.020862315584014305,0.036084854821810536,0.024045760291245756,0.06657214004094328,0.08271564244738855,0.06812184680494462,0.00037010662896493925,0.05151714664623938,0.02376061892858247,0.06901818689448337,0.07813562565236779,0.05895972244784551,0.02055093773947677,0.06079874827341309
61,0.0060848418795442704,0.005345726717632752,0.012266268550827337,0.008781533167069571,0.011039641695744604,0.0035126132668278284,0.009424084374416124,0.014050453067311314,0.0064939068798497675,0.06668719167300302,0.010036037905222367,0.013557454714072324,0.004154703863989905,0.007359761130496404,0.009484140286519727,0.002916131768687254,0.004712042187208063,0.006838716094709048,0.7843751687984997,0.012879581978368705
62,0.07243389540684335,0.052085589359637904,0.2284415874788996,0.23572768719750786,0.0438180354930287,0.012256646738430913,0.03878973633809097,0.05736179191814665,0.015774218596522737,0.003193217161435289,0.011950373316280554,0.029092302253568236,0.0013329680987095944,0.04249593959453214,0.0012086498304361608,0.001202419676671026,0.021909017746514346,0.09536866548482717,0.016162390140871237,0.019394868169045485
63,0.04903486521557307,0.014516345640410617,0.061694468971745124,0.048958043306573815,0.032778844994475594,0.0069058343337875736,0.025771773057250737,0.043417070142682666,0.060095675109721074,0.07917045789806469,0.06240148726979224,0.058751702831484634,0.10464768573609445,0.06854576781460076,0.05819365371437479,0.06019198096756249,0.04372789365816819,0.0582284875688381,0.04204734599291351,0.020920615775885887
64,0.006491464321330196,0.052066953410669255,0.42725218194367354,0.05063031457246039,0.03245732160665097,0.140396354229319,0.007974399915033435,0.00728695164649607,0.00728695164649607,0.0020030483198899152,0.008127753759553309,0.1839287547248569,0.002471597634484047,0.008708061894467333,0.002061674124374498,0.0022845578134960648,0.002780547338794553,0.0033278991771399377,0.010819107202216988,0.04164410471859765
65,0.4696208436344798,0.3594376421344791,0.006442037423678711,0.0032303782296491095,0.00572625548771441,0.002744536653874954,0.006532770345138974,0.007027677189467684,0.0077304449084144525,0.0021473458078929038,0.006023723305258016,0.005153629938942969,0.004216277327090664,0.005153629938942969,0.002330787409572197,0.013074770779713965,0.003230540792604962,0.07471152299133806,0.007603716303358479,0.00786146939838758
66,0.00333395260217665,0.011902210789770638,0.02204532177150314,0.23663993686073065,0.011444433451702537,0.0036746012660991835,0.009226519992070265,0.0766430240250382,0.0028507318630930853,0.19432180881258188,0.045459832877596196,0.004519439991146547,0.22086576723285717,0.04370868369124812,0.0017408213299231145,0.00262741960039087,0.014831415314355941,0.0854569859066936,0.004272925082538554,0.004434167538483404
67,0.030813617861048512,0.027972955227021888,0.007600603621588164,0.008652994892269603,0.06425306961440796,0.003232440620675426,0.010612163547123098,0.1727857015515345,0.008652994892269603,0.008246362523572923,0.010043654785670075,0.009697321862026279,0.0036286752774033816,0.006859081317042977,0.00655917570840513,0.002960235094723811,0.033081060094565004,0.5678831651164165,0.008652994892269603,0.007811731499965612
68,0.035161339408089284,0.0052713716274427926,0.005979466323666451,0.006677070728094203,0.004402464216325849,0.08651386581581512,0.003395120709200443,0.005723203481223603,0.007356997540603203,0.0029300596265605834,0.013813138239499895,0.003018372091148627,0.002023354766089153,0.005071192958046231,0.003350711751165815,0.3902738782459912,0.40512255120479934,0.0029457664976886198,0.004402464216325849,0.006567610552223807
69,0.004862138131569982,0.0094001337210353,0.007921461000872442,0.009619092719710554,0.011190635382184878,0.712610913927484,0.010846308139656114,0.011190635382184878,0.012155345328924956,0.004075202480217614,0.012818364165048137,0.013055741279215691,0.00979180595941177,0.00849409673587527,0.03409703674309197,0.0037701071073670983,0.006467981918143554,0.10006231649077661,0.008294235636207617,0.009276447751021676
70,0.08138719474724387,0.010771834598899925,0.0039285256781799015,0.004321378245997892,0.0032737713984832507,0.0342094527371657,0.007792390986438246,0.04938118835769479,0.0027106970793926858,0.001286124477975563,0.006425304848466623,0.21749083744223618,0.002077585695191294,0.004697150267389013,0.001588742002205107,0.1414562620855695,0.39556724484820555,0.022423002634444744,0.005549126914584811,0.0036621849542355003
71,0.1755260517644895,0.026835541048076905,0.009116161100453296,0.018232322200906592,0.010461168475930014,0.0027744838131814383,0.009970801203620793,0.007470324435640957,0.013294401604827723,0.004311697817781965,0.00966865571260198,0.014840262256551877,0.007507426788608596,0.012271755327533284,0.0025584385424999713,0.6444341957039518,0.006717171337176113,0.005362447706148997,0.007251491784451485,0.01139520137556662
72,0.0022007121896405546,0.004573355019096777,0.004065204461419358,0.0073173680305548446,0.05168632892526707,0.002501664283950374,0.07158110718176956,0.044656988191430734,0.006652152755049857,0.024734670938679364,0.0667946404572682,0.0039553340705701856,0.2957388864725838,0.004720882600357965,0.0016630381887624648,0.001367732342159784,0.0469211226404528,0.10073004855209944,0.006227547260046677,0.2519112154388401
73,0.011437943303090111,0.2288253657321691,0.0029111806871041,0.003918554650132723,0.003158238076226374,0.000662332113997229,0.13144969689990682,0.011020934953498287,0.047150434757575264,0.05551725668376077,0.07347289968998856,0.023954937861188727,0.000719429710031473,0.06603619128724497,0.12616895340003126,0.06566957103325875,0.06828289911614259,0.07650224386182197,0.0013000425130444936,0.0018408936697864161
74,0.0023067249401219412,0.0043315168320067566,0.004532982731169861,0.006607398557298442,0.007838319816104933,0.0019991616147723486,0.0021900927802281345,0.4292200787719197,0.004380185560456271,0.39603858310613593,0.004060797030006334,0.0032759370998370423,0.008038065362421456,0.002651949080820463,0.0011777538213915651,0.0013259745404102315,0.0020958952412935914,0.11089689994476289,0.0039377425745515966,0.0030939405942905403
75,0.09100104879622287,0.07749570318122496,0.07323198562666111,0.06762321770951314,0.060838665365444106,0.0003745472873081948,0.05222536518734725,0.015399787170628038,0.022175693525704376,0.0689910465244136,0.031259269480677816,0.066805897710176,0.0009232286168598966,0.0446593827948213,0.05201705888745471,0.06125431525977527,0.06775906355076336,0.04208686501173616,0.0595458437264284,0.044332014586839545
76,0.009140902432925643,0.012610968764933736,0.013661882828678213,0.009007834832095524,0.01122894479069442,0.004360175370854749,0.010119913206428306,0.012054602495892542,0.009007834832095524,0.01059331397640696,0.008302304459599334,0.010785696970009116,0.00485037260189759,0.011077202293522876,0.004037994924732477,0.003848417698219215,0.005428562713382072,0.8303010427531927,0.011384902357231844,0.008197129697206927
77,0.04881232866326238,0.06799768659439465,0.03667290962394318,0.043402702705860656,0.09063018239031859,0.00024249109214167735,0.04870620809429954,0.05171655036756777,0.07291939006621262,0.08621660002936643,0.04443064050593115,0.08185917326773032,0.000338477149447758,0.08167206658597549,0.05492940896435096,0.027954100481659253,0.02179942370130968,0.03845204607495043,0.04847700240914991,0.05277061123212755
78,0.005402121900771447,0.010498463316593569,0.012096055560423025,0.009430822979312865,0.009761729048762442,0.004247469891446253,0.005012779781796929,0.273313184127966,0.007133571227941784,0.5628424445966138,0.019104845139326938,0.0068693648861661615,0.002484011409729728,0.014666501772392307,0.01804000565335748,0.0027820927788972955,0.0035440672342640705,0.017144417343793492,0.008304754563872524,0.00732129678657183
79,0.002207972946197108,0.0052153843729138595,0.3053810009065732,0.0034769229152759058,0.005499859884163706,0.0023632210439765923,0.005938364864464794,0.0048014649782381555,0.0067220509695334165,0.001789895228573987,0.007034704503000089,0.14166577897196397,0.001779366433111787,0.005817159492865459,0.001738461457637953,0.44459362124868657,0.0020861537491655437,0.0024794450297459334,0.0048014649782381555,0.04460770602567378
80,0.01099465063899505,0.011385047674859828,0.4212182519405232,0.4487438424708523,0.008377676590934592,0.007788696494362842,0.006937763426867708,0.008706212927833986,0.01514102545772845,0.0026587835887397202,0.007400280988658888,0.014580161017962891,0.0024944767377501876,0.005285914991899205,0.0024131351049974637,0.0036688640470037342,0.0028646248988356987,0.00336376408575404,0.00944716721956454,0.00652965969587549
81,0.019688454561155526,0.0549338591635608,0.006524439133326391,0.0020122906588723836,0.02795274413003562,0.0007200844024396275,0.23678582472633977,0.0010891127427725784,0.0016321913121964888,0.0005284072593441871,0.007207229275186129,0.3754105238024926,0.0006120717420736835,0.04915827415971782,0.002769103264020169,0.1487517444909477,0.0006198194856442364,0.0007897699897724947,0.03581192146514707,0.027002134234954765
82,0.0021711611649448052,0.135549425318535,0.008212653102182523,0.005175096475347891,0.005175096475347891,0.3820365985862533,0.017171911031836185,0.0055556182750058246,0.004782051173422735,0.001977916453928775,0.0053968863242913724,0.00899481054048562,0.0024062550490471088,0.006627755135094668,0.0016716019588513095,0.0017641496242955998,0.001757125780001842,0.02094848530893157,0.004843359521799951,0.37778204270039606
83,0.0042805707631256755,0.011439456349732409,0.6720132064453329,0.006770290492698772,0.011439456349732409,0.004336525936499868,0.005103757448342152,0.009902812959469846,0.008398588206132655,0.004483030191111349,0.013822676422593326,0.004639779498492865,0.004423256455229865,0.010701426907814188,0.004807887451336809,0.006257524568214684,0.0035671423026047296,0.005483375770946114,0.010876860135811142,0.19725237534477824
84,0.004352705851996777,0.02502805864898147,0.008833432464346402,0.009385521993368052,0.3022097828639012,0.006390142633782502,0.009385521993368052,0.00996316844579141,0.005775705842072647,0.03731404882014946,0.007150873899708991,0.011551411684145295,0.0031614389872397647,0.004923552521111109,0.0029444774881154665,0.014546213645588996,0.0031614389872397647,0.004767249266472661,0.20306409244916526,0.32609116151345474
85,0.012091664013820703,0.012938080494788156,0.0025513664755800335,0.0023194240687091218,0.01459387101156925,0.0011390028908839435,0.39741972062479103,0.017023790124721255,0.018202927103056925,0.0011230972651725829,0.019467019262991433,0.010107875386553245,0.001482676255541495,0.019310567902668888,0.15930314466897397,0.12840418331683628,0.07587145969165893,0.008293641342812918,0.020101537491902497,0.07825495060696738
86,0.00407873073370226,0.009076612055281085,0.014009553389672979,0.005967031999305157,0.22335550475320415,0.0029426459174655573,0.008592526078999426,0.01813767788233609,0.005114598856547277,0.6534021252947447,0.005703004034734133,0.007671898284820917,0.0036615878177554376,0.007407350068102955,0.002106011293872409,0.00530563828660268,0.0043250970196305845,0.006148365383842743,0.005912288586467495,0.007081752262911615
87,0.002810379977921012,0.013349562525899226,0.0060222428098307395,0.004516682107373054,0.008431139933763033,0.0031616774751611378,0.004772343358733793,0.13034090929915995,0.011545567589966898,0.42445428987304956,0.07667441040516479,0.005620759955842023,0.0018196704893013744,0.024271931865271316,0.0025809612042131743,0.0020234735841031287,0.01227545979393032,0.25432636338720166,0.004516682107373054,0.006485492256740796
88,0.034062577734663604,0.041449404185262155,0.13321182513032198,0.08170887940319586,0.013441360331570682,0.18531964934185013,0.06784422699316503,0.010031844540147876,0.005839021045903916,0.011425156281835082,0.025706601634128936,0.12903705918307856,0.009299545810795999,0.04821052576943644,0.004959004003179482,0.060806689499975815,0.04489176450561748,0.010772290208587365,0.0018781078819454927,0.08010446651533809
89,0.04055517920233303,0.02061575314082832,0.16998782240811036,0.07024337725030778,0.03336818541964109,0.0710445702009985,0.03495553836976572,0.014759005089456639,0.0025171239511764705,0.01041812123961645,0.039357346905217694,0.05761346565040904,0.07683364414217134,0.11592527633900486,0.0033958772772201113,0.04244211193292396,0.02448901585213546,0.018614961374089446,0.09767777913749483,0.055185845117098724
90,0.045943690075639324,0.10948551041280946,0.14394264091780462,0.10953603183269658,0.025413640743594097,0.07967081376189657,0.05058524681343968,0.019400591817654418,0.002645837258264874,0.006073700303500474,0.035888181860886256,0.046628582026471466,0.032765443958705245,0.02283793391147307,0.0011334722397377652,0.0611515730392733,0.05132185832800665,0.08963969816738016,0.014370808753818088,0.05156474377694788
91,0.05906193152608492,0.07349147105152459,0.003096882234823278,0.0041734480199641065,0.04921827627173743,0.2822087293008211,0.011117540051968926,0.020106189455688487,0.009320700577919836,0.0664993599404808,0.08177805903611761,0.003251407178344129,0.003006677605780593,0.02953096576304246,0.008884090538408038,0.02701440619342415,0.05091545821214217,0.007626425394827799,0.08999913375403416,0.11969884789286545
92,0.006890433768696683,0.009100116142671064,0.006325300361354392,0.00588400033614362,0.08111655251311968,0.009379505673367107,0.010692636467638501,0.1931573039315342,0.004865615662580302,0.08391864220003174,0.07255717603040411,0.004961019891258347,0.2552301376423868,0.05468999494178537,0.008409938794771855,0.007039476757423718,0.055703186684726076,0.06546512123043981,0.020229312236072845,0.04438452873359378
93,0.06890343129746765,0.06674145578610376,0.0875981607192612,0.10048024317797606,0.0218995401798153,0.012054792759531354,0.034037756159021,0.034065951390823794,0.010949770089907647,0.03725851129886769,0.055102068839535265,0.11223514342155341,0.15620014267307564,0.03922305703847516,0.020515629249183064,0.046319783129927156,0.024009425212413515,0.03108321831973784,0.024089494197796824,0.01723242505952679
94,0.028919371071121927,0.05942771857472308,0.005166996986176581,0.0034446646574510533,0.08225336502728715,0.006216598207069414,0.007824339122690814,0.08021954807784523,0.014706859647279955,0.0909121822308995,0.13499270564928198,0.03403587518370504,0.012925015892546216,0.002166805187751469,0.009454409773251399,0.019528780843109446,0.06080187813626602,0.03835457661223078,0.16278027261771977,0.14586803650159302
