site,A,C,D,E,F,G,H,I,K,L,M,N,P,Q,R,S,T,V,W,Y
0,0.0028284594257829312,0.006150254797923351,0.007005588246641168,0.0037915549291857214,0.0073461376752973345,0.0025067389223763416,0.004501463086139644,0.007052292168285442,0.04230809785698674,0.027671093430839625,0.003379692732405164,0.005481056089341017,0.0015133674180870047,0.0026154373956523663,0.8528247703403516,0.0018526161562921475,0.001862401100779606,0.002651237657250166,0.01111929122356165,0.0055384493468210285
1,0.11859065518773555,0.034766315294283735,0.005031920365602937,0.0031956271516151357,0.00618603054119994,0.23943165546393977,0.007932674458715218,0.009469644181971727,0.0044070413659528995,0.002062010180399981,0.003305281024464675,0.003586581537185072,0.0028815270469692037,0.0054819295039901916,0.0010646298216910929,0.5360126899486156,0.0050262444006103045,0.0028450520210582014,0.0031956271516151357,0.005526863352383554
2,0.004408992614469146,0.003846203585836856,0.008817985228938294,0.003408178340019095,0.2801358990307506,0.001254024987411089,0.009415814735984959,0.01234517932051361,0.005240878013425589,0.06294519402013722,0.030829770898622284,0.010892805282806128,0.0034292164779204477,0.0043064579025047485,0.0012455898417558578,0.0019699754234862145,0.0033067444608518596,0.0030192014642560455,0.4396550707041518,0.10952681766615813
3,0.00633882082992105,0.01614756810270182,0.015250480985885051,0.014705820950674868,0.022257458736156553,0.0064844564821873426,0.13090606746069738,0.012669630357504501,0.008318444174119116,0.003978386344143926,0.015837037946880628,0.015837037946880628,0.6482341630020406,0.00857839555456034,0.0036637646768262946,0.005150644522569318,0.031008471558305134,0.0076252404929425255,0.013282676987706332,0.013725432887296543
4,0.016770139870229225,0.05761319238338203,0.003336172223472757,0.002541845503598291,0.003336172223472757,0.09276108294595471,0.004753250527413399,0.0028094081881875847,0.0016551552116453986,0.0007907963788972459,0.0018249147205321064,0.4193676569999121,0.16810132151639118,0.09754567216621624,0.005478127881739791,0.09371441415373936,0.01735155846473714,0.002399045194407376,0.002295860454862972,0.0055542129912083986
5,0.09518745947842926,0.19373873954995233,0.001779876108727197,0.0043013672627573935,0.0047298116511020755,0.07757247411651594,0.07943080518834912,0.001126635433343269,0.003867934861345697,0.0007444674108618565,0.008336066511520896,0.19419523910754088,0.015154222404526055,0.006907026538117317,0.012097927289532755,0.12149751059891997,0.1555077176827086,0.011867527415492478,0.0024975680880526792,0.00945962330220415
6,0.03147858600368528,0.04616058297529306,0.005703725279215066,0.27585146308739594,0.004688627234780084,0.04700528049682795,0.20555884606185193,0.003317424930268928,0.005138971151546299,0.0016906107817716654,0.018477199646009163,0.159562510210388,0.002813176340868051,0.15121570285009794,0.0021056709138233915,0.02446320151479891,0.0019645086179246166,0.0016204932839101675,0.006895040051147184,0.004288378568396419
7,0.02010302546523917,0.020134945383192382,0.0024497230066353156,0.0030981790966270162,0.006590504054426967,0.009906493697638807,0.008221769364803556,0.06349452307763877,0.004051464972512253,0.25213426052064236,0.07976865596490258,0.004579916925448633,0.25012706799965745,0.007524149234665612,0.002315122841435573,0.0348216114274033,0.04659002640055348,0.16498505405097352,0.007022539285687907,0.01208096722991543
8,0.0037238683515394364,0.04111599234541249,0.007447736703078873,0.007447736703078873,0.095371226310163,0.003781158633870813,0.01534759502167915,0.005285736291309497,0.005715704911665182,0.19258591040090176,0.22139380493683652,0.017268716785073246,0.06725049716469078,0.01606392259076581,0.0017939803737343273,0.0047968657736314575,0.17800806097778585,0.033369501033957964,0.023024955713430995,0.059207028977393994
9,0.03385222420852107,0.19842055057143812,0.006994403987565192,0.01022259044336451,0.006328270274463745,0.1725396091925549,0.01866860018817294,0.004536034861887897,0.0025186797168593573,0.04054266057349096,0.007382981986874369,0.030370492434403797,0.0015727062220560787,0.017716120586735554,0.0028579285110481426,0.1586014604907754,0.20627367563155605,0.06283317434762208,0.012656540548927488,0.005111295221682255
10,0.3972063340908912,0.01660860718857277,0.004026003784269849,0.0060901461549270775,0.0069244127514924295,0.09140461059642116,0.005877699196034273,0.007325827983463007,0.008715209152740473,0.00739602038866131,0.010315961854264232,0.005435291729666101,0.009012331744404859,0.00802352588664996,0.0038883240835303643,0.35280437275149684,0.015774202943437638,0.025851475766462618,0.01075493895444569,0.006564702998168148
11,0.07086602034702584,0.16416325934804166,0.0029582756240126595,0.0029582756240126595,0.006698763205615941,0.025704215391773474,0.004263397222841774,0.0399428665734983,0.003971383714427954,0.014367138850775708,0.022163328577600595,0.004201608857293343,0.0018584039176489783,0.004913745951749841,0.0019073092839028988,0.07171718586902835,0.31823451504763806,0.22768956979010554,0.006588886617119106,0.004831850185887344
12,0.0060825530615093255,0.04107576134169775,0.01129616997137446,0.017252332319917355,0.013178864966603539,0.7478001026252638,0.012323094514226687,0.01299833256980075,0.011432268404764514,0.005129071770786241,0.012651710367939394,0.008705305299040868,0.005750777439972451,0.015814637959924244,0.005047224880826886,0.006975878458203868,0.005271545986641413,0.023631346086157173,0.018977565551909093,0.01860545642344029
13,0.017110517962122672,0.08478872740159003,0.004992756868684692,0.005791597967674242,0.022148892055925552,0.004306729010874414,0.0026566963154469004,0.16696857088313113,0.003966847923064549,0.22784978387295107,0.10533549341309664,0.0037607779010871705,0.004702505361949945,0.00608952232639784,0.0011365951932623226,0.0014265019624813404,0.09753474524627351,0.22359101448123,0.011583195935348485,0.004258527917407532
14,0.009141842212308904,0.29274210284304736,0.001951821940943433,0.0023244424933053613,0.003320632133293373,0.0018939901797302944,0.0015881284115750918,0.201930840963651,0.0012233907859501903,0.0767581688839204,0.18315807105581688,0.0010027006833866266,0.0010880369117599563,0.002872906452399884,0.0007364143123581725,0.001698696921719811,0.0858030313222735,0.12249158263055092,0.006087825577704519,0.0021853732843041857
15,0.09246083175878819,0.57528165598486,0.005949912664533873,0.010369847786759036,0.04952869417395067,0.023513721290754633,0.005222225504123256,0.0063120812615055,0.0074070341333993105,0.007755046278135891,0.028327460710413054,0.004426154543128857,0.002781185230165258,0.0065989940461193865,0.001534649778167299,0.109102865583509,0.04674031017218155,0.008605810848733077,0.003780673672255898,0.004300844578516395
16,0.16179073944516556,0.12201435113613296,0.003884556470024054,0.009750458973851751,0.003267960204940871,0.04989448992053713,0.0028202944234421217,0.02845495973084858,0.0027450865721503318,0.02055882877338806,0.2336067586041183,0.0031194165592617405,0.0005491804662230871,0.0028202944234421217,0.001203985338662426,0.1773751928831964,0.13129723984285271,0.03832902038935609,0.003027669013401101,0.003489516829004659
17,0.03774355620374778,0.04760965296217426,0.005029191490019784,0.003916173701244913,0.005193186864694343,0.02419085069429394,0.002596593432347171,0.13595870516793054,0.0036471235996326672,0.37864150638219113,0.125135911377332,0.00473042763912752,0.0008734427633489568,0.0026267184769316653,0.0009593839187788746,0.01676628124489249,0.05670072696671611,0.1383669914108407,0.005429240813089539,0.0038843348906656863
18,0.3150740598095926,0.2537990289562011,0.0033850018212954326,0.002620126151534722,0.07251400827320033,0.14384411437051167,0.0028245331562643805,0.012859627082932078,0.002865173921102717,0.01424382305366435,0.027511169415125186,0.0075339229374753605,0.0009857900372110835,0.004336385876802677,0.001094118612728785,0.0801959140725014,0.01576900091774299,0.030062008151051502,0.004577691667049169,0.0039045017160125265
19,0.31626056977418565,0.005127290008471796,0.008450533532481293,0.017662089444856414,0.003621657228206268,0.3594265205267718,0.005127290008471796,0.005368574244164585,0.008450533532481293,0.0016297457526928205,0.01204462789675208,0.0076054801792331626,0.0026685895365730398,0.005926348191610257,0.0020342421437380704,0.15408442894944105,0.07319010375098449,0.001636310041554248,0.003834695888688991,0.005850369368640894
20,0.19997678279222175,0.061505166176246184,0.0035861306885760424,0.0018509061618456996,0.09135135734177195,0.22651982618468666,0.005413027454454404,0.007753796083407659,0.0023907537923840293,0.0008693650154123739,0.0018509061618456996,0.014141076987890397,0.0015341735566100716,0.01092197003129746,0.0006361207429846638,0.15002960147371305,0.0306646180335232,0.004278138930662153,0.020051160047613936,0.16467512234285267
21,0.05987011859215499,0.10058412797845868,0.0009350559484405732,0.0015208741330057518,0.09929472204719039,0.002944730051187869,0.0011580968168759395,0.051502921828587865,0.0016393838057074987,0.11527413772803806,0.3904664742974694,0.002381476316564686,0.0016183660646086847,0.0026857990008399444,0.00036589145808544173,0.02487665415425283,0.049759168370704425,0.06886631093436225,0.01285652069449776,0.011399169778967162
22,0.13213922796010322,0.13693623209084999,0.007124748928920342,0.01521202986673931,0.0035821403629339578,0.0552386834535971,0.07157171610266737,0.01101103324656421,0.006937354279886609,0.0018677492292002405,0.04274421933909302,0.02796895364739095,0.01033376731274776,0.10521653991161356,0.002243954642664744,0.07520271287910546,0.20571985893606642,0.08424973181715625,0.002186501260492157,0.002512844732207404
23,0.06624750092072831,0.022091329775244865,0.0031558153636287935,0.04605576513165722,0.005103020587995496,0.022621097875370647,0.272969533812577,0.003285506405969703,0.1885261038581417,0.0010473448368375036,0.02236924844112331,0.09510150051897184,0.001949934696225921,0.0942746321895279,0.12284929810033653,0.008117898290903237,0.015407832119458084,0.00165408253541923,0.0028896622606721487,0.004282892279210505
24,0.09023377941388187,0.12377587338179512,0.0022181628720506687,0.0009920360745887982,0.02844092739968415,0.003922220286777095,0.005815183745646347,0.15296659118430667,0.004627135453525051,0.05710063116398125,0.2388928793156334,0.002501881378940871,0.0024922216052770062,0.007763570052177341,0.003612791394216854,0.013710804056298345,0.030255091552099253,0.18948260701246175,0.02151617985889149,0.01967943279776661
25,0.004242868874272083,0.005041649392815439,0.20945361071522692,0.0341884902517058,0.0044534569636536375,0.14613304207317063,0.022757205780186626,0.005344148356384365,0.04172154393034214,0.0022454404858757836,0.006851472251774826,0.11706485949163964,0.05815730366047692,0.017067904335139966,0.02872630893564541,0.18050953700474553,0.04387213897829793,0.002968971309102425,0.005685264208919537,0.0635147830006245
26,0.04594808571647906,0.09440325944328187,0.006521277790489868,0.006078744214425289,0.013226253546909025,0.007874750539459461,0.022824472266714538,0.26262084070916636,0.010434044464783786,0.07372816543297635,0.11021877955757521,0.03924136944084592,0.007168427494889626,0.041736177859135144,0.023237391602793585,0.03224318301789813,0.04795245364597443,0.13647119653073714,0.0038428842734872523,0.01422824245197789
27,0.11343988501177113,0.029577919479610658,0.06718232898226222,0.24073168889061122,0.0190613258868602,0.0017801578456935938,0.07331279187253921,0.004423335928482333,0.08021262616754023,0.00981097655941334,0.022873591064232243,0.03381848141217132,0.03669560063780573,0.10657014018562748,0.022088231714387348,0.03032483663818667,0.04924935875073926,0.04093207193323267,0.004768909047895016,0.013145741990938068
28,0.06223006362208022,0.08919642452498165,0.0030612492039652594,0.005803140872709651,0.19623213395495964,0.016959883536440172,0.03853285539479208,0.056851364269526035,0.012501857520791766,0.06489440466937288,0.13478541338766184,0.00428142837719912,0.0010989099706541958,0.04360714087887992,0.0005547894997477493,0.06282530770890012,0.04662746345533865,0.03292895141235743,0.036392141206192524,0.09063507653344911
29,0.11296421737239551,0.11710147947759618,0.00533360948510353,0.007760103239809521,0.0017729867408112269,0.07841014268850188,0.050814305659197166,0.03175894103699822,0.09185943347286718,0.004096704248427362,0.10088134211752374,0.029481305459002374,0.026643847545416283,0.02569262645689744,0.012559524520655566,0.03637624324046447,0.16548203274313297,0.08525737818257224,0.0015117044842706251,0.014242071828356295
30,0.23425665055935305,0.01176775398067899,0.007182817442896407,0.01419805099842791,0.010718973722476176,0.5491238328499743,0.011237633741305672,0.010246077822955169,0.013661437097273561,0.003610017056792495,0.013661437097273561,0.009676851277235436,0.02941938495169748,0.02247526748261134,0.002526429765763717,0.023606398045578934,0.004524242155590595,0.013447561448861176,0.0068307185486367805,0.007828463954617433
31,0.007939342130680852,0.01984835532670213,0.028532010782134312,0.018260486900565958,0.03381571648252955,0.007304194760226382,0.006165653408106184,0.038005912168204266,0.015217072417138301,0.003370482188651192,0.01984835532670213,0.01722687443449619,0.7182860670895336,0.0068136145151365506,0.0031161240444651807,0.005103878289808176,0.00532556657719017,0.009924177663351064,0.013627229030273101,0.02226888646410483
32,0.024881535973457942,0.0028018858907462546,0.0038174776487615984,0.002339744365370012,0.15648108171652572,0.07393059014831764,0.04232684997250286,0.08631905417412811,0.0018488634789278005,0.0542591305751369,0.11410820203792173,0.0015110849026347996,0.0014362787193360467,0.003774762936144259,0.0005756513914799236,0.007118124393872033,0.05634564204473316,0.09696207570026001,0.08455468976963143,0.18460727416011175
33,0.270836358260674,0.10923068245313927,0.0031972883271593555,0.012775230506444909,0.004790711439916841,0.07393898949952966,0.004206478337487958,0.019008280524933554,0.009581422879833683,0.0042518522226825065,0.006763357326941424,0.0038756317266742993,0.001690839331735356,0.009581422879833683,0.0031357383970364787,0.371698047789323,0.05459109298674415,0.019301372174110577,0.012318972274071876,0.005226230661727465
34,0.3984935298025435,0.17643633155711114,0.01151943093033863,0.011394798972866825,0.009050981445266067,0.10019971954415269,0.006758066145798663,0.008738878636808617,0.008045316840236502,0.0026676576891310516,0.007797768629767689,0.008892192297103505,0.004607772372135453,0.007039652235206941,0.0035198261176034714,0.013111581524604062,0.045513635295696096,0.16047127630254032,0.006849391363985132,0.008892192297103505
35,0.08057985851792789,0.17458469248951858,0.007625475085202009,0.004265096234096039,0.01359746162658751,0.08141995204283911,0.00932002510413579,0.1947887726929509,0.003594866825880948,0.01276102153547126,0.004265096234096039,0.012582033890583318,0.005592015062481475,0.004125257013306005,0.0019209212046692081,0.05356575792292049,0.12855781901500912,0.19725817097137352,0.0054704495176449205,0.004125257013306005
36,0.03784906413618755,0.013606303105417049,0.016850251397827438,0.008976627208662585,0.025583163721682334,0.5162610569692164,0.023615228050783685,0.013651953879841012,0.009229489946934769,0.0026856302714441333,0.01721483913982362,0.054577415939588966,0.004227701846660442,0.015349898233009397,0.0027884841967334836,0.04387854479917655,0.07309475349052094,0.03115680801206999,0.0663779383049055,0.0230248473495141
37,0.005447619572601572,0.09805715230682832,0.012123403822084553,0.006540257325071929,0.025348273803453978,0.002923879745326275,0.010805642537075362,0.01390362607335625,0.003976476453643733,0.39198747719408067,0.25783777994965124,0.011296808106942426,0.003976476453643733,0.005402821268537681,0.0023119049149091476,0.0024129104694440135,0.05686744734073328,0.0786112191489341,0.0034518024771212972,0.006717021036560361
38,0.021252668304140396,0.09233917952833416,0.02402466611817622,0.016336772960359826,0.015126641629962802,0.006188171575893874,0.014586404428892703,0.049876683589480504,0.012763103875281115,0.3196641692711008,0.1912740147372636,0.015708435538807526,0.038619023783128724,0.008008222039392072,0.0039271088847018815,0.006587408451757995,0.04989756906189484,0.08973348839525945,0.010472290359205017,0.013613977466966524
39,0.025464811154928893,0.04348908443141665,0.004736877565654796,0.00351882333448642,0.0697184114388134,0.07179364825612305,0.0045614376558157305,0.09629407147603329,0.002368438782827398,0.06071958301342205,0.17029956508580535,0.0022392512128549943,0.0015019367891100572,0.004736877565654796,0.0013102001777343054,0.03723412157535598,0.07802297461574739,0.2691162832035239,0.010765124088240529,0.042108478576451044
40,0.0671909832692271,0.08166984492850896,0.005578960979088703,0.011680949549966974,0.005146239209007347,0.1958055014181285,0.008899771085689121,0.15519779818061327,0.008692799665091702,0.04915921644974455,0.05526530859823915,0.007952986927637087,0.003278863031569677,0.006127711239326938,0.002321679413658032,0.0035001362112218122,0.02916780176018177,0.293626051483463,0.005339862651413474,0.004397533948222861
41,0.05993732597763473,0.006191126890892557,0.006535078384831033,0.005189621070306998,0.0058815705463479305,0.43884757072716357,0.004901308788623276,0.0036974378320833627,0.004010161736146317,0.001428721590205975,0.004303588204644828,0.0064162587778341055,0.0024337533295232814,0.0044670156048212135,0.007671179338677135,0.27745774174744303,0.14624927694010187,0.004106378064343881,0.0045830419841672194,0.005691842464207674
42,0.020241818039920527,0.006724846263780788,0.009725162289159909,0.009577811345384758,0.051484624145015256,0.013157181725948344,0.01071416184398973,0.006584745299952021,0.007102646615678585,0.007824755651995714,0.007102646615678585,0.006385207563589838,0.006584745299952021,0.00726592584822292,0.002981771456582047,0.002953904433623336,0.0045477377611179435,0.003878132201198736,0.3176978026509479,0.4974643729482612
43,0.004074956711900141,0.021556624655079022,0.018224111961553404,0.013668083971165052,0.006979447134211942,0.004373786870772817,0.00937240043737032,0.24772733978619044,0.008099605316245958,0.012656666841070863,0.027031323905598308,0.016401700765398063,0.00585775027335645,0.0091120559807767,0.003489723567105971,0.0039051668489043004,0.05543132054163179,0.5160857939878685,0.007541011846160028,0.008411128597640033
44,0.01104228679224266,0.020531393216380815,0.016863709738108478,0.03461498314664372,0.017493213505092975,0.005178619525875832,0.007647496276584077,0.22652307908778863,0.009009379175153846,0.015115136110219005,0.014947379086050698,0.009395495425517583,0.00418907439354287,0.012179345921967235,0.0035743732597077753,0.0036136520867375305,0.007896689698608007,0.516990236194683,0.009964919390700466,0.05322953796839471
45,0.1790720848105867,0.2725331757874778,0.001499458805377611,0.0008643938995706225,0.0006931460515424804,0.003006365387843674,0.02278850993123062,0.0025022677571547337,0.0011967367534218292,0.006238181386760044,0.0897259247234651,0.02538708549734658,0.0003772137655123479,0.025648244510836027,0.0011355175465636172,0.05745129122746311,0.2870513081390327,0.016757414902189093,0.0011565103079286586,0.0049151688086968
46,0.0042578845079105955,0.02313839779182999,0.009367345917403312,0.00693877475363208,0.02264079783931752,0.5917271388518858,0.00925169967150944,0.009607534274259807,0.008816325569320762,0.0025752153724820097,0.006631749322055441,0.22495664519834713,0.0040074207133276194,0.0129974950559045,0.002623298274951045,0.014870015530060234,0.0076706528198780665,0.023080793827568124,0.007346937974433968,0.007493876733922648
47,0.00597398639286479,0.005741753029399109,0.013124006924340823,0.005965457692882192,0.00695970064169589,0.04437818463270987,0.009250043447016448,0.022879096823737496,0.36194817623109743,0.014730377407063872,0.003678011809899025,0.005864675269301102,0.006863729047121249,0.009283316984595648,0.4177805697499946,0.0185399577709597,0.016622789808548585,0.006773653862775825,0.004503335709332635,0.019139176764663698
48,0.04984294685241706,0.09561523561343892,0.0044689323605795585,0.0038482473104990635,0.0029792882403863723,0.11165145126325611,0.04718673965338544,0.007986762764953269,0.005581227270830535,0.0010149223676041489,0.022154749715309015,0.0929187944097889,0.00819559162400905,0.0023283513139154004,0.008455938511317188,0.2179403084826954,0.2766532197952294,0.028017126669197603,0.002638798155770787,0.010521367625417022
49,0.03638103764877265,0.14485871801117975,0.004372199655156132,0.0029281704112513536,0.0038454286123662355,0.00729179846760998,0.01180120015152668,0.07058866016561328,0.0029281704112513536,0.041789938863348246,0.0656395021430609,0.039861831622934565,0.0015958528741319875,0.005110491233709558,0.006743542943729531,0.04514962561373199,0.25124182607412976,0.25152734913392677,0.0028754105840215994,0.0034692453785477996
50,0.00413779142275482,0.06555367573140716,0.5608422854692076,0.18162574855880753,0.01514255584497509,0.005401953175287968,0.03064194804303323,0.014827085931538109,0.008372942643692106,0.00784073376395262,0.010949232687905062,0.00773587092080249,0.003975978350356587,0.0070465358882557325,0.003341315139501545,0.03528330193778679,0.011046337623248166,0.013761615176268043,0.008087501417202604,0.004385590274016859
51,0.003192445427241604,0.0799378841624934,0.009321940647545483,0.006564746934891185,0.25159068105379273,0.0026482785930526938,0.004315713262752538,0.05497223747981695,0.0038841419364772844,0.1547053808069692,0.36756554759447424,0.005899962435155369,0.0020715423661212184,0.003758847035300598,0.0014565532261789815,0.0019666541450517896,0.01974626054543496,0.007852604521711767,0.011694209702342783,0.006854368123195209
52,0.005926765072255008,0.020700820695054755,0.0120690488744102,0.00897023902827785,0.1375498538483832,0.0039511767148366714,0.058434102736900376,0.0120690488744102,0.008850635841234144,0.002362269352642566,0.006843275134974854,0.028255045896192932,0.0029371579119139863,0.010360183495270738,0.0091863696017179,0.005452728155405653,0.014871076787469961,0.07705921608052613,0.050743755895203614,0.5234072300029192
53,0.0036570723939830297,0.01082194892097019,0.010397558767206652,0.009469205305848915,0.010680906782027013,0.0037608191285641093,0.005356318152803426,0.41810131646056453,0.00514830579735475,0.2368048727647043,0.017426742644359866,0.010810101006885791,0.0022187259294039305,0.005302754971275392,0.0019495422688512478,0.00166230563362865,0.006710560242770476,0.22552047144694667,0.00803447722920514,0.006165994152645804
54,0.020312805167052427,0.06989352315544921,0.044011077861946926,0.3432785912811236,0.003526850161087353,0.002307460477732683,0.003336942844721111,0.052290389538946845,0.007982087777493325,0.02657750208773215,0.11868155827940746,0.0039436597255794945,0.0015604408986105913,0.11347624427076662,0.0015492948921919443,0.02657750208773215,0.04513956703789429,0.10742348886421957,0.004715245324062439,0.003415768266249956
55,0.06360729321935103,0.004976160036486359,0.006140793236515084,0.006143886276869131,0.08670994217166249,0.0016977487183306404,0.05876760786570473,0.02949964803793394,0.04902162269932185,0.03686331766121479,0.010813239847289671,0.005445609096532244,0.10530335316401279,0.07189654153783027,0.22690706367681562,0.017311837193936665,0.004202036210086659,0.006647483512678077,0.059250629300217385,0.14879418653721063
56,0.11236751509228374,0.12597075511070308,0.09213860945239999,0.07778168800695423,0.0024320548986094034,0.02067212391560256,0.05337938846700112,0.0068323121415974535,0.0034164580718560665,0.010141041920861632,0.0028135537062344076,0.07113642641545585,0.000891249931788539,0.032088072943621884,0.001003435237887796,0.07240803458141944,0.15679272672747607,0.11090663508362514,0.0034164580718560665,0.04341146022276537
57,0.13185078873568526,0.11234220707413028,0.005592340731184731,0.00543873381101101,0.005926825306870973,0.3640949541988776,0.013117231126363198,0.008255220963141713,0.0055034806420944755,0.001849169495743744,0.008110392525191858,0.004866235515115115,0.002672210253964948,0.09563376646778751,0.0017511074770300604,0.07812206986319356,0.09563376646778751,0.04755357129143796,0.006247194242377512,0.00543873381101101
58,0.019394092855327772,0.11706655145206059,0.42659603035835153,0.15983375885285578,0.010421006911851773,0.05961830969525876,0.023058563164799813,0.009506883498531443,0.006088678195688677,0.0024971998129783048,0.008467068115879566,0.00904840389172794,0.034347651380899714,0.0179042961044328,0.0028223560386265215,0.047952633845205574,0.015372375443199875,0.004168402764740708,0.008087945662929736,0.017747791954653248
59,0.004165166373721191,0.008075322561296188,0.0068222552673019516,0.011637964867750388,0.036147105039749584,0.004855101908018566,0.007327607509324318,0.6262855701226423,0.006594846758391886,0.022319748593821277,0.05040922811665758,0.005172428830111283,0.0034111276336509758,0.006382109766185697,0.002348313385777526,0.002280638648435234,0.0027383446747647967,0.16666854372996015,0.007194378281882057,0.019164197930556896
60,0.06033195347865174,0.039173166295400796,0.062112068481842225,0.09239232749192647,0.041641612390727424,0.05603633408969904,0.03864200471851401,0.044549797989151846,0.026396276259474463,0.06553273312287122,0.051522672958018684,0.07729979456967447,0.0004193978756058631,0.06467739796857665,0.021339440407657645,0.05024047877916221,0.07961157499443146,0.05151466259219809,0.020808412858342663,0.055757892678073205
61,0.006067833069930699,0.006446470816421591,0.01678135083402709,0.007955603358353583,0.012204618788383338,0.003863332566106957,0.011933405037530376,0.012785791111639688,0.00887608639155152,0.002198504986737763,0.010228632889311752,0.009763695030706671,0.005370032266888669,0.007406941057777474,0.004738935524794342,0.0033046352411622583,0.004589771168280914,0.006629669465294653,0.8490909953643939,0.009763695030706671
62,0.08199253463848877,0.030499057271983713,0.20556551139893606,0.2483226620540151,0.0312692354859227,0.0015536885852827154,0.006206825690438791,0.030631087822944686,0.013059507513299713,0.0076083669753765825,0.04145965597910286,0.0064092221803444035,0.0014401770904675397,0.11906362742716718,0.0013364355203914881,0.007559595392201092,0.03537890643550111,0.05829857463477112,0.034018179264904906,0.038327148638459534
63,0.05566796390551048,0.05577299779967183,0.03035265186376698,0.04951168324011638,0.03026441741067463,0.015246586700086651,0.0745436202475485,0.06348146091019556,0.05161619147080453,0.06444879745739855,0.04952501328659127,0.0839102508590717,0.08619066561373386,0.06951098283138021,0.037737865640034646,0.036327239946146395,0.038131947351460686,0.0546794096075214,0.014717874419357842,0.038362379438927716
64,0.013164721627070854,0.04885345916295825,0.526687155651644,0.0780407620032118,0.0543760241118144,0.09537664042615204,0.02545976746967419,0.009280470157318343,0.006888596405432172,0.0025798990398722796,0.00786110413325789,0.09296572728013484,0.0033243475190394066,0.006749432841686067,0.002930674786521582,0.002569976351257387,0.006871695354789731,0.0034621443073933715,0.007108445226882134,0.0054489561438892265
65,0.3742073246482577,0.4371488672673009,0.005216656618775831,0.0029902680449734728,0.004436595815968231,0.0017846456853706795,0.004564574541428853,0.005456502900098858,0.005584891203630596,0.0017076106198151107,0.003989208002593283,0.006502955511076721,0.0017452785011345616,0.0035426548679746324,0.001876346847069568,0.008295422880551457,0.0022546809168460576,0.11917305487825547,0.00412796306355305,0.005394497185325007
66,0.005240091096996453,0.011327843989095275,0.04132250474675846,0.21531159657379748,0.005273954309291686,0.011036997262221855,0.004353105144177263,0.047929366567194216,0.0032014258069955432,0.18951662800803834,0.03907285317977789,0.0036084950537258894,0.2687069969506321,0.04955103686458049,0.0015235868004620425,0.006113439613162528,0.034697900507138675,0.04246106492958256,0.007900445038548498,0.011850667557822749
67,0.0338265601594921,0.02132704661663279,0.008211822750804452,0.008925894294352664,0.08668804757504571,0.0033291173314072093,0.008103772451451762,0.24803379341062187,0.007420321762775107,0.005051142619728817,0.017449401777245,0.006998712571708339,0.006937713959627531,0.006551986237343978,0.00909205671551187,0.0024343348075507266,0.018107869768839158,0.48373019554497537,0.007161473329189929,0.01061873631569541
68,0.014205326977368751,0.010211548254070049,0.005804792246322178,0.005456504711542847,0.005511620920750351,0.05613678359567303,0.005005967625268668,0.004624156535205803,0.007453684856985438,0.0015590013461550991,0.004828765231453847,0.0026953906036342053,0.002106758575885269,0.00440040702543778,0.0018946196915079331,0.424383500625368,0.4303875745798806,0.0030483266544932106,0.005456504711542847,0.004828765231453847
69,0.006380979916398068,0.011115255338241793,0.009483658224371439,0.011514411093081796,0.010234839073826602,0.8146818266847958,0.01245444272839141,0.013085047423499833,0.01722864577427478,0.004514055661382038,0.013424918785149181,0.010656894293365842,0.007129094803148185,0.016151855413382606,0.007155717689420763,0.004219260189618315,0.007178602405947827,0.0030902803818420184,0.009752063645815915,0.010548150474045783
70,0.013425914371012381,0.0384990963373902,0.005033766622841947,0.005406638224533943,0.0033948658619166617,0.04444081733660687,0.004561851001950514,0.035852609676191444,0.0017334123784437914,0.003137857381730864,0.003355844415227964,0.22857882209308172,0.0023736460497953897,0.0036044254830226285,0.0020854176008916637,0.180206737987223,0.35982945760198776,0.0256660642249268,0.03359921134899509,0.00521354400222916
71,0.19710322964277882,0.071098932786624,0.009880285679117067,0.015324524726793824,0.008834137783681143,0.003128757131720405,0.01014732042720131,0.007107242193199545,0.014167956822884853,0.0035928311560425707,0.010727167308755673,0.008834137783681143,0.006764880284800875,0.013173714238822758,0.006923713505436266,0.5887809801191687,0.005143162408307515,0.0038311311816984555,0.006704479567972295,0.008731415251312758
72,0.0024767568934571517,0.005189395395814985,0.0052519182319091424,0.007515676090490666,0.028743279284856205,0.0030271473142254074,0.0016787751175331733,0.04378456521886697,0.007388291749973875,0.011469203024923243,0.0072651535541409795,0.004637332055834667,0.34253525284987074,0.005189395395814985,0.0016026074016487451,0.0015403152411606312,0.0011009516565640169,0.09184882478243522,0.010378790791629969,0.4173763679488493
73,0.01484698001924917,0.14107010342007745,0.002213373554625206,0.0032851076479373173,0.0023495811579867572,0.000700563189307978,0.16354360907314608,0.01752573938592974,0.07019756342434477,0.05088467924194611,0.0594473079970737,0.05635579035475566,0.0007103384896239033,0.07117769971591074,0.1198667212852085,0.06619278591915254,0.1079367550069617,0.04713527491713201,0.0011166001108286706,0.0034434260888017657
74,0.002184154739169436,0.0032262677846555065,0.004792417194682451,0.005876416322051102,0.0055550822255803775,0.0018912604254877111,0.0020230285698864445,0.3049524621588454,0.004656782745776345,0.39104341312825286,0.003104521830517563,0.0033809518565225518,0.006992281290559062,0.002264307206661892,0.002178629728106336,0.0015720349396569828,0.0022135379867815807,0.2451237114519504,0.004148058580271366,0.002820679834584528
75,0.057060806712020504,0.06646566037900638,0.06990401248965224,0.12122042981001532,0.04428797045538254,0.00031409611876155006,0.10857358241662342,0.022982158050717436,0.02091376382615287,0.06297985152210295,0.038382907727998204,0.040170188032720947,0.0009210379454375804,0.05019303318276688,0.03529749168970948,0.06944180850215738,0.048495684234557385,0.03991779385984676,0.046997222081242414,0.055480500963127746
76,0.005535461496974512,0.017334181761538905,0.011429130831783894,0.008813990726206224,0.008965956083554607,0.004463737792670963,0.010000489477810907,0.011556121174359271,0.009203990315861367,0.017333649137684905,0.008635161091683352,0.011818760291958346,0.004727504116783339,0.016250795401442728,0.003866360244209422,0.003501854901320992,0.004444661990138181,0.8216121389822441,0.010000489477810907,0.010505564703962975
77,0.04964341978151424,0.021751868186116786,0.030932950215756573,0.09138843965520456,0.02696924750412716,0.0002747805375016273,0.10084614831597374,0.05630421847352863,0.06438552983090567,0.0833938033562362,0.04491633866945475,0.046368179919376515,0.00038403063072516583,0.09819143982926792,0.05991732340231121,0.03497201352800656,0.044224425461098844,0.04405493100480949,0.05187386362037856,0.04920704807770569
78,0.0057583177880287904,0.012631148696321218,0.009789140239648945,0.008799227181706917,0.009789140239648945,0.004717657946818769,0.004661495352213783,0.20059734057020026,0.007055236208755996,0.617378308215423,0.025416863435333968,0.0085122958605643,0.0029330757272356383,0.015065251585078893,0.002847749887897874,0.0029441023277139676,0.00421038289877374,0.03896895607746721,0.007753774447246688,0.010170535313920981
79,0.002517069492261096,0.006131323122174463,0.3763754272420919,0.007840052516878823,0.007137958261635943,0.0027172909291455012,0.0032756383803397822,0.006053711437083647,0.007472550055150128,0.0025574502862545892,0.007246109144388001,0.021990715456702704,0.0023793194205453147,0.0053735191407821145,0.002193776162979854,0.5213225064817302,0.0022992461708154243,0.002934007383617228,0.007357587746609356,0.0048247411688137785
80,0.005991999902245815,0.014909427404271803,0.3617088216202949,0.5180348580101723,0.007208953909757795,0.004027358941383387,0.007053922642881283,0.009791265758029242,0.017391206164216997,0.0028155141879311557,0.00851967280244103,0.004151992441695945,0.0031090749089476744,0.005655300049896201,0.0032475980484552446,0.0026032333563014262,0.002624059223151838,0.004000090279194874,0.010250231340436863,0.006905419008294309
81,0.03399169091384465,0.0711782691633081,0.009799496937019082,0.0020932978497974746,0.03957679183135606,0.006015470834584639,0.2934871558852001,0.0010217771152346213,0.0011791361305821218,0.0005307792268717243,0.009180581340996825,0.32590594295032776,0.0006358481523275606,0.022951453352492063,0.0014401266145506143,0.14716842545769093,0.0006402182427215644,0.0008705771431400713,0.021653509093937335,0.010679451764016714
82,0.003031737618086042,0.03683065840896278,0.025240116548137525,0.006558452806471847,0.009592960821406583,0.5059732620387485,0.015303056548434309,0.008456952303082119,0.00642728375034241,0.0023371940910336037,0.007561510294520483,0.010893701271766797,0.0023804754630897813,0.007141426389269344,0.0020666507235827685,0.0021648985024630947,0.0027584908799752833,0.017221896783566355,0.006695087239940011,0.3213641875171205
83,0.00455704816485697,0.012369130733183208,0.7514249437922652,0.020013464139640526,0.01587371777425178,0.004762115332275535,0.006392101117148368,0.010582478516167856,0.014006221565516279,0.00430960663554347,0.01253188245335667,0.006392101117148368,0.005012752981342668,0.014430652522047076,0.004251888689531727,0.00693535922818208,0.0035538174121459206,0.0047860455600759145,0.011474976704278397,0.08633969556104178
84,0.005693256288079786,0.011213989658338972,0.01541923578021609,0.005212136038382903,0.28984389113557113,0.00513974526007203,0.009251541468129655,0.038627170687507095,0.004303042543316118,0.01862885834961986,0.0054420832165468554,0.008810991874409193,0.003217927467175532,0.005606994829169486,0.0027210416082734273,0.0031901867131481567,0.003008631371749481,0.004934155449669148,0.1112741055573694,0.44846101470325567
85,0.006314225357563668,0.03403412249466941,0.002085118555218504,0.002442567450398819,0.019663639606478114,0.0012855618159993785,0.37267364131663,0.017773375080549582,0.007270926169315737,0.0018456966429801493,0.015648297625266476,0.001921120466605813,0.0006601533649726539,0.02552559187100206,0.16453067217423045,0.13404709256801675,0.08831145743148075,0.014541852338631478,0.025256901430254667,0.06416798623973562
86,0.004882038172445763,0.012267685664094481,0.013669706882848137,0.006599168839995654,0.09793769618532425,0.00370883520077275,0.008109148150842117,0.02857321779829023,0.004882038172445763,0.7567076272843515,0.007035878542642424,0.012112398503789491,0.004578370726312774,0.005834630986581523,0.0024348078417286757,0.0030571229450459094,0.004492391933330373,0.007819162949168212,0.006599168839995654,0.008698904379994269
87,0.002100606132846807,0.015438951493834101,0.004613831327502808,0.0075586533355229465,0.005616838137829506,0.002348859584910521,0.0035393774567144833,0.4302672477593709,0.004167331521615441,0.2253797106829102,0.056437944905238,0.004874991591323722,0.0016352819894946663,0.004306242572335955,0.0016562471432061362,0.001565906389940347,0.01612512711578229,0.20260481790962195,0.004379229734578937,0.005382803215419943
88,0.019250181876868284,0.029292231614601177,0.1255933161546047,0.08669274424586938,0.01643308209000951,0.14876193922434097,0.13028029044331862,0.006537573345030908,0.01104936703178519,0.00916807622942204,0.02648555355166367,0.18675493520349096,0.01524004802726877,0.017066553763774087,0.0021778783492783687,0.0664030664045282,0.04092018023732038,0.012596787664815654,0.001186819186521477,0.048109375355487725
89,0.06559065310621495,0.08731827721262568,0.17406822931156637,0.071554116177208,0.049414765893004205,0.054060765755084575,0.04278595583418658,0.014066615616718878,0.010047425432401474,0.011434177852239517,0.03540906689725787,0.038507360250767925,0.0594884947427193,0.057711289264716775,0.0018931838864684324,0.060261909625614896,0.019780441893191784,0.013834979730814823,0.051954374941512275,0.08081791657568577
90,0.04207606887971551,0.17350640767126324,0.12117296501483492,0.07767222886625252,0.003570090692824347,0.07651773350152133,0.04819622435312868,0.026288849647161095,0.0025754205171479687,0.0073395265512378694,0.054220752397269756,0.06995599047238818,0.03634046862989916,0.07229433652969303,0.0016065408117709552,0.057325905618258774,0.048196224353128675,0.033789744247573916,0.009229064237833148,0.03812545700709695
91,0.03699077465914212,0.026588535037118943,0.004009188828840582,0.004768559953022632,0.07055058680383064,0.29225814816336526,0.01775763069212064,0.03423438310480962,0.011601652052185482,0.0801429911499655,0.04685282559536445,0.0035423588222453827,0.0025651563885225187,0.007438953526715305,0.005419498816308916,0.020500828318256028,0.04118929722669402,0.020130194757404785,0.12580104634899922,0.14765738975508796
92,0.02726122070201291,0.020079692308257884,0.012065501519737835,0.05226625792002419,0.04231078022097196,0.012213421094713557,0.009078175066568694,0.12636819692663626,0.0063028739282212564,0.10305858845094593,0.0418833986025783,0.005706656124200327,0.33151051969684625,0.0316442996153732,0.0037431337952202677,0.005742323087510194,0.027314806263910304,0.101094557541309,0.007898012307914764,0.032457584827046984
93,0.03304969811679539,0.052244378230546444,0.11048041941900175,0.08037596650853301,0.02961219818735427,0.026650978368618846,0.0034804675129857608,0.025967619948910666,0.008492554951844995,0.02775182260754529,0.03750878437064874,0.10825320046212548,0.18856105758151517,0.08702037973990506,0.018929964923231218,0.07404736948486473,0.02764631960675795,0.03316566196983678,0.019941379032496803,0.006819778976481588
94,0.025701566226437936,0.04415397274798312,0.005111384719799804,0.004867985447428384,0.06985205212511615,0.008696994632178493,0.009111137233710804,0.05588550287013015,0.013045491948267738,0.10438573396563323,0.16022957159618628,0.019133388190792685,0.02414893655148592,0.0027260718505598956,0.006212139022984639,0.00987529713073171,0.012290508622335276,0.09386904422965048,0.1698088201932851,0.16089440069530211
