site,A,C,D,E,F,G,H,I,K,L,M,N,P,Q,R,S,T,V,W,Y
1,0.00265,0.00669,0.00694,0.00377,0.00770,0.00242,0.00453,0.00700,0.04940,0.01939,0.00302,0.00589,0.00152,0.00281,0.84352,0.00181,0.00183,0.00259,0.02003,0.00646
2,0.14688,0.04328,0.00608,0.00385,0.00674,0.16679,0.00776,0.00625,0.00441,0.00228,0.00360,0.00367,0.00344,0.00586,0.00294,0.56898,0.00491,0.00305,0.00337,0.00585
3,0.00373,0.00407,0.00943,0.00334,0.27717,0.00130,0.01112,0.01840,0.00450,0.06405,0.01920,0.00968,0.00328,0.00397,0.00117,0.00177,0.00318,0.00286,0.41684,0.14093
4,0.02812,0.01859,0.01663,0.01286,0.01937,0.00657,0.10022,0.01876,0.00811,0.00603,0.01572,0.01771,0.63132,0.00704,0.00371,0.00512,0.02244,0.00808,0.03349,0.02010
5,0.02426,0.05454,0.00319,0.00295,0.00333,0.09169,0.01937,0.00331,0.00209,0.00101,0.00287,0.32381,0.19285,0.11442,0.01373,0.11275,0.02429,0.00246,0.00284,0.00424
6,0.11704,0.17086,0.00210,0.00452,0.00295,0.07458,0.08762,0.00106,0.00422,0.00113,0.00727,0.15902,0.03156,0.00413,0.01168,0.11961,0.18105,0.00736,0.00276,0.00946
7,0.02605,0.06391,0.01319,0.28605,0.00484,0.04056,0.18514,0.00383,0.00370,0.00246,0.01945,0.15363,0.00312,0.14465,0.00254,0.03326,0.00211,0.00171,0.00567,0.00413
8,0.02466,0.03260,0.00437,0.00335,0.01766,0.01915,0.00986,0.06716,0.00581,0.22880,0.05417,0.00381,0.17671,0.02865,0.00353,0.04625,0.06969,0.18460,0.00883,0.01034
9,0.01331,0.07635,0.00921,0.00876,0.07676,0.00532,0.02855,0.01891,0.00521,0.20526,0.13008,0.01145,0.06976,0.01271,0.00216,0.00970,0.21039,0.02974,0.01827,0.05810
10,0.03702,0.15093,0.00721,0.02518,0.00579,0.17046,0.02403,0.01575,0.00354,0.02252,0.00833,0.01772,0.00268,0.04685,0.00425,0.15561,0.22469,0.05900,0.01378,0.00466
11,0.35297,0.13495,0.00628,0.00547,0.00634,0.09663,0.00455,0.00616,0.00751,0.00762,0.02230,0.00470,0.00584,0.00643,0.00338,0.26411,0.01394,0.03315,0.01176,0.00589
12,0.05442,0.14583,0.00286,0.00269,0.00380,0.02119,0.00439,0.03741,0.00369,0.01650,0.02644,0.00359,0.00202,0.00475,0.00183,0.09967,0.34457,0.21301,0.00626,0.00509
13,0.00683,0.07009,0.01203,0.01653,0.01311,0.73464,0.01372,0.01302,0.01168,0.00477,0.01150,0.01071,0.00564,0.01329,0.00531,0.00566,0.00510,0.01213,0.01825,0.01603
14,0.00808,0.09086,0.00532,0.00711,0.04010,0.00663,0.00464,0.13744,0.00406,0.22791,0.10083,0.00395,0.00504,0.00400,0.00113,0.00231,0.14283,0.19243,0.01066,0.00468
15,0.00763,0.15674,0.00249,0.00252,0.00458,0.00210,0.00200,0.22813,0.00144,0.10620,0.16942,0.00128,0.00120,0.00313,0.00095,0.00230,0.11575,0.18220,0.00741,0.00252
16,0.07090,0.60684,0.00657,0.01252,0.02631,0.01675,0.00544,0.00695,0.00782,0.00931,0.01429,0.00507,0.00303,0.00792,0.00164,0.12951,0.05377,0.00636,0.00401,0.00498
17,0.14773,0.12925,0.00351,0.01512,0.00532,0.06343,0.00251,0.02858,0.00285,0.01968,0.25019,0.00294,0.00051,0.00674,0.00122,0.15055,0.13424,0.02888,0.00278,0.00396
18,0.04498,0.04100,0.00501,0.00401,0.00654,0.04073,0.00255,0.10756,0.00342,0.37242,0.15916,0.00511,0.00307,0.00397,0.00101,0.01730,0.05960,0.11320,0.00458,0.00478
19,0.31939,0.20800,0.00290,0.00285,0.08707,0.17280,0.00593,0.01050,0.00296,0.02060,0.01813,0.00616,0.00099,0.00362,0.00110,0.09123,0.01470,0.02232,0.00417,0.00459
20,0.25203,0.00837,0.00811,0.02789,0.00395,0.35347,0.00597,0.00554,0.00825,0.00175,0.03388,0.01230,0.00255,0.00943,0.00994,0.18101,0.06271,0.00283,0.00393,0.00608
21,0.21087,0.07337,0.00407,0.00183,0.06957,0.23760,0.00624,0.00571,0.00242,0.00172,0.00254,0.02236,0.00190,0.01500,0.00073,0.14344,0.02108,0.00663,0.00943,0.16349
22,0.05771,0.11169,0.00100,0.00139,0.10302,0.00501,0.00197,0.05866,0.00146,0.13856,0.27490,0.00189,0.00185,0.01689,0.00040,0.04210,0.06130,0.09291,0.01357,0.01373
23,0.12058,0.15362,0.00852,0.02079,0.00325,0.04123,0.07139,0.01020,0.00368,0.00784,0.02897,0.03918,0.01561,0.12866,0.00272,0.07383,0.16980,0.09585,0.00207,0.00221
24,0.06378,0.02401,0.00450,0.03551,0.00457,0.01334,0.30781,0.00329,0.19815,0.00111,0.01292,0.11961,0.00224,0.07950,0.09399,0.00914,0.01613,0.00226,0.00346,0.00469
25,0.09290,0.16708,0.00235,0.00101,0.02556,0.00403,0.00664,0.10477,0.00263,0.07465,0.19516,0.00368,0.00311,0.00666,0.00523,0.01410,0.03321,0.20764,0.02413,0.02546
26,0.00314,0.00480,0.21378,0.05031,0.00497,0.10351,0.03608,0.00699,0.02516,0.00205,0.00773,0.14663,0.04075,0.05044,0.01582,0.16688,0.04886,0.00270,0.00583,0.06356
27,0.05058,0.08320,0.00688,0.00565,0.01653,0.00874,0.03061,0.24391,0.01630,0.08999,0.10965,0.04749,0.00419,0.02903,0.03397,0.02739,0.05418,0.11799,0.00417,0.01955
28,0.11224,0.02194,0.05850,0.23123,0.01474,0.00175,0.07098,0.01283,0.06952,0.01395,0.02322,0.02314,0.02555,0.13881,0.02363,0.03099,0.06314,0.04530,0.00529,0.01324
29,0.05950,0.08206,0.00855,0.01809,0.15683,0.01803,0.04382,0.04892,0.00852,0.05571,0.12612,0.01152,0.00109,0.04777,0.00088,0.07328,0.05229,0.06207,0.03470,0.09024
30,0.10021,0.10496,0.00484,0.00481,0.00150,0.07148,0.05998,0.04714,0.13458,0.00267,0.12348,0.03022,0.01980,0.01694,0.01521,0.03439,0.15473,0.06216,0.00169,0.00923
31,0.19810,0.00977,0.00764,0.01659,0.01046,0.55644,0.01188,0.01105,0.01746,0.00333,0.01601,0.01116,0.01962,0.02397,0.00239,0.03566,0.00559,0.02811,0.00689,0.00788
32,0.00754,0.02929,0.02185,0.01766,0.02507,0.00763,0.03133,0.02632,0.01698,0.00566,0.01789,0.01732,0.69947,0.00736,0.00326,0.00778,0.00559,0.00901,0.01517,0.02780
33,0.02508,0.00325,0.00562,0.00233,0.15296,0.07712,0.03978,0.09149,0.00244,0.06098,0.11985,0.00181,0.00139,0.00672,0.00078,0.00514,0.06925,0.08328,0.10435,0.14637
34,0.26980,0.13508,0.00316,0.01095,0.00440,0.08735,0.00470,0.00960,0.00900,0.00308,0.00761,0.00364,0.00181,0.00978,0.00315,0.35284,0.04853,0.01935,0.01114,0.00503
35,0.39339,0.13794,0.00921,0.00699,0.00843,0.08476,0.00741,0.00747,0.00647,0.00261,0.00788,0.00813,0.00520,0.00605,0.00293,0.01097,0.09496,0.18307,0.00886,0.00727
36,0.06680,0.20495,0.01201,0.00428,0.00822,0.05775,0.00907,0.17478,0.00304,0.02224,0.02203,0.01256,0.00547,0.00427,0.00192,0.07691,0.11186,0.18482,0.01232,0.00472
37,0.03372,0.06203,0.01350,0.00784,0.03607,0.45978,0.01508,0.01185,0.00694,0.00537,0.01233,0.04896,0.01185,0.00985,0.00232,0.06925,0.07117,0.01672,0.09331,0.01206
38,0.00377,0.07699,0.01156,0.00597,0.01202,0.00297,0.01314,0.03593,0.00460,0.37886,0.28643,0.00992,0.00382,0.00538,0.00220,0.00228,0.06251,0.07073,0.00340,0.00753
39,0.01552,0.08099,0.02234,0.01897,0.02069,0.00741,0.01407,0.05777,0.01279,0.32381,0.18672,0.01681,0.03007,0.00892,0.00411,0.00575,0.06144,0.08891,0.01021,0.01270
40,0.04751,0.06671,0.00412,0.00415,0.10028,0.07013,0.00483,0.11009,0.00299,0.05298,0.15786,0.00273,0.00172,0.00423,0.00149,0.03007,0.11567,0.17924,0.00832,0.03489
41,0.09426,0.10677,0.00645,0.00854,0.00639,0.17281,0.00713,0.16269,0.00758,0.05465,0.03034,0.00709,0.00315,0.00666,0.00241,0.01470,0.02473,0.27166,0.00663,0.00537
42,0.07949,0.00658,0.00983,0.00682,0.00666,0.39964,0.00796,0.00404,0.00426,0.00156,0.00432,0.01320,0.00283,0.00467,0.00659,0.31138,0.11634,0.00319,0.00410,0.00655
43,0.01175,0.01001,0.01083,0.01079,0.02737,0.00884,0.01212,0.00635,0.00822,0.00810,0.00732,0.00613,0.00671,0.00850,0.00355,0.00315,0.00503,0.00579,0.32085,0.51858
44,0.01963,0.04345,0.02424,0.01450,0.01820,0.00560,0.01111,0.17882,0.00824,0.00952,0.01354,0.01648,0.00577,0.01075,0.00369,0.00389,0.05474,0.54052,0.00876,0.00855
45,0.01820,0.03034,0.01825,0.02265,0.02398,0.00574,0.00849,0.18268,0.01209,0.01690,0.01573,0.00996,0.00535,0.01282,0.00388,0.00406,0.00630,0.56626,0.01039,0.02594
46,0.23420,0.27243,0.00126,0.00078,0.00085,0.00505,0.02816,0.00314,0.00115,0.00481,0.07913,0.02137,0.00041,0.02002,0.00147,0.05602,0.24909,0.01480,0.00079,0.00510
47,0.00588,0.02401,0.01037,0.01921,0.01831,0.59175,0.00812,0.00817,0.00801,0.00252,0.00955,0.18623,0.00381,0.01430,0.00851,0.02196,0.01341,0.02940,0.00769,0.00879
48,0.00477,0.00802,0.01071,0.00665,0.00638,0.02378,0.00612,0.01247,0.31791,0.00834,0.00344,0.02583,0.00551,0.00947,0.50476,0.01121,0.00882,0.00890,0.00437,0.01253
49,0.05159,0.06466,0.00408,0.00409,0.00473,0.11023,0.04075,0.00760,0.00348,0.00092,0.01867,0.12904,0.00525,0.01111,0.00362,0.20092,0.30430,0.02206,0.00248,0.01042
50,0.03446,0.18653,0.00407,0.00415,0.00382,0.00386,0.01530,0.08037,0.00310,0.04082,0.07257,0.03622,0.00261,0.00787,0.00587,0.03890,0.19983,0.25278,0.00286,0.00400
51,0.01043,0.04966,0.49651,0.20646,0.01240,0.00644,0.02444,0.01225,0.00783,0.00432,0.00916,0.02257,0.00311,0.03037,0.00289,0.02297,0.01558,0.00900,0.00864,0.04494
52,0.00366,0.07348,0.00867,0.00731,0.18879,0.00280,0.00446,0.05473,0.00449,0.17213,0.38298,0.00654,0.00209,0.00379,0.00169,0.00197,0.01956,0.01421,0.03887,0.00779
53,0.00459,0.02815,0.01097,0.00842,0.15643,0.00365,0.02603,0.02913,0.00801,0.00231,0.01060,0.02376,0.00259,0.01089,0.00753,0.00433,0.01655,0.11242,0.04908,0.48457
54,0.00379,0.00989,0.01015,0.00928,0.00916,0.00443,0.00549,0.43948,0.00519,0.24095,0.01321,0.00911,0.00233,0.00488,0.00200,0.00215,0.00488,0.20937,0.00709,0.00719
55,0.03710,0.09008,0.04666,0.33617,0.00392,0.00247,0.00571,0.05684,0.00680,0.02761,0.08464,0.00423,0.00165,0.08581,0.00164,0.02804,0.05126,0.12099,0.00450,0.00388
56,0.05460,0.00693,0.00628,0.00461,0.09651,0.00312,0.10658,0.03299,0.04804,0.04449,0.01964,0.00867,0.08590,0.05027,0.22696,0.02266,0.00453,0.00544,0.03928,0.13250
57,0.10285,0.11145,0.09744,0.06913,0.00225,0.01178,0.04014,0.00484,0.00258,0.00455,0.00259,0.07427,0.00092,0.04138,0.00092,0.09419,0.14534,0.09856,0.00304,0.09176
58,0.14442,0.13582,0.00574,0.00640,0.00575,0.35109,0.00804,0.00800,0.00666,0.00182,0.00731,0.00560,0.00238,0.05587,0.00181,0.06794,0.12285,0.05193,0.00564,0.00494
59,0.03575,0.05824,0.34785,0.16226,0.00759,0.04064,0.04016,0.01218,0.00674,0.00281,0.01463,0.05669,0.04487,0.01932,0.00225,0.03955,0.02428,0.01163,0.00728,0.06527
60,0.01190,0.01071,0.00730,0.01083,0.02266,0.00453,0.00676,0.61750,0.00622,0.04095,0.06618,0.01716,0.00963,0.00635,0.00248,0.00224,0.00286,0.10700,0.00778,0.03895
61,0.05392,0.06035,0.05354,0.06931,0.05130,0.04981,0.03469,0.04230,0.02242,0.06828,0.06292,0.06143,0.00041,0.06100,0.02210,0.06910,0.08157,0.05121,0.01958,0.06474
62,0.00647,0.00655,0.01446,0.00908,0.01318,0.00379,0.01162,0.01315,0.00762,0.02387,0.00932,0.01120,0.00447,0.00733,0.00799,0.00324,0.00451,0.00635,0.82405,0.01175
63,0.06324,0.04496,0.23810,0.23810,0.04270,0.01051,0.01766,0.03232,0.01355,0.00491,0.03032,0.01609,0.00136,0.07181,0.00238,0.00329,0.02920,0.07117,0.02558,0.04275
64,0.05090,0.04378,0.05230,0.05554,0.03530,0.00952,0.04841,0.04357,0.05497,0.06748,0.05593,0.07019,0.09084,0.07130,0.04579,0.04232,0.04027,0.06612,0.02409,0.03137
65,0.00753,0.05947,0.47604,0.05673,0.03768,0.12892,0.02087,0.00871,0.00765,0.00229,0.00736,0.13021,0.00285,0.00747,0.00254,0.00466,0.00802,0.00407,0.00917,0.01774
66,0.44247,0.38406,0.00653,0.00341,0.00553,0.00234,0.00595,0.00641,0.00684,0.00192,0.00543,0.00625,0.00290,0.00509,0.00223,0.00785,0.00415,0.08814,0.00570,0.00682
67,0.00495,0.01626,0.02649,0.23139,0.01039,0.00614,0.00580,0.07605,0.00978,0.16030,0.03985,0.00412,0.23577,0.04736,0.00167,0.00530,0.02646,0.07892,0.00551,0.00751
68,0.03078,0.06852,0.00783,0.00905,0.06935,0.00337,0.00890,0.17448,0.00757,0.00536,0.01313,0.00843,0.00463,0.00877,0.00968,0.00293,0.02770,0.52215,0.00767,0.00968
69,0.02289,0.01429,0.00725,0.00653,0.00507,0.05751,0.00425,0.00504,0.00659,0.00286,0.00764,0.01062,0.00209,0.00460,0.00237,0.41202,0.41474,0.00303,0.00496,0.00565
70,0.00550,0.01117,0.00964,0.01427,0.01051,0.77717,0.01236,0.01306,0.01562,0.00426,0.01273,0.01169,0.00835,0.01242,0.01502,0.00418,0.00709,0.03576,0.00931,0.00990
71,0.03852,0.03328,0.00471,0.00473,0.00353,0.04727,0.00609,0.03174,0.00215,0.00246,0.00450,0.23379,0.00228,0.00452,0.00191,0.15177,0.38433,0.01910,0.01819,0.00512
72,0.21571,0.04680,0.00905,0.01387,0.00919,0.00278,0.01035,0.01394,0.01300,0.00381,0.00959,0.01098,0.00707,0.01248,0.00392,0.59069,0.00546,0.00513,0.00652,0.00966
73,0.00224,0.00472,0.00492,0.00813,0.02977,0.00273,0.02510,0.04246,0.00617,0.03192,0.02712,0.00401,0.31380,0.00499,0.00162,0.00137,0.01651,0.11116,0.00762,0.35365
74,0.01515,0.16203,0.00282,0.00301,0.00252,0.00067,0.14513,0.01342,0.07433,0.05289,0.07943,0.04714,0.00069,0.06113,0.12208,0.05887,0.09240,0.06260,0.00118,0.00249
75,0.00219,0.00433,0.00441,0.00623,0.01545,0.00195,0.00217,0.37471,0.00435,0.39298,0.00355,0.00341,0.00645,0.00240,0.00149,0.00146,0.00209,0.16326,0.00390,0.00321
76,0.07107,0.08015,0.07236,0.09997,0.05203,0.00036,0.07626,0.02753,0.02694,0.06229,0.03434,0.05111,0.00095,0.04935,0.03971,0.06373,0.05306,0.04287,0.05587,0.04006
77,0.00665,0.01435,0.01267,0.00868,0.01003,0.00429,0.01101,0.01156,0.00955,0.01546,0.00839,0.01122,0.00477,0.01289,0.00403,0.00383,0.00475,0.82565,0.01029,0.00992
78,0.04942,0.04281,0.03275,0.06273,0.06649,0.00026,0.06435,0.05492,0.06649,0.07661,0.07972,0.05596,0.00036,0.07582,0.05591,0.03659,0.03898,0.03800,0.04912,0.05272
79,0.00509,0.01138,0.01090,0.00897,0.00913,0.00428,0.00456,0.26026,0.00648,0.56242,0.01639,0.00710,0.00253,0.01825,0.00930,0.00287,0.00354,0.04075,0.00757,0.00822
80,0.00304,0.00586,0.33957,0.00542,0.00598,0.00256,0.00439,0.00538,0.00647,0.00210,0.00681,0.09121,0.00203,0.00563,0.00198,0.48354,0.00223,0.00252,0.00584,0.01744
81,0.00806,0.01309,0.39827,0.47941,0.00753,0.00501,0.00694,0.00928,0.01666,0.00269,0.00826,0.00783,0.00270,0.00530,0.00285,0.00281,0.00292,0.00354,0.01026,0.00659
82,0.02733,0.06371,0.00705,0.00209,0.03637,0.00350,0.24120,0.00133,0.00148,0.00093,0.00822,0.36279,0.00065,0.03053,0.00244,0.15398,0.00065,0.00087,0.02811,0.02676
83,0.00273,0.05982,0.01655,0.00583,0.00730,0.44540,0.01450,0.00695,0.00593,0.00211,0.00638,0.00911,0.00242,0.00684,0.00191,0.00197,0.00221,0.01571,0.00561,0.38073
84,0.00515,0.01216,0.74350,0.01223,0.01321,0.00503,0.00615,0.01020,0.01175,0.00455,0.01278,0.01738,0.00482,0.01227,0.00477,0.00582,0.00379,0.00553,0.01167,0.09723
85,0.00528,0.01956,0.01361,0.00769,0.30918,0.00571,0.01007,0.02058,0.00541,0.01950,0.00783,0.01232,0.00342,0.00677,0.00284,0.00715,0.00342,0.00513,0.16177,0.37275
86,0.00646,0.02081,0.00216,0.00216,0.02909,0.00107,0.36006,0.01467,0.01013,0.00117,0.01485,0.00442,0.00170,0.01908,0.14204,0.12236,0.10132,0.01396,0.02220,0.11026
87,0.00506,0.01110,0.01288,0.00639,0.10984,0.00353,0.00917,0.02745,0.00551,0.74211,0.00678,0.00972,0.00445,0.00703,0.00245,0.00403,0.00451,0.01232,0.00648,0.00919
88,0.00280,0.01686,0.00568,0.00567,0.00670,0.00321,0.00464,0.23728,0.00761,0.35144,0.05677,0.00957,0.00212,0.01349,0.00296,0.00196,0.01121,0.24628,0.00466,0.00909
89,0.02424,0.04676,0.15132,0.08228,0.01417,0.17125,0.08557,0.00603,0.00717,0.01088,0.02561,0.14369,0.00992,0.03036,0.00364,0.06091,0.04114,0.01485,0.00235,0.06788
90,0.08070,0.07154,0.16852,0.07157,0.05565,0.05693,0.03654,0.01367,0.00584,0.01198,0.02869,0.03999,0.06664,0.07159,0.00292,0.05254,0.02059,0.02056,0.05961,0.06394
91,0.04051,0.14368,0.13514,0.09821,0.01832,0.07492,0.05508,0.02333,0.00278,0.00702,0.04155,0.06289,0.03315,0.04480,0.00242,0.06201,0.05302,0.05115,0.01108,0.03894
92,0.04700,0.03460,0.00355,0.00877,0.06129,0.29038,0.01169,0.02164,0.01310,0.07778,0.08223,0.00352,0.00276,0.01448,0.00706,0.03027,0.04235,0.01129,0.10137,0.13489
93,0.01755,0.03460,0.01011,0.02220,0.04957,0.01337,0.00899,0.15708,0.00602,0.08687,0.04914,0.00689,0.33961,0.03004,0.00611,0.00533,0.02860,0.07377,0.01960,0.03454
94,0.05036,0.07162,0.08165,0.07583,0.03315,0.01787,0.01986,0.04093,0.00734,0.03003,0.06150,0.09303,0.17536,0.06133,0.02819,0.05627,0.02593,0.03555,0.01967,0.01452
95,0.02429,0.04730,0.00557,0.00385,0.08943,0.00981,0.01014,0.06635,0.02543,0.09608,0.14946,0.01869,0.01602,0.00240,0.00798,0.01474,0.04266,0.05850,0.16673,0.14456
96,0.01812,0.01135,0.01164,0.00676,0.01333,0.00987,0.02457,0.03885,0.23916,0.00909,0.01369,0.04276,0.02370,0.05181,0.30138,0.07496,0.03982,0.01026,0.03372,0.02514
97,0.04874,0.03386,0.05086,0.34236,0.02609,0.00337,0.02864,0.01508,0.00607,0.03653,0.05539,0.01237,0.00299,0.13732,0.00267,0.02557,0.06127,0.04868,0.01882,0.04332
98,0.01949,0.04243,0.00857,0.00961,0.01165,0.00344,0.01162,0.38501,0.00554,0.14494,0.05612,0.00695,0.00230,0.00929,0.00216,0.00903,0.04460,0.21543,0.00583,0.00601
99,0.12156,0.09868,0.00306,0.00361,0.08924,0.05273,0.00329,0.13897,0.00283,0.13440,0.10640,0.00285,0.00148,0.00289,0.00131,0.00421,0.04468,0.11969,0.05667,0.01145
100,0.04194,0.03053,0.00444,0.00543,0.18386,0.03998,0.00451,0.04887,0.00380,0.16980,0.19333,0.00325,0.00141,0.00340,0.00111,0.00810,0.04581,0.10015,0.02960,0.08067
101,0.00542,0.00926,0.01146,0.02189,0.00574,0.00576,0.00942,0.00564,0.65314,0.00197,0.01003,0.04808,0.00481,0.00695,0.17250,0.00408,0.00344,0.00422,0.00860,0.00759
102,0.06142,0.10761,0.00322,0.00278,0.12278,0.11516,0.00137,0.12824,0.00108,0.09741,0.14832,0.00225,0.00049,0.00085,0.00047,0.04633,0.05861,0.09806,0.00182,0.00173
103,0.10292,0.12339,0.00405,0.00414,0.14472,0.03406,0.00336,0.13082,0.00537,0.07420,0.07689,0.00545,0.00164,0.00403,0.00198,0.06595,0.04792,0.15484,0.01160,0.00267
