site,A,C,D,E,F,G,H,I,K,L,M,N,P,Q,R,S,T,V,W,Y
1,0.0026479473080112657,0.006693975901231119,0.006941981680684941,0.0037738279361950264,0.007701035390434749,0.002424938805242111,0.004532690643370005,0.007003387834347682,0.04939727783602285,0.01939315497101324,0.0030238363608701153,0.0058872032385294945,0.0015208154641370949,0.0028139180256712888,0.8435228331646624,0.0018134185082099956,0.0018251412020942222,0.0025938892928786517,0.020030216487058352,0.006458509949335303
2,0.14688374543427368,0.0432772634760538,0.006078319793744001,0.0038487258498452665,0.006737581602544117,0.166790336571612,0.0077639577770279656,0.006249500620344301,0.0044139780744543245,0.0022825965835367554,0.003604947878047519,0.003671275530105217,0.003439453798659934,0.0058599809646488095,0.0029366245607107106,0.5689807188536706,0.00490890786085153,0.0030492447588784375,0.003370574423639354,0.005852265587351606
3,0.0037340936037538997,0.004068729644455976,0.009429979288192232,0.003343780430408816,0.27716950730136575,0.0012958050412259772,0.011124712578961827,0.018402540626697033,0.0045028150708545924,0.06405264995440678,0.01919941461691032,0.009676607681063876,0.003280071746789251,0.003967836396380267,0.0011712597569658813,0.001765261934719808,0.0031796923417098427,0.0028646016835821406,0.4168410336694112,0.1409296066321445
4,0.0281164104815458,0.01859409455184641,0.01663308605400261,0.0128552134638988,0.019372894553934202,0.0065728042178212305,0.10022274814372771,0.018759542398711786,0.008106472511814278,0.006027617414695779,0.01572151279600466,0.017713001199569502,0.6313162124274049,0.007044982172869821,0.0037113800932491135,0.005117583827038423,0.02244496850433668,0.008083536259373126,0.033488746951838,0.02009719197631731
5,0.024261991702208937,0.05454248104906844,0.003189854873749513,0.0029487572982806083,0.003329165551660009,0.09168591144207909,0.019365660446898667,0.0033075669687729977,0.002094949812174441,0.001005514650714519,0.002872536280761239,0.32381241929023197,0.19285454169072028,0.11441528054670763,0.013734457925683249,0.11275012210701306,0.024294280037452255,0.002460062468291781,0.0028353054653226517,0.004239140392208795
6,0.1170447760539494,0.17086424674956233,0.002102941325551316,0.00452098735686613,0.0029453937346294794,0.07457782973949385,0.08762329341801099,0.001061151245176286,0.00422350720322208,0.001129005764088907,0.007268650714232427,0.15901882231766437,0.03156240215153678,0.004130042360048342,0.011676686826464722,0.11961253802967176,0.18105468315685921,0.0073639117688698505,0.0027609685274089246,0.009458161556692908
7,0.02605251313663311,0.06391067549347144,0.01319031305710665,0.28604923022119355,0.004838949102871808,0.04056287210185836,0.1851411975978662,0.0038251613638102637,0.00369517974202435,0.0024634338057292443,0.01944950648762859,0.153625395497222,0.0031211297011654285,0.14465126138327042,0.0025417154503706582,0.03326256117842718,0.0021129793082757015,0.0017068647144570044,0.005668757867683689,0.0041303027889343785
8,0.02465752120439137,0.032602224947539275,0.004372400038887688,0.003353864552116589,0.01765719630538922,0.019146425525507906,0.009864204797508132,0.06715584768751104,0.005806880513622434,0.22879924154590525,0.05416938417010084,0.003810209786495752,0.17671115454252143,0.028645243119475295,0.0035331430436556116,0.04624952529695416,0.06968644291661343,0.1846037359979573,0.008833410450762115,0.010341943557085231
9,0.01330803090848133,0.07634704614781486,0.009212010922031036,0.008761873443938183,0.07676006637585792,0.005322203460389125,0.02854659200418,0.01890731657787371,0.0052084312069082235,0.20525809633344552,0.13008014651630914,0.011452654336305317,0.06975699436976401,0.012711560355631141,0.0021595650386094594,0.009703954767656115,0.2103933703931177,0.02974395522524445,0.018267220545364397,0.0580989110710784
10,0.03702483814991453,0.1509305031625234,0.007213935513511031,0.025177470027034327,0.005789529926283558,0.17045866603237836,0.024028632509910983,0.01574889264074343,0.0035431381327443723,0.022524362648248798,0.008326772107030244,0.01771954826365448,0.002676443783602092,0.046851643422863715,0.0042486678141893395,0.15561126533183353,0.22468639928904685,0.05899881962399156,0.013782630386765256,0.0046578412337300356
11,0.3529743746260492,0.134951650896081,0.006277667062649847,0.005473509286716475,0.006342526025758723,0.09662997383571363,0.004550591055122791,0.006161136422549801,0.007507467180731084,0.007624118437947074,0.022296177800435583,0.004701759398954141,0.00583896923168084,0.00642990977925701,0.003384330015879911,0.2641124617430964,0.013944803068372744,0.03314664375804294,0.011763090673572224,0.005888839701388565
12,0.05441864816499412,0.1458278106460501,0.0028619641089888633,0.0026865256366906828,0.0038037090148728453,0.02118642160105505,0.004389530513671144,0.03741013806509609,0.0036885223110317083,0.016495695011221643,0.026439836373955843,0.0035946438910866327,0.0020207865219971904,0.0047519797388668175,0.0018316776937006016,0.09966688549594221,0.34456651442307473,0.21300968416120314,0.0062617071969781725,0.005087319429522356
13,0.006826845671674488,0.0700914912597262,0.012029183736499192,0.016526157676754485,0.013105194138484925,0.734643151977243,0.013719134201634847,0.013021862525073416,0.01167663385783878,0.004772220185598006,0.011496574817329228,0.010706337830698617,0.005637306967545201,0.013286636742539748,0.005307397928097156,0.0056562885794481385,0.005099724741039002,0.01212506881644349,0.018245522322858553,0.016027266023473704
14,0.008081685217605602,0.09086142869276614,0.005317966797092431,0.007108495333787137,0.04009584864692992,0.0066326341724216,0.004640561043539105,0.13744146168005741,0.004055770302307624,0.22791106129997332,0.10082706316712005,0.003948344429296215,0.005036821129443905,0.003997451865913129,0.0011302849692141246,0.0023145923147419737,0.1428302116218763,0.19242501568152948,0.010661331604320099,0.004681970030064501
15,0.007633579637792998,0.1567379995807098,0.002486510118996896,0.0025239775756714135,0.004581717371624085,0.00209707437331294,0.0020026282330505743,0.2281311519974182,0.001442175102591684,0.10619511267656301,0.16942036707195637,0.001279254646232573,0.0012016800282139254,0.0031315404465321905,0.0009537385428448567,0.0022977040751221227,0.11574581715105602,0.18219876279494607,0.007414934118079596,0.0025242744572846944
16,0.07089895394447064,0.6068434611745155,0.0065691375434544065,0.01252061520292635,0.026308313364435027,0.0167498405877151,0.005435195896274287,0.006947076676851925,0.00782292302161659,0.00931162092000084,0.01429451606813704,0.005067238076535609,0.0030348835378447305,0.00792267951770506,0.0016436564763523118,0.12951010186117043,0.05376871043706032,0.006360751778275609,0.004006915259086519,0.004983408655571757
17,0.14773185328631003,0.129253661014591,0.003511753139753764,0.015117750595512534,0.005321998880229171,0.06342878345997448,0.0025137689438761205,0.028580420944574178,0.002848864463705084,0.019675594787818287,0.2501858800736388,0.0029370998260106994,0.0005083949556208264,0.00674480797849162,0.0012161363455516355,0.1505525114161025,0.13424321743060882,0.028884625143796156,0.002782142454732085,0.003960734859102265
18,0.044975985849678705,0.0410001006873842,0.005006418795314904,0.0040062868461246915,0.006544815376636198,0.04073235100749262,0.0025534319913848857,0.10756328138629308,0.0034158647915221167,0.37242122776413095,0.1591603399457979,0.005109216472516545,0.003067566015640061,0.003965862067337075,0.0010088622458628998,0.017299445724520534,0.059598952161845915,0.1132038754800287,0.004581210070485266,0.004784905320002878
19,0.31938853293985503,0.20799566723538163,0.0029020081499002916,0.0028475090788332483,0.08707108131610762,0.1728030023937324,0.005930108552183174,0.010496933753036468,0.0029625561696158386,0.02060336847098343,0.018128561391253586,0.006158528448683116,0.000986261632777573,0.003617404248426872,0.001102039839149602,0.09122535763014261,0.014703343109484736,0.02231928127505701,0.00416727281107213,0.00459118155432366
20,0.2520338989052872,0.00836822833154855,0.008113208406722918,0.027892478507226797,0.003947715407402763,0.353466970326314,0.005973873012685343,0.0055444445556083995,0.008250808484084953,0.001753489367716685,0.03388222227871566,0.01230106292310078,0.0025516138055617795,0.009429563203140657,0.009936019220045493,0.18101195523889171,0.0627121401119068,0.0028280886591935746,0.0039264139108442404,0.006075805344001658
21,0.21086518016644543,0.07337411251979764,0.004066561069959162,0.0018313051295563425,0.06956760868326195,0.2375950557698935,0.006243169395217863,0.005713596332987389,0.002423374303930108,0.0017194750831569406,0.0025419650687015702,0.022362611701656643,0.0018991862823703385,0.014995788447640842,0.0007253105725778968,0.14343627102923395,0.02108414885446093,0.006629687609732062,0.009432475446437313,0.16349311653298204
22,0.05771014181281725,0.111691864118336,0.0010015256578560794,0.0013914647073530373,0.10301758414193878,0.005005521784605099,0.0019690986532467703,0.05866211742222599,0.0014640696862923796,0.13855987385317656,0.2748960600516201,0.0018884613585720567,0.0018500908482276285,0.016886962763254427,0.00040398530875946037,0.042100774856703514,0.06129503860433059,0.09291023819777938,0.013569155302020292,0.013725970870884589
23,0.12057504296937621,0.1536200715639614,0.008517600399092084,0.02079310794133311,0.003253040309539075,0.041233298545731205,0.07139052878986286,0.010198246554225727,0.003684312470882437,0.007836473583806833,0.02897491276223696,0.03917796143022647,0.015605042197580389,0.12866106169268687,0.00272138727999767,0.07383237544010234,0.16979967779338442,0.09585027167053495,0.0020675206574603225,0.002208065947978704
24,0.063777235991812,0.02400526845331613,0.00449795769544951,0.0355068282035062,0.0045732425636262715,0.01333703617649074,0.30780584924563775,0.003293955329309348,0.19814769711178806,0.0011090224711528876,0.01292315622882898,0.11961172321567067,0.0022408696258668964,0.07949953750966578,0.09399047239649677,0.00913552333975338,0.01613413663722685,0.002260326908604773,0.0034577713323103152,0.004692389563486586
25,0.09289832519438278,0.1670824343425709,0.002349272306599018,0.001013770047935317,0.025557308609299726,0.004028210742073524,0.006642775827740435,0.10477444178451796,0.0026297702327538475,0.07464639166763426,0.19516100845203402,0.0036776100934507185,0.0031136572149163557,0.0066588782995199375,0.005234306301136016,0.014100464214580152,0.03320564627720108,0.20763720235545083,0.024130345848250263,0.025458180187952872
26,0.0031405408112074903,0.004801572110929175,0.2137765406568579,0.0503062344773292,0.004967301340536538,0.10350890143638954,0.03608326583303493,0.0069898832963965945,0.025161435683223002,0.002052698730708697,0.007729038880832269,0.1466311409374018,0.0407489411232756,0.050444965428102916,0.015820239054691137,0.1668802469463537,0.048857946757067394,0.0027048947605903245,0.0058292361453024,0.06356497558976949
27,0.050582135701404164,0.08320245883564935,0.006878135215822076,0.0056474780057328864,0.016532447409068174,0.008737485392932691,0.030614390560448738,0.24391475355071002,0.016299083618349225,0.08998600177846926,0.1096492683317164,0.047488403027846134,0.0041871784526057694,0.029032690663797267,0.03396663137677148,0.0273877479996944,0.054177055948229365,0.11799181304685137,0.00417404996124015,0.019550791122661035
28,0.11224069442935443,0.021941911664457317,0.0585012524941651,0.23123225412057624,0.014737943324312735,0.0017528834157349703,0.07098202054305297,0.012826226137592567,0.06951920337831961,0.013947988103234998,0.023216101877985507,0.0231444265282288,0.025547925057435514,0.13881387979648815,0.023630003822675927,0.03099472854066898,0.06313945161612718,0.04529910755370815,0.005293100410872691,0.013238897185008092
29,0.05950009495983529,0.08206190497545252,0.008548097430221087,0.01809410150063289,0.1568292142089818,0.01802742743471884,0.043824460580110726,0.048918779573877615,0.008519380207513768,0.055714491086327166,0.12611829898595625,0.011523935088199285,0.0010856965313931321,0.04776822766343675,0.0008823691477851961,0.07328137391271206,0.05228968990365571,0.06207034644126746,0.034701455313460396,0.09024065505446206
30,0.10020811932250323,0.10495925957278628,0.004838229345618996,0.004813751510224275,0.0014953790693373146,0.07147833518282144,0.05998122046725988,0.04713699937735146,0.13457668910171425,0.0026711101488203493,0.12348155919656272,0.030216137117088888,0.01979622501296163,0.01693821607012833,0.015213471913999702,0.03438735722307159,0.1547252623617873,0.0621598095605288,0.0016945541381714168,0.00922831430726216
31,0.19810077370565896,0.009767475384834768,0.007636912857466924,0.016588483242677577,0.010456043115690213,0.5564373215630353,0.011879773028585575,0.011052101579008109,0.017462065745551824,0.0033336050526613175,0.016008925822792435,0.011164448032345923,0.019618336549571597,0.023970068260584367,0.0023944903716430583,0.03566347968057279,0.0055893410630953365,0.028107951383145702,0.006893366410619475,0.007875037150458846
32,0.007544285393422177,0.029291962977216573,0.021849774810838506,0.01766370089742303,0.02506548214828347,0.0076342704825040015,0.03133219649009669,0.026316491050179785,0.01698173047664538,0.005659535379692569,0.017892679612359772,0.017318549505776677,0.6994746938406591,0.00736288769041089,0.0032556098326943683,0.007782830942621117,0.00559229568071274,0.009010102438969719,0.015166910628212793,0.027804009721280675
33,0.02508365302333987,0.0032520033794168463,0.005619949936212151,0.002326727992121486,0.15295594091292475,0.07712276101669162,0.039778613902765464,0.09148960816974412,0.002443210386031677,0.0609786804264637,0.11985256847256733,0.0018083223712756448,0.0013935254364146436,0.006720120219892563,0.0007796740826555955,0.005138897401842062,0.0692496151778409,0.0832839815526341,0.1043525547319818,0.14636959140718372
34,0.2698000091038641,0.13508127632768988,0.003161588714126121,0.010949012385524733,0.004396451195264065,0.08735294508480734,0.00470338340542614,0.009595340755543845,0.00900437738048754,0.0030800884976898354,0.007605751884113339,0.0036432490876897833,0.0018088393211634689,0.009778127978454737,0.0031511486867698084,0.3528350302741498,0.04852742173661697,0.019352133661590647,0.01114069384456933,0.005033130674458462
35,0.3933866207168351,0.13794124123831356,0.009214582529571714,0.006989534620099651,0.00843036471452615,0.08476150137371265,0.00741316323420195,0.0074732022433942795,0.006469960432666774,0.0026083890312378123,0.007877389692486138,0.0081265010172015,0.005204389886913844,0.006049711951781234,0.0029304898257086977,0.010966888275894432,0.094955512970945,0.18306871830822283,0.008857176348843662,0.0072746615874429614
36,0.06679614260283119,0.20494676201875228,0.012013500633276214,0.00428456207526168,0.008218226930001266,0.0577483360145527,0.009074353619153742,0.17478239050444766,0.0030389178988370277,0.022235893415853678,0.022027822186455225,0.012556978283502288,0.005465555194306189,0.004266036005969293,0.00191925750446227,0.0769120780270371,0.11185929790721093,0.18481539416738793,0.012315736623374986,0.004722758387326474
37,0.03372041775557871,0.06202520746493714,0.01350022625327367,0.007843541531686603,0.03607292239828279,0.45977924186392355,0.015078599930022857,0.01185254291930594,0.006939832610992587,0.005365526337465349,0.0123307066468949,0.04896223857811847,0.011849054503770126,0.009849419234744626,0.002317440172603444,0.06925098550378356,0.07117169164924211,0.016718801163855736,0.09330821985442485,0.0120633836270929
38,0.0037701141690566673,0.07699276238999178,0.01155897001287281,0.005971034850041732,0.012020295448398872,0.0029742899153619036,0.013137168700101272,0.035925770228841525,0.00460414178304688,0.3788576535313894,0.2864294896370459,0.009916991313969238,0.0038178065827593013,0.0053837291154428335,0.0021979478672352116,0.0022785658947645352,0.06250550346145665,0.07073031211972207,0.003400699892524487,0.007526753085977024
39,0.015523668136787946,0.0809948885980204,0.022336179958384356,0.018970295099785924,0.020691547279420196,0.00740931230919318,0.014068992567616782,0.05777396515501484,0.01279012347130793,0.3238141163051523,0.1867152470609198,0.016806520756398786,0.030073920179553706,0.008923750561744352,0.004106279170301663,0.005748701161938055,0.061437133259581535,0.08890574908518308,0.010209004937285686,0.012700604946409453
40,0.04751129295980522,0.06670577902626178,0.004119394257308656,0.004150044252931992,0.10027637688806,0.07012922810224023,0.004830268739000496,0.11009498350605913,0.0029850295079662556,0.052978893070794154,0.1578586009842763,0.002731300621705393,0.0017245695068677132,0.004234293917331901,0.0014853915847248239,0.0300709209443608,0.11566979261490144,0.17923672417926081,0.008315820081055393,0.034891295255087586
41,0.09426135911604545,0.10676530920691056,0.006454433462864809,0.008537357038988126,0.006392504005757492,0.17280992165573217,0.007126635028189534,0.1626911914387772,0.007578856437144022,0.054648747908459826,0.030337429359085826,0.007088084316166904,0.003148148461820872,0.006656344946510038,0.0024106380599147764,0.01470084053245644,0.024731902944569565,0.2716629193537907,0.0066318126260098255,0.005365564100805765
42,0.07948535146464251,0.006578522972827999,0.009830838692935787,0.006815490837108285,0.006661167698407207,0.39963902946868796,0.00795642875194489,0.004037343027617533,0.004260950438243862,0.0015627508114235966,0.004324189424197321,0.01319530031184206,0.0028304964202552334,0.0046742146017728125,0.00659488106638453,0.3113783853589715,0.11633832355717065,0.003187108059804239,0.0041020275101808085,0.006547199525581371
43,0.011751003673233812,0.010008302390462333,0.010825517001990128,0.010794511228642138,0.0273734426134415,0.008836282895937093,0.012121128172625851,0.006349162196371554,0.008221668683228362,0.008098873273429629,0.0073156857629755705,0.006125980672714744,0.0067105200548673,0.008504897950924073,0.0035526432274173548,0.0031511778853478083,0.005034671017776219,0.0057902675314051395,0.3208528399857508,0.5185814237814587
44,0.01963467634989694,0.04345358669658977,0.02424104141924559,0.014498851240483612,0.018199181092382787,0.005604819780464493,0.011112880520925716,0.17881527638691416,0.008238844500033373,0.009518306882749475,0.013543594002562338,0.016480105976730258,0.005765704267648694,0.010748895820994466,0.003685276985490578,0.0038874537612871764,0.05474075718733035,0.5405228465196684,0.00876063244096054,0.008547268167641326
45,0.018204875736761723,0.03034093031523599,0.01825210360202872,0.02265088226134737,0.023981699155943892,0.005744874513899265,0.008485148533163898,0.18268144309568804,0.012089032411836502,0.016895041822438044,0.01572679284503375,0.009955850636095949,0.005351498540909323,0.012819067117076385,0.003877541040656804,0.0040576321249567665,0.006298533692708886,0.5662592213535248,0.010390444689747891,0.025937386510945914
46,0.23419602494713787,0.27242539951774036,0.0012587671012345132,0.0007822827153481081,0.000849205905620678,0.005045121566630488,0.028164084489224226,0.0031390305744482695,0.0011504748650274042,0.004805266002734797,0.07912590983732906,0.021369427565194155,0.0004062070610466136,0.020023604809215764,0.0014685013411122553,0.05602165860668274,0.24908905399464276,0.0147950488498372,0.0007869164523944764,0.005098013797398371
47,0.005882731700312828,0.024014065130310677,0.0103658071404745,0.01920969362180186,0.018309399080198074,0.5917546042129497,0.008120174711926735,0.008167649656153375,0.008006418532001784,0.0025248117191217358,0.009552263186523696,0.18622638935473965,0.0038086051513885714,0.014303991892650936,0.008506686734025845,0.021960816669798485,0.01340542480254073,0.02940367418655797,0.007687805857787045,0.008788986658735906
48,0.004772809995206293,0.00801797281429198,0.010712841827278075,0.006651786606897772,0.006376740381443614,0.02377531922822093,0.0061240650419095875,0.012470342609814208,0.3179132659657569,0.008336377354701517,0.003443709623127077,0.02582766808646388,0.005508952737266484,0.009472132424661888,0.5047580657882061,0.01121101036313172,0.008823620215034514,0.008898014452617236,0.00437475922255707,0.012530545261412984
49,0.05159420676731948,0.06465905517396399,0.004084102922069576,0.004094197690766619,0.004728711235933652,0.11022648571784514,0.04075038387239772,0.007599293019330434,0.003482038577314836,0.0009199865185547555,0.018667681926825067,0.12903918423997648,0.005246279361963632,0.011111179483057197,0.0036203579454580927,0.20091999702404725,0.30430166661063757,0.02206018581987564,0.002479752279582048,0.010415253813080984
50,0.03446142376617472,0.1865271065835631,0.004067396817955804,0.004151069154813122,0.0038207641083193105,0.0038574921290773835,0.015304003656104598,0.08036617962115065,0.003101610379894495,0.040821292173503554,0.07256650430173994,0.03622426607418954,0.0026093722671570777,0.007869962886546235,0.0058681832538960395,0.03890382293824002,0.19982961191904466,0.25278352409805077,0.0028626861228217893,0.004003727747757206
51,0.010425581174619463,0.04966412839738521,0.4965105069853048,0.20646198841049465,0.012400806691350975,0.006441459997030704,0.024437974779524696,0.012250595647139513,0.00782787624341943,0.004323164753909097,0.009160362508457674,0.02257101345960902,0.003114652103944609,0.030373106505501336,0.0028915116452165146,0.02297429076673967,0.01558341320662618,0.009001449346659198,0.008641972285856154,0.044944145091211175
52,0.003656034444313038,0.0734799457377197,0.008672843977379309,0.0073071487063448735,0.18879101196886985,0.0027990555068891213,0.0044623211999677975,0.05472580617308063,0.0044929224458578835,0.17213214987906958,0.3829842022960694,0.006544031432880439,0.0020851713500969283,0.0037852091841560818,0.0016941422423411418,0.001965938983444188,0.019556123944226612,0.01420636737930687,0.03886831130166344,0.007791261846323065
53,0.004590877275754923,0.02814614890923302,0.01096798418792277,0.008422405181074401,0.15642739950209952,0.003652866357325422,0.02602942853604058,0.02912958015590185,0.00800694908620851,0.0023075470676178016,0.010595720863354368,0.023761839805324685,0.0025906131486128484,0.010890965396759425,0.007526074726499614,0.004326005065666619,0.016553751146003545,0.11242216734954956,0.04908374837312358,0.48456792786592695
54,0.0037947931030285335,0.009890366758528866,0.010147683759315934,0.009281033868472677,0.009157257064118232,0.004432572070972084,0.005487699594725253,0.43947525605946486,0.005190386838968312,0.24094680510224206,0.01320808776332649,0.009105324583622608,0.0023345578709043167,0.00488016864698345,0.0019954967306015114,0.002146428997862004,0.004880936597523082,0.20937145047784625,0.007088314440719896,0.007185379670773491
55,0.03710290442098656,0.09007807358680835,0.046662266386545026,0.3361662964712433,0.003918880947511327,0.0024740662693460216,0.0057076289020076935,0.05683754873877455,0.006797162138383256,0.027612776482470403,0.08464013031446721,0.004226091130090655,0.0016498527115892628,0.08581094461374911,0.001643482826206899,0.028038246081759855,0.051262267046670196,0.1209853779979001,0.00450338645297611,0.0038826164805142193
56,0.054600931471485044,0.006934787817662256,0.006275767042025948,0.0046101442313375585,0.09650825504197476,0.0031247951989617634,0.10658092441776029,0.03298598634398014,0.04804120753369354,0.04449200622915344,0.019643491155773175,0.00867263865970407,0.08589694846470146,0.05027179603686443,0.22695512402546417,0.022655984462913965,0.004525810354190785,0.005443894186752707,0.039277328643985594,0.13250217868161493
57,0.10285078491055337,0.11144568784579412,0.0974400706745967,0.06913434605754938,0.0022487265637358774,0.011779174957097524,0.04014432148761223,0.00484376453200207,0.0025797112380166122,0.004551101920227198,0.0025901446158802864,0.07426513329632285,0.0009217718357864864,0.04138108775930392,0.0009176330167934583,0.09419335965926103,0.1453406856749817,0.09856469147462522,0.0030431174045404195,0.09176468507531944
58,0.14442485207651587,0.13581675736328178,0.005738083835399842,0.006399760867509585,0.00575203693396498,0.35108976303149914,0.00804464157953974,0.007996099913337202,0.006657021702427147,0.0018241279170664998,0.007306837447384837,0.005599997861823454,0.002375899672396157,0.055867858534058956,0.0018076739352214097,0.06793590689214864,0.12284788531009205,0.05193350725797815,0.005643957008610215,0.004937330859744298
59,0.03575484490192492,0.05824178678778017,0.3478460987421302,0.16225931326592558,0.007594269416334909,0.04064205206726206,0.04016375289951566,0.012183810457722197,0.006744181283667643,0.0028058085234084207,0.014629237566529682,0.05668665166899712,0.044871292059853594,0.019320953952937536,0.002246544536465664,0.0395502619808246,0.024281540067955697,0.01163401333488375,0.007275574842249996,0.06526801164363068
60,0.011903421427299193,0.010705969445499258,0.007300850708420056,0.010834895561192616,0.02266469780245166,0.004532998073442057,0.006757005400253179,0.6174980844249989,0.0062210944715258365,0.04095348396521219,0.06618231929168265,0.01715667871658522,0.009630846262929408,0.006350162130581057,0.002481779625829789,0.0022392437232481004,0.002856904702481405,0.10700370242296713,0.007777816105743219,0.03894804573765694
61,0.05392097170211688,0.060354941619096304,0.05353894057980516,0.06930712095118562,0.05129881122766936,0.04981093854478713,0.034687557610957244,0.042298015946480534,0.022421916689665658,0.06827942971973079,0.06292238359305802,0.061432497805854476,0.0004068451312770739,0.061004138437875534,0.022103053338043365,0.06910360306323869,0.08157080307524935,0.051212545590308356,0.01958372638111572,0.06474175899248473
62,0.006474383103490213,0.00654865748986102,0.01445608356732237,0.009079644274879707,0.01318005043108539,0.0037936227168108004,0.01161993297983663,0.013146133246003389,0.0076237587807566135,0.023865091645007785,0.009316303996360797,0.011198215374815598,0.004466116506644548,0.00732722558166238,0.007989502342276843,0.00324479305152287,0.0045134021602443635,0.0063536860484616625,0.8240549191802454,0.011748477522711515
63,0.0632429629106505,0.04495640103055785,0.23809797049726913,0.23809554146972065,0.04270483526593696,0.010513442150624665,0.017662702540441635,0.032323678633632745,0.013546066065014956,0.0049144045567952105,0.030322180560727097,0.01608665229051099,0.0013567248117115108,0.0718095013268469,0.002380179896182905,0.0032873424047259203,0.029196400407121247,0.07117387150610364,0.025582024187853644,0.04274711748757185
64,0.05090130314714612,0.04377610372609267,0.05229958487109124,0.055543501747624235,0.035300456611346155,0.009524006133981999,0.0484135913836152,0.04357287200796045,0.05497322823255024,0.06748161745542157,0.05593062121011402,0.07018538690850151,0.09083673653035863,0.07130191673047219,0.04578762334292852,0.04231558989796655,0.04027491241009407,0.06612292904627164,0.024092363420779982,0.03136565518568298
65,0.00753320677338372,0.0594681279328147,0.47603923148015087,0.05672873712013112,0.037683242319981554,0.12892174544931148,0.020870350134614055,0.008711194504000756,0.007652532714896953,0.002294036896256239,0.007358805114492065,0.13021401207388297,0.0028524371399348274,0.0074715677503997035,0.0025394513618975816,0.00466473000346893,0.008016173803334518,0.004068098710743374,0.00916887160193116,0.01774344711437347
66,0.44246730899652703,0.38406234969198233,0.006526037031428525,0.003411939632906296,0.005530518185840651,0.0023414470454659595,0.005947838322585742,0.006410116723585314,0.006835111057420022,0.001919642591554636,0.0054312827599977175,0.006251068641679036,0.00290249478457816,0.00509329885763254,0.0022265708103984486,0.007845786625012936,0.004145080403632705,0.08814047593031475,0.0056963106928147635,0.006815321214642535
67,0.004952422552435785,0.016260610736203957,0.026487850464975694,0.23138946519751033,0.010393886001415551,0.006136764723983934,0.005797962093052358,0.07605355915652695,0.009778024083683086,0.16030221386055543,0.039845040297547506,0.00411765425746767,0.23577278191957188,0.047355495477623806,0.0016675174828910172,0.005296069847850755,0.02645693590341634,0.07891611959557397,0.005510841904327893,0.007508784443386045
68,0.030779099165800045,0.06852369819605768,0.007830468670859228,0.009048714169606684,0.0693477329606501,0.003373369830885401,0.008903496714840321,0.1744848172933848,0.007568387569310605,0.005358854813884811,0.013134436899570777,0.008426141147784408,0.004633753465018047,0.008774741692697883,0.009680885013698107,0.0029292024725683825,0.027697341640657885,0.5221512388583833,0.0076731455909147634,0.009680473833426797
69,0.022890790142003042,0.014292196219105253,0.007254965860442559,0.006526287165984599,0.005073307059545088,0.05750979928138924,0.004251959431035735,0.005035400883880724,0.006591402145488823,0.002858790094040399,0.007638683057032847,0.010615735529480573,0.0020923753552560295,0.0045952303235153496,0.002371396223962286,0.4120201625302524,0.41473935512150484,0.0030307105487488387,0.004958814771665067,0.005652638255666199
70,0.005498770136192128,0.011166092916831613,0.00963631517797261,0.014269436679447143,0.010507759183060279,0.7771662062103738,0.012356827452911001,0.013058026937333383,0.015620319331741206,0.004259095691416846,0.012733735888597534,0.011690888017465687,0.008345068939857014,0.01242273533857319,0.015023480239689947,0.0041777928963038745,0.007094526086700606,0.03576376661675368,0.009308194972215243,0.009900961286563219
71,0.03851970133886067,0.03327976450031972,0.0047136622377076795,0.00472988696237044,0.0035292164159786495,0.04727425301448308,0.006090916629310991,0.03173874622896874,0.002147853540967379,0.002462565138870036,0.004499728759170276,0.23379028712965852,0.002276112458923612,0.004524809414244284,0.001910315345423904,0.15176826312252334,0.38433276003661465,0.01910316967880174,0.018186549586493014,0.005121438460309214
72,0.21571353402748328,0.04680410822987541,0.009049241364339678,0.013866956864095973,0.009185578656395837,0.0027828747129788147,0.010345003629968381,0.013936076922016288,0.012999061604889414,0.0038127732388830347,0.0095901410003094,0.010979071723050654,0.007073139473366226,0.012477547362044499,0.003915404577973329,0.590687976098842,0.005462940380614667,0.0051347871108068785,0.006521549467653952,0.00966223355441221
73,0.002241016836283942,0.0047228727003838025,0.004924002165113163,0.008126363591521581,0.029766811251525555,0.0027309415392541806,0.02510387636857542,0.04246221372214484,0.006167843750707877,0.03191514198757107,0.027123886511084563,0.004009747640557258,0.31380022847783967,0.004988022466992415,0.0016164405109768429,0.0013657248340326323,0.016512860682963884,0.11115615183704908,0.0076182198325388355,0.35364763329288335
74,0.015153258922778842,0.1620328773112587,0.0028170484320060216,0.0030073995803604095,0.0025247793064843726,0.0006697648376354468,0.1451304207261009,0.013416083856858356,0.0743290790247399,0.05289432552068432,0.07943496473216297,0.04714352452502021,0.0006941176825419659,0.06113295652259135,0.12208041560012318,0.058867893886579405,0.09239703756408528,0.06260119166500583,0.0011781395596582398,0.002494720743324228
75,0.002189515009511563,0.0043318749299968125,0.004407773586020334,0.006229182678278873,0.01544813040334272,0.0019522612962170176,0.0021730737031613726,0.37470783575268357,0.004347065356742939,0.39298496815275524,0.0035536910858878124,0.0034126352186227976,0.0064457497620480095,0.0024034483702017263,0.0014923865894760453,0.0014570455837008688,0.0020948709475341483,0.16326443227787144,0.0038987234834097907,0.0032053358125370174
76,0.07107249100991923,0.0801503378535428,0.07235591561031866,0.09997266937183096,0.05202898394629635,0.0003552154164771664,0.07625783019388467,0.027533881270473893,0.02693661070356657,0.06228832167234254,0.03434079348401887,0.051108322667198454,0.0009524669203885315,0.04935070496557534,0.039712965629903084,0.06373048099587335,0.05305841883765827,0.042866632371913266,0.055868137734699584,0.04005881934411845
77,0.006653125475464872,0.01434728853969052,0.012668609977443493,0.008683578347087377,0.010029033523950112,0.004288937390123822,0.011011739652035864,0.011560188729665377,0.009553255467201071,0.015462615554966747,0.008387492621020566,0.011224766593570594,0.004766004204999436,0.01288927879090123,0.004030981410029467,0.0038276712688460296,0.004753129573460405,0.8256468478130112,0.010291276093226914,0.009924178973304743
78,0.04941999811169312,0.04281336171597754,0.03275307563136059,0.0627251093984801,0.066491194826136,0.00025520106181722374,0.06435293222524967,0.05492229334888248,0.06648621831254937,0.07660565158864321,0.07972177021789265,0.05596171560457119,0.00035642114274080376,0.07581761958905715,0.05590793017849038,0.03659050531907961,0.03897779313463303,0.0380037988837102,0.0491175651709714,0.05271984453806425
79,0.005093904431992081,0.011382031128647654,0.010897939677995466,0.00896990071729682,0.009132741960965736,0.00427859448527182,0.004560089453522136,0.26025542575684085,0.0064814588440291225,0.5624198209449305,0.016392159746259093,0.007095801112818967,0.00253452145201322,0.01824872545321782,0.009299909431679515,0.0028731374789671637,0.003539578430008378,0.04075352540149564,0.007573219094394251,0.008217514997653707
80,0.0030419425320601864,0.005864320608028786,0.3395715466885125,0.005421768927899542,0.005976594539659513,0.00256341612361805,0.004394325783229582,0.005382380629500231,0.0064713579400492195,0.0021004339990776965,0.006808773979607213,0.09120529988713623,0.0020309350714709466,0.005625855634444118,0.0019757048858758835,0.4835375346437624,0.0022269034152323716,0.0025220387782187562,0.005841850974333585,0.017437014958283082
81,0.00806256996764204,0.013091217317241458,0.39826571363110025,0.47941418385904844,0.00752951828872335,0.0050071836226259275,0.006938024637678304,0.009277792613277816,0.016660977131498583,0.002694285944799282,0.008263019329123872,0.007827819759696701,0.0027006302856384147,0.005304848165882899,0.0028509441159630445,0.0028059494728440624,0.0029177950177101653,0.003536216194365699,0.010261259601780344,0.006590051043359386
82,0.02732736225046685,0.06371008031550626,0.007052465059073479,0.002085331441374913,0.03636861302513192,0.003503543171725295,0.24120378162884606,0.001331880802824421,0.0014841422059103397,0.0009330772548969659,0.008224580171227628,0.3627856638218983,0.0006504160374126636,0.03052928210036966,0.0024401872310390363,0.1539791183327934,0.0006518407123605637,0.0008652578875451462,0.028108396630416203,0.026764979919180854
83,0.002727758923246494,0.05981886087652566,0.016545734862481374,0.005830365888411382,0.007301391200986084,0.4454005379558321,0.014496469321977611,0.006953128290626017,0.005929796739698632,0.0021139225253080838,0.006379076343426993,0.009113152259674668,0.0024154219146289113,0.0068415683203011946,0.0019058033130775933,0.001969379126779535,0.002205985992800768,0.015714252677093223,0.005605399815512169,0.38073199365161153
84,0.005147609533796809,0.012156190763426842,0.7435042803419534,0.012230523047483656,0.013210332522995962,0.005031825455666963,0.006151339458039521,0.010204426547176544,0.011747701543273934,0.00454704726656273,0.012782743024133654,0.017382219849353082,0.004824008550552306,0.012272739873758341,0.004766130236477776,0.005817439357257291,0.003786860889304905,0.005533137978234827,0.011670607349151483,0.09723283641140001
85,0.005275449246800393,0.01956118178129161,0.01361328723545452,0.007691852304075686,0.3091817974543187,0.005713420717664376,0.010065944887382312,0.020580529327042147,0.00541068736298671,0.019503422222225775,0.007831037606575041,0.012316532340118522,0.0034240930685514414,0.006770912788738186,0.002837524896859543,0.007146778920942885,0.003424093164901163,0.005131838634840426,0.1617687688099844,0.3727508472292463
86,0.006457578275684816,0.020814438984807667,0.002164880380304821,0.0021618328785790683,0.02909433725366431,0.0010742329583289358,0.3600640735228813,0.014668720537662787,0.01012843934105178,0.0011689674883094616,0.014849640988152118,0.004418331920288137,0.0017016576973370732,0.01908003803958662,0.14204420374126406,0.12235734043046705,0.10132150166022663,0.013962863232470563,0.022203323031270993,0.11026359763766186
87,0.005058454266572899,0.011096410478962674,0.01287626094896918,0.00639439283671768,0.10983838829998245,0.0035273596551513146,0.009174126297196042,0.027447618402239807,0.0055065856201808,0.7421141374006565,0.006780068011325131,0.009723200617456735,0.004449911915149514,0.007034392249705251,0.0024483217202496094,0.004033874199504082,0.004511402123206575,0.012318629772529047,0.006475648456060297,0.009190816728184267
88,0.002797124182192582,0.016856171980895986,0.00567999505974127,0.005667140286578221,0.0066964678609365905,0.003205202746923515,0.004643062213889269,0.2372752660830708,0.007609451941597914,0.35144470990072857,0.05677328619848343,0.009573278262940554,0.002121940378066902,0.013494858496274159,0.002962715419350083,0.0019643150323418617,0.011207564211309936,0.2462798215277251,0.00465946030760576,0.009088167909347487
89,0.024235177898741633,0.04675984442273931,0.15131818414008946,0.08227920562919085,0.014169401524746402,0.17124776694709723,0.08556641095717969,0.006025676755605052,0.007170909895061382,0.010877643537616888,0.025608108627295335,0.1436873408741335,0.009921863584734514,0.030358475125111556,0.0036366598854197427,0.060905498906557796,0.04114408728381367,0.014853114191636122,0.002350055463116517,0.06788457435011332
90,0.0806971023775957,0.07154069132043261,0.16851563152487628,0.07157205166934764,0.05564655794096284,0.05692848637338375,0.036542513762796304,0.013668732988079016,0.0058408770788178676,0.011979800880827882,0.02869360586887683,0.03999323017678988,0.06663784539570425,0.07159328405476166,0.00292133363565979,0.052536023167511305,0.02058511817785556,0.020563292540746705,0.05960721597421668,0.06393660509075734
91,0.040512330389291695,0.14367545345201235,0.1351372491114388,0.09820692751540021,0.018318228740324533,0.0749188475984424,0.05508197154520453,0.02333120120962312,0.0027812060803324243,0.007023393588452396,0.04155010137387146,0.06288661257850497,0.03314945863714314,0.04480223810307943,0.002421694446432675,0.062013972137476205,0.053017891198286704,0.05114547465218949,0.011084764379940942,0.038940983262552534
92,0.04699940322878212,0.034595406530297516,0.003548081898719207,0.008767303813891012,0.06128898939690582,0.29037837328188204,0.01168761970305529,0.021644352010972288,0.013101142297022425,0.07777662301888681,0.08222607607284964,0.0035237310355901233,0.002761017278880866,0.01447837702254808,0.007062031480289269,0.03026589949545103,0.04235099405289716,0.011289062839524466,0.10136975142327631,0.13488576411827866
93,0.017551000517078114,0.034599045149317324,0.010111860984252258,0.02219799426894241,0.04957143859065722,0.013372370672253405,0.008990937295413408,0.15708246636181686,0.00602206002293501,0.0868658068522568,0.04914119866224632,0.0068874295829640915,0.3396104915523351,0.030039179349385815,0.0061105974757673905,0.0053345824569478095,0.02859631602671349,0.07377215135727327,0.019604217425115877,0.0345388553963281
94,0.05036103180575566,0.07162283653438596,0.08165151828981483,0.0758339452158376,0.0331510253868078,0.01786672244525435,0.019860982978300402,0.04093104693817983,0.007340412342913036,0.03003247562526079,0.06149947243797351,0.09302777076588525,0.17535746572579522,0.06133469490735318,0.028188350850518518,0.05627261502089317,0.025926022154583422,0.03555284175350998,0.01967084709689515,0.014517921724082408
95,0.024285162848720464,0.047303412730218264,0.005574629577935601,0.0038451345395982156,0.08943074576257441,0.009812315118720967,0.010140482183559944,0.06634756871786056,0.02543394809831642,0.09607816973929208,0.149455179519914,0.0186899138456738,0.01602407313286304,0.002404419856110105,0.007978439614120944,0.01474278351793703,0.04265501013206188,0.05850206034780179,0.16673347888472564,0.1445630718319947
