site,A,C,D,E,F,G,H,I,K,L,M,N,P,Q,R,S,T,V,W,Y
104,0.008322833604985942,0.12631123941684544,0.011496645148209491,0.007261039040974416,0.0611017784170919,0.006206043555162926,0.006270897353568815,0.02045039114367974,0.004971522226252753,0.4665035775694096,0.19863515205213958,0.010612287829116456,0.014372384093960338,0.003998833095029389,0.001524417036226673,0.01010150368992245,0.020847486117343425,0.01074728943817997,0.0031898206191563914,0.007074858552744302
105,0.007377824364261379,0.014709824221068845,0.02998728612570754,0.01162007337371167,0.01723150837325207,0.006989517818773937,0.014084937422680814,0.02485248829779245,0.005436291636824173,0.0039022921373783616,0.7860107811411794,0.014301628767645133,0.010809370580196903,0.00920401851383103,0.00384134656982204,0.0039726746576792035,0.004602009256915513,0.005135944032579744,0.01093653964584628,0.014993643062853767
106,0.1622480621804234,0.1141004951000792,0.01958568725686463,0.002650761235782905,0.03456087460277762,0.06888924628974707,0.0033363029346922773,0.1706943406697185,0.003949093269635757,0.04222784678470221,0.07844409038130447,0.00552873057749006,0.0017004412783185288,0.0026875773640576677,0.001382182644372515,0.08140939022896898,0.07348798243067176,0.11188468071363268,0.017115074265011878,0.004117139791747917
107,0.08102559592840054,0.10333699190868478,0.0050823498928346065,0.005555126627051778,0.038321586448918095,0.021667433787304867,0.005971761124080662,0.2000649755228755,0.00530823211029392,0.14862290895102015,0.08087242845027504,0.0050823498928346065,0.003062441602092647,0.0044235267585782685,0.0016249690133552817,0.03800134541158085,0.04263229169917314,0.2015077231840209,0.0034124349280460916,0.0044235267585782685
108,0.16077676489381731,0.30472263376434594,0.004824470429180628,0.006578823312519038,0.004591412760747255,0.037924051705995845,0.004256885672806437,0.0045801934454246475,0.0057434171775959855,0.001301565763268155,0.006238539348078397,0.0054823527604325305,0.001924655756322059,0.006578823312519038,0.005655024465648729,0.37577634263743265,0.05072030029836091,0.005761043749927762,0.0030152940182378925,0.0035474047273386967
109,0.004912914203882658,0.24634737819182773,0.014432843371228724,0.019502780627534185,0.013134525728747513,0.5389518784619935,0.013693441717204855,0.010908334927264885,0.02383673187809734,0.0044081627445796455,0.013134525728747513,0.017394371911044003,0.006188382314506041,0.021453058690287605,0.006260858770615294,0.008229370608183096,0.005695502307156002,0.006530412578690623,0.011291083521204002,0.013693441717204855
110,0.004676726519822709,0.005540904246311688,0.001008178121676719,0.0002569865800352421,0.009803138281936066,0.0006473183373468894,0.0031860199416292208,0.8929824540066121,0.0013414820806859878,0.01355985150734887,0.010944194464619977,0.0007723684706979931,0.0001056960934015915,0.0012137218825254176,0.0006888691765684802,0.0034644100336162394,0.007645108219693488,0.006050854501636941,0.016061032034514432,0.020050685499319897
111,0.0547191789347087,0.011221480669485718,0.013293470848661195,0.013344463498847879,0.024687257472868582,0.003248323351693234,0.09928570940175406,0.018682715787307628,0.009051635611621485,0.02510568556562906,0.030859071841085724,0.15906629390088997,0.0013989151492070219,0.07987053888281011,0.028988825062838106,0.19924414692416345,0.14656986176161158,0.018749815802178663,0.04114542912144763,0.02146718041119007
112,0.008971898642927585,0.02435229631651773,0.026225549879326786,0.014823136888315136,0.018428764780067473,0.010823242807341212,0.015152539930277698,0.01748369991955119,0.011364404947708275,0.004842885126844238,0.012627116608564748,0.01663083650884138,0.5710221351641034,0.09195015026403794,0.004485949321463793,0.028622405291683084,0.08099958935972303,0.008741849959775595,0.01450775099707439,0.01794379728585517
113,0.041985039130400546,0.06520064712148199,0.010299955716127613,0.006355291824844698,0.07518154328410018,0.03290166171073758,0.006029597456368936,0.24823170000753342,0.004328966895184069,0.10836629293517057,0.05878709143062771,0.006493450342776105,0.0037337339470962594,0.005149977858063807,0.0022976824289823138,0.010670355049192217,0.003292601585242538,0.25287717592275066,0.04498397049685772,0.012833264856460911
114,0.2054927182851185,0.134253170128865,0.010229256813308817,0.00392838097054899,0.11234514938189452,0.07017876950619598,0.0038083101485387972,0.016539579540456286,0.003581759120206433,0.06890370907470578,0.09099553188251035,0.015131955749779151,0.0010682439481317428,0.0024114813878617566,0.0007540545516224068,0.06384859431133463,0.06348758394429128,0.04948256796360384,0.06167604728365271,0.02188313600737293
115,0.004989869969355085,0.07241708386698331,0.007100968802543776,0.009467958403391702,0.029034355303312658,0.004395837830146148,0.004395837830146148,0.3098265237045925,0.005511199667645916,0.11355695655072376,0.08305410711103402,0.00455864663867008,0.0030266424404284953,0.004795459451068524,0.001933248050954326,0.005322965138940654,0.0575012834244985,0.26789667921333926,0.005511199667645916,0.0057031769345792715
116,0.013476931575548879,0.029742193821900974,0.0479179789352849,0.01725047241670256,0.022115990277823794,0.008984621050365918,0.01116365830222074,0.021563090520878205,0.007632952396771045,0.008936221210541793,0.01391167130379239,0.016912227859512317,0.7255293665425296,0.006900188966681024,0.0036240488270383535,0.004906350513638962,0.004617428621903242,0.008539837830050773,0.011655724605880113,0.014619044420934375
117,0.0871426544760266,0.053823404235192884,0.007811615799670763,0.011996409978065814,0.28196221540219296,0.004230225945438183,0.006107263261560777,0.12149697018292169,0.005013425065460339,0.15141026103656308,0.11800567793628598,0.0047985639912263255,0.003427545708018803,0.006220360729367459,0.0021954214338943973,0.0019194255964905301,0.0022850304720125362,0.11022885054168238,0.016018870308093118,0.0039058078998353805
118,0.35347440605562896,0.1718157376870272,0.00510283070192632,0.0066712194866083915,0.008405736553126575,0.04521565567927121,0.00447113646442903,0.00933970728125175,0.00609111344429462,0.002101434138281644,0.006778819800908528,0.005530089837583273,0.005801363945954205,0.006004097537947553,0.002223739828869464,0.3147818414036728,0.01592889221955061,0.016865734653956833,0.007123505553497097,0.006272937726213861
119,0.2736506317882758,0.10340001182153628,0.007236831824903666,0.004001542648175974,0.00525253922775266,0.028931314843593244,0.004934203516979772,0.06501405425568164,0.004122245976210949,0.04175303783785544,0.04849408964972977,0.004284966212114012,0.001839872497856864,0.010061698872903115,0.0019500445037165567,0.12693126990502698,0.09282061238821335,0.11488848480185705,0.02380796353024962,0.03662458389736734
120,0.08160180133336072,0.1254558306213573,0.0028752228667888037,0.003717960603606212,0.09082332685717334,0.1821821689488006,0.0020734780289342336,0.05614584581537356,0.002695521437614503,0.04572542567789424,0.08098825395491438,0.0017390460887835506,0.000845653784349648,0.00209360888358408,0.0008591303386819134,0.09086432776869686,0.07764163189066173,0.10603205515211363,0.025804730518732652,0.019834979428578085
121,0.1992898245068851,0.07359999914597264,0.0076536157741684775,0.0065405051981512604,0.06815168752088115,0.07181556282994156,0.003889542442610211,0.09233454438312927,0.0026961601022638957,0.11635653966979709,0.07267070622746287,0.004313856163622233,0.0010452074405252105,0.003081325831158738,0.0012824977783741775,0.06227275048921729,0.1194183667498858,0.06995096148302413,0.017987248905804408,0.005649097357124353
122,0.007878104837698872,0.01313372241104376,0.029636680103724326,0.01555925705445527,0.14092628850412164,0.005186419018151757,0.02524929335698846,0.012447405643564216,0.008082730937379361,0.04090163482202799,0.02171982224257072,0.014144779140413882,0.00478746370906316,0.008891004031117299,0.0027660901430142707,0.003143284253425307,0.005657911656165553,0.006483023772689696,0.5239914798154345,0.10941360454694997
123,0.06054651147402812,0.03467059278416732,0.004736278854299993,0.0038532438136677912,0.16180403302805368,0.013297836168633751,0.04742383060496419,0.03318414571172695,0.005746172417615056,0.134609409412649,0.1820028795536797,0.00244453102157419,0.0012028644709333317,0.008193616225117765,0.0014956670066210507,0.00823520818565136,0.026471683188842014,0.02349320050387749,0.05560913306883205,0.19097916250506516
124,0.09069305331364709,0.026468108123552894,0.05708977203843677,0.0013592802866294466,0.11116605411892218,0.004573033605627464,0.028544886019218382,0.021408664514413787,0.008563465805765513,0.11336547361717998,0.0838334016730864,0.04281732902882758,0.00100157494804275,0.0016843341533170025,0.0012420788169711975,0.0028749841582479878,0.06840987945779825,0.14352902496892814,0.1485582723225596,0.04281732902882758
125,0.03348792714985325,0.008564864536623681,0.009818259346861298,0.010321759826187516,0.1729109027202282,0.0030266814527918277,0.039543554067863695,0.07545946251100266,0.005514364838648124,0.03731511882412218,0.05224116635377107,0.005160879913093758,0.0021759385579530437,0.0065991579216608705,0.0022615091754006355,0.0021759385579530437,0.0025317524101969376,0.06385031443238684,0.1283893071406238,0.3386511402627776
126,0.10116069464933587,0.04130933909909669,0.0014971706785034346,0.027146708125589787,0.05920218426316257,0.03994505484799343,0.05581350704944619,0.04222099347921469,0.022261978379949563,0.049187978733458954,0.04172278010032652,0.06882771422203339,0.0008298603189419039,0.10075636010961073,0.031019108521118118,0.06035818081887733,0.10101031438839991,0.121543032960516,0.004957120691891604,0.029229918562533243
127,0.015396877921784118,0.006939637479923544,0.014313002302342311,0.023772970178250325,0.0062741927900678614,0.26364548706068536,0.009509111804493871,0.0045348126106431064,0.3873260270453074,0.0014357870648117675,0.0047710007674474355,0.04037957264706147,0.0013921461205925652,0.011503050086250155,0.16951045286308097,0.02295136233300096,0.0015216480852988502,0.0038488745686970902,0.005388424396175928,0.005585561874084803
128,0.013089302021821786,0.00309583743510473,0.02088987534436955,0.021760286817051618,0.002299764951792085,0.0789953269324899,0.02457632393455242,0.0053302583068785,0.06758489082001914,0.0006999284635888955,0.0022358825920200834,0.10496706790552633,0.06510200877868592,0.08965238168625264,0.1336952022039651,0.225045516994899,0.13496984768762474,0.001238334974041892,0.0025965088165394515,0.002175453332776297
129,0.0042288393432348545,0.011230688091869613,0.013432783796157772,0.014341746306865797,0.012018806554456956,0.5773224052768635,0.009384547583617077,0.011811585751793906,0.02020882434149272,0.005230519241327526,0.013432783796157772,0.04041764868298544,0.22067446142243144,0.012233428100072257,0.0034391824466412963,0.002978573798278463,0.0048933712400289035,0.003983198291062334,0.009602312953275122,0.009134292981387288
130,0.008587588079592368,0.016434866841978497,0.01833119763143756,0.016434866841978497,0.010832071327667647,0.008745158503071126,0.010033918703523713,0.01191527846043441,0.8050122947794907,0.0039066486755522664,0.01444276177022353,0.007113599080856365,0.005043504110236789,0.01342566587091201,0.004649864765047576,0.0046726582197782005,0.0063127303101639266,0.009929398717028675,0.013814815606300764,0.010361111704725574
131,0.008410383135755064,0.016316143283364826,0.01568859931092772,0.012949320066162562,0.010734304791687386,0.007119001137735193,0.01149024174884847,0.010326672964154956,0.07698728901859068,0.0033850919675030766,0.05991388428189596,0.007696294001587182,0.0043860600224099,0.008077298655131102,0.6878659454774034,0.019174924483821923,0.0035316327453170627,0.009377093841014268,0.01457265488774468,0.011997164178944726
132,0.23543592713624142,0.00914767304736584,0.00953031820661383,0.01535440155510006,0.0062813460907227515,0.18065705598711457,0.00850397624590157,0.0033704783901439147,0.005698540783336104,0.002864033450692239,0.008375128120963669,0.01218700149857024,0.0048916677520672745,0.009061614032518067,0.002332314160268363,0.46526354467016184,0.0035708481893365228,0.0053665869512971075,0.006740956780287829,0.0053665869512971075
133,0.006230054031172193,0.018603981534169124,0.019797727254613855,0.017468582871718107,0.014604880761600386,0.7488627429389465,0.017468582871718107,0.017817954529152472,0.021211850629943414,0.0049770822707129805,0.014604880761600386,0.022272443161440586,0.007680152814289857,0.014848295440960392,0.004616050396153489,0.005963470293652968,0.0059791793721988154,0.0070380799265879245,0.010998737363674365,0.01895527077569412
134,0.55484575555147,0.19502307739636787,0.013175007464468322,0.012245073956329452,0.014374652035691096,0.005375886127169028,0.018367610934494176,0.014068808375357246,0.024490147912658904,0.004898029582531781,0.013775708200870635,0.018892399818336868,0.0033736428247030125,0.01322467987283581,0.00449819043293735,0.014962343709805686,0.005055971968318793,0.03742884211154985,0.012476113087580952,0.019448058636523248
135,0.004509080013929368,0.008029326691470717,0.008246335520969924,0.0066813375388880426,0.009655607327085588,0.0033901601586209694,0.006184751640727445,0.0861594092647644,0.005756875741054475,0.7800352724777887,0.039863300552813494,0.005481097262441089,0.0032027501975730407,0.005943787291088712,0.002179388673399194,0.0024806049941129044,0.003547842026463806,0.005399665256699281,0.006102288285517745,0.007151119084591108
136,0.005704006403329911,0.09387559320125086,0.009370867662613426,0.008582663840524444,0.007064192545662428,0.004193356305644363,0.009566094072251206,0.007589628354843931,0.008126947176425803,0.01630784264672185,0.006513085325788055,0.008055658166106278,0.004591725154680578,0.007466219763708258,0.004045272369510743,0.0031998084701606814,0.004614799150432741,0.004251597365444979,0.7793532237385379,0.007527418286361604
137,0.0056216308646999235,0.01423542009286916,0.7475977750253199,0.005947466873869546,0.011315333919972923,0.0050723910675740695,0.009806622730643198,0.009490280061912774,0.008248561175307364,0.0035023652609440003,0.009389319635722213,0.0077420705768235796,0.004163188895084377,0.011462286308543998,0.004745140030956387,0.003381594045049379,0.00418291964814165,0.005101711247155421,0.009193708809978001,0.11980021372943213
138,0.016171111769942296,0.010834874618226555,0.011952206023856774,0.006829832013632444,0.007621696594923162,0.0029745635905304335,0.06573713313121228,0.1611687599461199,0.012521358691659478,0.1307335845989095,0.045630952791143105,0.019477669075914746,0.00992258613301317,0.022865089784769484,0.004961293066506586,0.005594649628188278,0.009391019018744607,0.4410846149449532,0.0060447938511459555,0.008482210726608035
139,0.008600523009023002,0.017045619546264774,0.021733164921487583,0.0202168976013838,0.028042793447080758,0.009878711327948904,0.009312849884506919,0.017741359119581704,0.018110970767906322,0.005433291230371896,0.018898404279554422,0.018898404279554422,0.7291851874401407,0.012244036575485964,0.006122018287742983,0.005659957843950392,0.005441511816493383,0.011747656714317612,0.014988389601025923,0.020698252306178652
140,0.3579349504487043,0.3194278156204672,0.004371575812137842,0.00561390871086114,0.008888688792196805,0.00507958605879642,0.011227817421722281,0.013333033188295209,0.008365824745596995,0.004025066622881572,0.010406269805498698,0.010406269805498698,0.0036780781209090224,0.015819282297394564,0.007618876107597262,0.1800945449923581,0.004407887308519781,0.003418753833873418,0.01254873711839549,0.013333033188295209
141,0.00603592048720358,0.014343914552441578,0.017417610527964773,0.01681700326837978,0.01681700326837978,0.008867147177872976,0.3615967686431149,0.025668057620158616,0.014343914552441578,0.012015942796904485,0.011341699878674737,0.011894953531293016,0.40819220994415484,0.015240409211969175,0.005080136403989727,0.004976460150847079,0.012420651606155882,0.009952920301694156,0.01016027280797945,0.01681700326837978
142,0.04849220832766206,0.041017845389939696,0.0080939607084916,0.008904609490445626,0.03379247967084464,0.007068835033186889,0.03108474892798849,0.01645085621979386,0.22354748378720846,0.021818766401647725,0.07369636523960799,0.01844888716330325,0.07620204165775465,0.07576907551197197,0.1796377744777038,0.027709833330092606,0.05521887076648887,0.02921217369136268,0.0060704705313687,0.017762713673136282
143,0.0498363143354362,0.09783263906068741,0.009247237864603026,0.09418359502089955,0.05264632210891022,0.010617714796675295,0.046387668431627206,0.062481349316069294,0.015037173453712464,0.0484152744078497,0.05754861121216907,0.030015550161641126,0.022128811216107873,0.05264632210891022,0.016120989166485824,0.05429413802637745,0.06431903606065953,0.17632687093025862,0.002252013427622413,0.03766236889329732
144,0.03085288378510667,0.04737333464298821,0.02050967798635313,0.014834648216716042,0.03179000087884734,0.009059070545846457,0.09463070029052228,0.11560000319580854,0.05051561783488073,0.029259031168756142,0.06523610683630116,0.036992001022658726,0.010410760521727786,0.07454207102626276,0.037400001033938056,0.08105520691916633,0.052696938393764985,0.16462022968223503,0.02070046568855176,0.011921250329567755
145,0.04149290298034563,0.03638234014992182,0.004583125183587286,0.019612858516378284,0.01901437297986154,0.010897126035242285,0.05604236246696032,0.09807413431718054,0.12656297524832694,0.04938484777673631,0.05054499152636637,0.0734770918227197,0.09351254667452101,0.08686566182378849,0.05031424107014533,0.028345125525196697,0.06991423436472277,0.05383016394852768,0.004903706715859029,0.026245190873611702
146,0.031798052664700434,0.10362646016618773,0.0029130714109659593,0.027224136756480437,0.0511715801749441,0.026820966160660365,0.04147572086700056,0.06861388539708865,0.17359492975025803,0.06566128645140917,0.0412630248625544,0.019478873112920802,0.07509870524984903,0.0434934586389087,0.09364849759843409,0.029307678255026223,0.03754935262492451,0.048277739089188657,0.006004693916565752,0.012977886851932434
147,0.17046044708311706,0.016772578750424347,0.01098772314598716,0.011042873610413395,0.07957223407178064,0.27564286499302365,0.026731297383488804,0.04582508122883796,0.00998883922362469,0.01584076881984522,0.005783012182098504,0.008908964712962562,0.12285021776241664,0.00998883922362469,0.00779463494279555,0.025345230111752354,0.034216060650865666,0.0979687613133576,0.008240792359490368,0.016038778430093284
148,0.06373752284735011,0.03420940491806926,0.0942224511565341,0.16068509108605858,0.007905809844702133,0.03523058118428028,0.016989286113157205,0.07071790344601687,0.02761185172943138,0.06058960823603683,0.03700591842200998,0.03653945726543001,0.020801997996691322,0.049353294333854804,0.03810863641179818,0.07041843791890709,0.07950985900957573,0.06027061259322118,0.0026959973410517852,0.033396278145823126
149,0.030751963174074404,0.08525836301955836,0.01936576120667389,0.06427168904551324,0.00681387894308896,0.006540367574103106,0.006132491048780064,0.08787697383319759,0.011869337513767866,0.0022854003908497136,0.011149983725054663,0.022589419779117312,0.0026378278061299824,0.05729361994914324,0.04653083541067423,0.023480991782435755,0.30785109770040425,0.18735255468601697,0.009434601613507789,0.010512841797908679
150,0.013971615762253238,0.05788936001859177,0.050182726951101216,0.008012368168663223,0.04889599036261144,0.08323960264111235,0.10359653491313853,0.1007064042418559,0.050889291283481825,0.024323260512013348,0.027746534213704117,0.04889599036261144,0.0017788727339746796,0.016345231064072967,0.019170332729468297,0.0761174976023006,0.17550448694106963,0.013818432058998884,0.04864652102402669,0.03026894641494994
151,0.06824973538786137,0.03491846926820815,0.23841566699455397,0.13875520503030409,0.03626518709122443,0.012837781630909222,0.03682311304647404,0.004810390181859134,0.0037343818517064334,0.0034738785892900045,0.039711200344236725,0.1272153171539065,0.00804876787901072,0.030685927538728376,0.002425752313928965,0.02931193078326292,0.024015073725961327,0.009769533059959411,0.06721679365626214,0.08331589447235206
152,0.0076025639167644635,0.013938033847401518,0.014671614576212123,0.010721564498001167,0.011778620152733676,0.7029056309295504,0.01706698022130798,0.01608234674700175,0.01045352538555114,0.004160607118627319,0.011615028206167931,0.019448419321955606,0.00836282030844091,0.011150427077921214,0.005776731638812861,0.004223646620424702,0.006383832296519779,0.09729206527748134,0.011946886154915588,0.014418655704208467
153,0.010185669853013283,0.0354638908008163,0.0071992807981355,0.004748461803025542,0.098362112221132,0.0016780278552045152,0.005190179180051173,0.09412707683383326,0.004376033426317656,0.23939062293813404,0.004072833088015743,0.005443358652248792,0.0017854216379376037,0.003719628412370008,0.0013128100278952974,0.00135259214995273,0.002188016713158828,0.18684565998881653,0.0029365487466079007,0.2896217748733332
154,0.012175952247416617,0.018393459778012336,0.039295118616662725,0.017642706317685303,0.0210290161220233,0.0104155736092359,0.013943429186557737,0.01695083548169764,0.013943429186557737,0.0052393491488883625,0.015166537009939994,0.0228723230544756,0.006045402864101957,0.02010447929224604,0.006549186436110453,0.0057632840637771975,0.007650377075810441,0.008644926095665799,0.013098372872220905,0.7250762415409139
155,0.009036827769116492,0.014490085905652303,0.021549358526354707,0.01680849965055667,0.011672569201775463,0.007503794486855657,0.01616201889476603,0.09653044619638455,0.01063829091807384,0.003735222144568149,0.011512670993531964,0.01218007221054831,0.004748163743095104,0.01334007908774339,0.7059580189189215,0.005187808534122428,0.005457305081349568,0.010125602199130524,0.011357094358484237,0.01200607117896905
156,0.006746534452043807,0.013493068904087614,0.018215643020518275,0.009981174257818233,0.012782907382819843,0.004890105508863967,0.009341355395137578,0.17466436714985864,0.01214376201367885,0.049250089151993116,0.010408938868867585,0.015179702517098565,0.004363028268387611,0.010119801678065709,0.0038756687277698466,0.0044976896346958705,0.005648261401711094,0.6126345311183377,0.0077513374555396915,0.014012033092706367
157,0.00020301519953138858,0.0021446025417867945,0.0005320398332546736,0.0003025324542036379,0.006672096796670027,0.0001497976229551993,0.0017792258124453406,0.9500251442244851,0.0019313964411413237,0.005511185537842325,0.012908867013788744,0.00031488071764052103,0.00011960585398748474,0.00023737161791362354,0.00011100111629054339,0.00012857629303654608,0.00013075555224055532,0.00432977490726085,0.008935843924111642,0.0035322865394135446
158,0.17998264557143043,0.10426004571772712,0.001364569496401733,0.0017739403453222529,0.0017050704927382026,0.4379563301150322,0.005004011228688202,0.0034185302073944024,0.001612673041202048,0.0026731105144218266,0.00863191936948715,0.050615629876595604,0.000403168260300512,0.001612673041202048,0.0008294937532239904,0.12072614502779228,0.05900280397370906,0.014692628714020675,0.0018673056266550032,0.0018673056266550032
159,0.010714626497005116,0.015504392451640661,0.016859597005501718,0.01172841530817511,0.01798357013920184,0.008139793772918616,0.008176177921737521,0.02345683061635022,0.25870388034797853,0.031909169046098335,0.025000795159678606,0.022479462674002297,0.004732518457684694,0.017500556611775023,0.45176355636189025,0.016870502401777177,0.023141231883338876,0.005928649496440166,0.012546676841303606,0.016859597005501718
160,0.06427060744218285,0.08106389519320484,0.006873891840516807,0.008019540480602941,0.004374294807601604,0.028301154017563314,0.05398731025143359,0.0076998738728883,0.039807285802629745,0.004552501360487953,0.03642001088390363,0.03746058262344372,0.0019469404634989802,0.03476455584372619,0.28272856438670585,0.08403013744413165,0.04972312863191631,0.0033682070018532352,0.1618667150395716,0.008740802612136868
161,0.008776022960806488,0.03470353962483542,0.01404163673729038,0.014780670249779346,0.02186322996364631,0.0056733885807233875,0.012765124306627617,0.11016356183232637,0.01702016574217016,0.4702403812897899,0.12457561547865946,0.01651957263210633,0.006189400640946514,0.011462560601869698,0.003955390630222643,0.0046805455790967935,0.008776022960806488,0.07196870990988923,0.021022336503506066,0.02082212377490125
162,0.008175943127040529,0.014584114767153373,0.01094641621005403,0.012234229881825091,0.05139164251282617,0.0042445287345107465,0.02545340784833372,0.24216081278711993,0.010399095399551327,0.34867695529616244,0.11563119565385888,0.01094641621005403,0.0032497173123597904,0.005858645295521874,0.0036215587005682874,0.0028886376109864805,0.01498922906624097,0.026017319413346365,0.03372576539904217,0.054804368773443524
163,0.03112367963733361,0.22011299649856747,0.00896531428174092,0.011841972052738134,0.012956463921423947,0.4274962312725167,0.024935081509155514,0.015912649945866872,0.041298728749538834,0.01501771954528685,0.03539891035674757,0.014059141701970666,0.0037168233450199997,0.01340012627020368,0.034612267904375396,0.02112479292744631,0.008849727589186892,0.003755352407078576,0.007072288864829719,0.04834973121897229
164,0.04688385283771417,0.14635364872313483,0.014998976421936178,0.05116875688440427,0.009756909914875656,0.022856683638358823,0.07730973470756956,0.031361496154957466,0.018357948968755585,0.026978392748667257,0.024392274787189132,0.06456778620138301,0.07725795956445192,0.07666143504545157,0.08174553915800387,0.08074424339333489,0.08051441538682928,0.04919450377248228,0.008684722012142066,0.010210719678358246
165,0.02884306589862377,0.08822686958317674,0.0018733135742571266,0.001443372753935819,0.11542462637197556,0.06302984669171277,0.10960574038364478,0.036147696858159606,0.009002137686667161,0.023928727780333184,0.045521555944014774,0.05731390471231725,0.0012404230209658012,0.03248989483063016,0.030588013835684148,0.03392925984535441,0.07241247213404083,0.15784564290184697,0.023928727780333177,0.067204707412326
166,0.008836909573720651,0.01401716691003965,0.01693741001629791,0.01693741001629791,0.015941091780045095,0.007817266161368268,0.12559435676449995,0.01729778044217659,0.008100400009495539,0.0034892518488510724,0.010558385464705193,0.015941091780045095,0.005783293628494964,0.6785217713038595,0.004863776498312687,0.0050184918566808625,0.006609720981969918,0.007742816007450476,0.010162446009778751,0.01982916294590975
167,0.3392703475342098,0.13232902468242952,0.0039139903052422065,0.003354848833064749,0.006954344338079997,0.0013355796302248289,0.007225828255831765,0.17195522016298567,0.004084163796774476,0.0014831963261970466,0.0033952686985233597,0.005123769126862524,0.0021512007784537314,0.0037574306930325185,0.001381408343026661,0.047683327311379455,0.020944934913209215,0.23433696480048324,0.003096783538213614,0.006222367931775682
168,0.010641000200342445,0.032890364255603925,0.022612125425727696,0.020099667045091286,0.01607973363607303,0.5994995002474124,0.023341548826557625,0.017228286038649676,0.016827628223797356,0.005742762012883224,0.02128200040068489,0.018553538810853497,0.007616715932876697,0.019041789832191743,0.007951516633222924,0.006080571543052826,0.008614143019324838,0.10665490082761839,0.02584242905797451,0.013399778030060858
169,0.26483854819606345,0.18777993253068748,0.009629982227669113,0.007508121736826765,0.006815064345735063,0.0034607748630685864,0.010301841452855329,0.06867604638008423,0.006815064345735063,0.0019265313366526981,0.007535296269877677,0.011657346907178399,0.002684722318016843,0.005273561696104513,0.002488647092543703,0.00808281390025342,0.0036914931872731593,0.3690807692169435,0.00791034254415677,0.013843099452274346
170,0.006287743309371561,0.015177311436414114,0.01833925131900039,0.016609133270038087,0.011142836244455934,0.7306772370095398,0.02147034300761021,0.023165370087158382,0.013337637322909372,0.004732710017806552,0.011737120844160249,0.020471722402605086,0.006287743309371561,0.012575486618743125,0.004633074017431677,0.004836725622593508,0.006332978872748335,0.04598664483232723,0.013972762909714581,0.012226167546000258
171,0.016344025675660196,0.014171353708662312,0.01558848907952854,0.020511169841484923,0.015870743867474318,0.006777603947621105,0.013210583965702157,0.09988948262908016,0.0229242486463655,0.0052663814457866685,0.021650679277122973,0.019485611349410677,0.008035303649241515,0.018557725094676833,0.006042050030825016,0.004695328036002573,0.007284340691368478,0.6431984668128492,0.01998524240965198,0.020511169841484923
172,0.0042592888301847065,0.0065685418104053294,0.010903779405272845,0.00826043894338852,0.08329057603604637,0.0039222228076521036,0.010484403274300813,0.23948386638903063,0.005451889702636423,0.05369933460319727,0.4566687777857011,0.008653793178787972,0.005344989904545514,0.0049116123447174986,0.0027534796477961736,0.002884597726262658,0.003634593135090949,0.06526086184216137,0.01462542853013909,0.00893752410268266
173,0.15794703107880123,0.09148844423143677,0.025159322163645116,0.0741056398274638,0.039209333242044335,0.0020667507515089,0.069857047987171,0.004477959961602615,0.04181591846679038,0.005946030711199316,0.04750361527401527,0.029276302154059783,0.0012007937327202546,0.177987579464637,0.020537515680150484,0.12737163642999436,0.02495139388130094,0.006382914713821172,0.021347303654001913,0.031367466593635485
174,0.027667682584615338,0.037819937081389504,0.18438508918294708,0.5086966286710396,0.03859812508717942,0.004722675728174004,0.015031000634911213,0.010503882223007696,0.007615314611680581,0.011304306262619176,0.029606516402097837,0.018037200761893458,0.004615342188897322,0.018609810309890073,0.011724180495230746,0.013746945304290657,0.012525833862426007,0.004061501126229643,0.012813312016645623,0.0279147154648351
175,0.004864068761817136,0.029827923293763853,0.030114730248511582,0.029285163309281485,0.013180057290085145,0.33749760027919845,0.07612334590595983,0.019456275047268552,0.013180057290085145,0.003552885008631648,0.014089026758366879,0.27730647437171085,0.005921475014386081,0.04660613014650602,0.018332455942881593,0.030348177769817877,0.005754672901304783,0.022497210848758695,0.00888221252157912,0.013180057290085145
176,0.0163829568228615,0.03864168877049911,0.019275330786616727,0.014827177528166716,0.028243304828541312,0.006425110262205575,0.022240766292250063,0.0933153269533308,0.015217366410486889,0.003804341602621722,0.014103900575573215,0.048188326966541815,0.004663386480633078,0.009326772961266157,0.004859327089063039,0.0042208753547335895,0.13408200440847884,0.47982113452623987,0.013447905199965159,0.02891299617992508
177,0.009209812436936173,0.01863380655845226,0.028616202929051676,0.02108562321088019,0.6651625123887495,0.005891571191275346,0.04217124642176037,0.01483803114839717,0.019542772732035293,0.03106319619805074,0.01001567102516809,0.01821031095485107,0.011783142382550692,0.023566284765101385,0.006733224218600396,0.016522493035758663,0.011783142382550692,0.007933204772410368,0.016692785041946816,0.020544966205473
178,0.009523986656950836,0.016234068165257104,0.019841638868647572,0.015197851048325798,0.017857474981782816,0.011520951601150202,0.5939248320311423,0.03246813633051421,0.023809966642377087,0.005494607686702405,0.02100879409621508,0.13910608999520593,0.006624020865214488,0.0098300096888876,0.014726679505762218,0.005760475800575101,0.006493627266102842,0.01400586273081005,0.01661160463421657,0.019959321404159947
179,0.0070351349508021,0.013726994298651814,0.011291559826310365,0.017501917730781066,0.009460496070692466,0.005385205455624942,0.008434659147364368,0.010607222867140036,0.011667945153854043,0.003241095876070568,0.013463013639062358,0.02635401616482642,0.00560061367384994,0.012070288090193837,0.00414246573509611,0.22709158175131683,0.5802289957137845,0.005303611433570019,0.011112328717956232,0.016280853703052153
180,0.019281630674426228,0.023251378166219864,0.030405648371210594,0.026351561921715845,0.026351561921715845,0.014915978446254252,0.026351561921715845,0.011244474901459347,0.020803864675038832,0.005812844541554966,0.6566016880462464,0.019281630674426228,0.01129352653787822,0.025501511537144368,0.007827196610410647,0.009086745490246845,0.013399099282228398,0.013175780960857923,0.015810937153029506,0.023251378166219864
181,0.011374418781777989,0.07171887685552704,0.032055180203192514,0.032055180203192514,0.014392121723882354,0.006982316479903321,0.016790808677862746,0.032055180203192514,0.01905983687757393,0.05584658933866553,0.014104279289404708,0.024317722912766737,0.008815174555877945,0.01905983687757393,0.005780442331723242,0.006529758930279957,0.009932591048876557,0.01068506006773084,0.5864066882513008,0.022037936389694854
182,0.011535678987089805,0.040374876454814315,0.05652482703674005,0.03768321802449337,0.04710402253061669,0.012561072674831121,0.46759926255242307,0.03324989825690591,0.02355201126530835,0.005435079522763467,0.02355201126530835,0.13990999916621163,0.005185763948324775,0.007552288048847119,0.0046331825439950855,0.007437477241676321,0.006978373708239511,0.018841609012246685,0.019491319667841397,0.03079802809132289
183,0.010677727995425455,0.015400569224171332,0.03221067506755965,0.016343461217487944,0.012402371409824645,0.005234180389914438,0.025025924989278414,0.014409227570844037,0.034818678245952576,0.007700284612085666,0.02669431998856364,0.02288084570448312,0.011122633328568183,0.029660355542848488,0.008704669561488144,0.006903703445318183,0.010970268488450813,0.6661894039878873,0.014049642099244024,0.028601057130603905
184,0.005842236238293411,0.012155620560320164,0.017526708714880233,0.01177575741781016,0.01603507393063511,0.0061272233718687,0.012354893028522135,0.010184438847835812,0.007823481346693542,0.003925252472603386,0.012354893028522135,0.011418916283937125,0.005126860372379932,0.008662626146435058,0.004306562712799143,0.19908289025587747,0.6236429223584483,0.005421931472948561,0.013458008477497323,0.012773702961692375
185,0.026278771186231967,0.03971014312586164,0.01407947670812472,0.011913403368413225,0.009110249634668938,0.008151275988914313,0.2074145868627594,0.007135483436727123,0.3859995970740012,0.0035667793226821826,0.007636565985742622,0.004811220083823628,0.003808383044000949,0.08066122822440645,0.12402318083506507,0.022510110202159934,0.011067086868784506,0.013537548792907375,0.009292454627362315,0.009292454627362315
186,0.12604195617596994,0.0242669634430753,0.02010691256711954,0.013533498843253536,0.018044665124338048,0.5790536833100601,0.027066997686507072,0.02606451629071051,0.019548387218032884,0.006516129072677627,0.009911858307734986,0.023458064661639463,0.008796774248114798,0.02069829234850541,0.006590813564115281,0.007819354887213154,0.011170506981733079,0.006290097130699316,0.013032258145355254,0.03198826999314472
187,0.4397337865464601,0.17473946801662285,0.04324181933327538,0.012295583407411782,0.014289461797802881,0.015705328704328052,0.01355666888509504,0.021148403460748262,0.015106002471963047,0.004298455987956965,0.012295583407411782,0.021148403460748262,0.005810000950755018,0.01652219020370958,0.004298455987956965,0.11958949238547957,0.03374627684094059,0.004231557974052407,0.01355666888509504,0.014686391292186294
188,0.4840553422138542,0.02207699359508484,0.014546764282065628,0.07626382773754153,0.012122303568388027,0.030430450631062887,0.010775380949678243,0.014191965153234764,0.015312383454805926,0.035075597300602085,0.017632441554018947,0.012122303568388027,0.008248547057504226,0.016624873465217866,0.009538861824305331,0.17043594434918594,0.01449108560466056,0.008016952647870928,0.01616307142451737,0.01187490961801276
189,0.013808372412280608,0.02071255861842091,0.026926326203947182,0.011219302584977992,0.022438605169955984,0.010770530481578874,0.009972713408869327,0.11566092013291258,0.0080377093146111,0.4483872449154634,0.06683987652795578,0.025644120194235412,0.014023290533766568,0.005853549174771128,0.003566400821714859,0.006567396635109069,0.0072773854605262655,0.12454959459391114,0.01631898557814981,0.04142511723684183
190,0.007555555373509026,0.01571555517689877,0.020678362074866802,0.007015872846829809,0.014551439978609972,0.04320146834039681,0.024555554963904328,0.00892929271414703,0.15971807324330953,0.002826669761527742,0.0038436552999821043,0.03373159248756438,0.005777777638565726,0.017249109794777246,0.32688346129088985,0.10939768074808867,0.1039053518590153,0.008723687712301136,0.005243992985855237,0.08049584570896048
191,0.005894488424284987,0.01368363384209015,0.017415533980842012,0.009122422561393432,0.011268874928780124,0.005753646876295878,0.0773626492813282,0.008433613754139634,0.010946907073672121,0.029976134163802324,0.013893700279095677,0.2844427199604412,0.00617970560610523,0.010642826321625673,0.028852201728601565,0.3146538708069883,0.044887339363232186,0.0823537879446397,0.008910273199500562,0.015325669903140968
192,0.04622529568490798,0.11786847492812551,0.006187327362140112,0.024160421211311893,0.01065900935793172,0.47134321028516407,0.012796517953517047,0.013094111394296514,0.06490859429904688,0.016726445453985158,0.03197702807379515,0.016106947474207937,0.005311762169384435,0.07361378337821593,0.021052649188280075,0.040984958100192294,0.00532950467896586,0.0023980822118633235,0.008428053910922757,0.010827822883745196
193,0.04043093633039259,0.05570912930850374,0.1348364578741927,0.09184124222202333,0.003746520392092358,0.04725254988519097,0.041872874970443986,0.027682622897126852,0.02676276652665602,0.03344209477505258,0.018885521160139022,0.11863981241625796,0.10914862742295732,0.04187287497044398,0.020733171101870323,0.07001693847516864,0.068480701850397,0.017337627301139986,0.0028339751400485802,0.028473554979901904
194,0.024898645201449694,0.012522399591820617,0.014744115648433948,0.019019887596863332,0.01655233878180881,0.764512341301783,0.009936251850031575,0.017924219023586367,0.017924219023586367,0.004451575960259187,0.011426689627536311,0.01632244518761702,0.005713344813768156,0.012522399591820617,0.0052236295440166,0.008994000409503256,0.006392553637782551,0.006212587256902678,0.01235317797571493,0.01235317797571493
195,0.010278394309861896,0.015164802995818967,0.020997419532672416,0.012998402567844831,0.014366655469723232,0.007874032324752157,0.018611349131232368,0.09805058733658023,0.017792850654046646,0.004450540009642524,0.009305674565616186,0.013879650199563123,0.009748801925883623,0.013070056961923152,0.6865906724417279,0.00442648303661743,0.005891362314922478,0.0077254656771153256,0.015568744322290811,0.013208054222164908
196,0.004621480381600925,0.12052209970774524,0.015184864110974467,0.010901953720699619,0.012822439976238286,0.004943909245433549,0.011188847239665395,0.2506780161709329,0.004943909245433549,0.35556757417827295,0.06573075390946673,0.012884127124463185,0.005112068584158893,0.004168394069679266,0.002892867816817611,0.0032705861162098857,0.002561302380164368,0.09513158035237321,0.005381977153256774,0.011491248516413111
197,0.05601404882350946,0.11051668487661145,0.1799469634298652,0.00981212949846988,0.0020438373535365123,0.03170251879997446,0.010328662138001071,0.07057451344022743,0.0020056347861806896,0.0007977803796332113,0.013662776976504164,0.11520773174680843,0.04659357276602703,0.005816667625084814,0.002964503349694514,0.08571093261416035,0.08523893248462056,0.12908100292791655,0.0021460292212133383,0.03983507676196097
198,0.0027325943437951942,0.021326159468233435,0.004607018563092724,0.00525895515220962,0.004039487290827679,0.0029185824404932966,0.0037163283075614647,0.020559031429807775,0.0053600889051367276,0.15432017386074096,0.005574492461342197,0.0032222499776544487,0.4692701330105362,0.0762858131512801,0.0016790639943801797,0.0016028438610566952,0.13635188766626635,0.07144263421858202,0.005806762980564788,0.003925698916438167
