site,A,C,D,E,F,G,H,I,K,L,M,N,P,Q,R,S,T,V,W,Y
104,0.040533094239897594,0.11104853346998163,0.02073662045739221,0.0074651833646611964,0.02323664454269991,0.0049915754943577586,0.00727128249804662,0.036823097909196585,0.004744819935166016,0.5040033106795064,0.17341771027889497,0.009030463747574026,0.007359751534911051,0.004273959941599921,0.0015683158329120159,0.006876149915696912,0.015580640271405726,0.010805774486473223,0.004147324091478441,0.006085747308147715
105,0.006664891157594038,0.015280438358618953,0.02062942501160059,0.012741703683635657,0.02439508580060219,0.0072809735335060905,0.016045108342356014,0.010898026370951207,0.007044193906400202,0.020452333482928506,0.7791522018295461,0.013752950007733725,0.00941778098355679,0.011552478006496331,0.0059936202182513994,0.004633346794049331,0.004840423745738686,0.004813532502706804,0.012377655006960354,0.01203383125676701
106,0.14999144596200906,0.07150048993658178,0.0032318057579546165,0.0041057239714955476,0.06370588726005713,0.08560957265023636,0.0031173089413206938,0.18092471981856223,0.0033666936566263492,0.035355099735947935,0.07096187984289755,0.0062346178826413875,0.0022483729738542397,0.004007968638840891,0.0012948821756255191,0.08821813275184405,0.10338259417798161,0.09340997930643231,0.012862521999173437,0.01647030255991721
107,0.049390905673983715,0.11936135537879397,0.010460670481509305,0.006537919050943318,0.05663636612293344,0.00730126431702368,0.006226589572326968,0.23313509113733125,0.00512777964779868,0.22399935912211072,0.06667772265987802,0.006705558000967504,0.002971781386792417,0.009017819380611471,0.0024440818882031094,0.015210967327132664,0.048354731129581684,0.11668137729377985,0.008073513427478106,0.005685147000820276
108,0.1714880686199959,0.32601794024101105,0.004846266027533567,0.006857923623868256,0.002334456823841567,0.020716344676788154,0.004846266027533567,0.004659871180320738,0.006490534858303885,0.001826482171180993,0.007733403235425904,0.003908279054462554,0.002030558391424679,0.00595852380434455,0.0016021082272707828,0.3753583912020369,0.03770618883098199,0.008976210134662918,0.0032452674291519423,0.003396915439859977
109,0.006852695757593991,0.030744983419207127,0.014943060854770582,0.023880606427979057,0.011421159595989983,0.7030736551650374,0.015155000233140557,0.013587241588332914,0.03031000046628111,0.004663076994812478,0.022516000346380256,0.016767234300495936,0.008208958459617801,0.032835833838471204,0.008220196033900555,0.009589195383437332,0.0075053334487934185,0.007546650524056676,0.015761200242466182,0.016417916919235602
110,0.010644436938094977,0.022960444713875983,0.004472538700979077,0.0009317788960373075,0.029636443584486662,0.007454689842167526,0.019731632175987175,0.5865474773754362,0.001582751244063142,0.05019350740603228,0.039705335263577286,0.007687648899735261,0.00043005179817106503,0.011150553809525917,0.0010551674960420944,0.01908281641778256,0.026656355060582757,0.03342429607976409,0.048377830954899684,0.07827424334275902
111,0.027225255149676664,0.022460835498483253,0.030174061128789256,0.009214701742967488,0.062291383782460207,0.0018888644074976989,0.28186146507900545,0.010284300840408009,0.011056477177701866,0.01811966561222178,0.00887341649322795,0.13276795505547542,0.001434810463387675,0.04746440709113441,0.010123193464105125,0.13484833440109195,0.15322922885593368,0.00984584569796526,0.008406394572531745,0.018429403485934973
112,0.007788228336978812,0.023364685010936435,0.028556837235588977,0.02202956015316864,0.025701153512030075,0.01223864452953813,0.01713410234135339,0.021417627926691732,0.016063220945018795,0.005512534099121075,0.016404991603423454,0.02202956015316864,0.6874693498130269,0.018211727634135,0.004911048441789186,0.007878202342072564,0.007717680802894649,0.012436042021950037,0.019770118086176982,0.023364685010936435
113,0.06617340917866998,0.0802879590588849,0.00729620229113921,0.006551691853267862,0.16122866575239486,0.017620954710943385,0.008676564886760142,0.2844166149610553,0.005095760330319447,0.12619469963999913,0.05284533468175754,0.004169258452079549,0.005095760330319447,0.006420658016202504,0.0047374882674497305,0.008589364989407733,0.003721823522857971,0.1211145041277605,0.018379171350829074,0.011384113597901589
114,0.17534042796213484,0.13477060214202927,0.0024922724527043356,0.0034314385458192325,0.10006717209045674,0.06406861758492628,0.003973876280584035,0.05150516210538214,0.0033722758122706246,0.07026731415992998,0.09735996887430887,0.0025735789093644236,0.0009313904624366488,0.0026431350961040024,0.0006391895330447589,0.04549454300041418,0.044909131714782446,0.06841096275548438,0.08969606461889679,0.038052875898925906
115,0.0037081463526609255,0.029436921259656364,0.009075200284143842,0.011124439057982775,0.07095052816429993,0.004660237983749542,0.004421251420480335,0.307831121751463,0.007496904582553609,0.14643424773142089,0.06404999786682337,0.004857149447851634,0.002736965165059254,0.007837672972669683,0.0023459701414793605,0.002253971312401739,0.1299151431048665,0.17898913528395133,0.007337395974414171,0.004537600142071921
116,0.010362080842650034,0.019519268564061693,0.038151297647938766,0.017129154046013322,0.02152124482704238,0.008070466810140892,0.01060833549862606,0.019075648823969383,0.007427686267740291,0.003665190167050886,0.013114508566478953,0.014471181866459532,0.7519782525007,0.008393285482546527,0.0037470024475654146,0.005874763566175932,0.003942912693388471,0.010235714003105523,0.010624412003223452,0.022087593375122443
117,0.10295461964493662,0.0849375612070727,0.011026250790487465,0.00678538510183844,0.31533872955846337,0.00849375612070727,0.006415273187192707,0.10803461732478546,0.004582337990851933,0.13007396105252805,0.053085975754420436,0.004151059121124693,0.009133071097534699,0.00678538510183844,0.002276387259971605,0.002191552952146576,0.0025754746371941515,0.11764095658354955,0.01887501360157171,0.0046426319117841945
118,0.3065101690087938,0.20119445323328947,0.005173932462540707,0.009529463823655677,0.008367334089063521,0.07367684202909193,0.004574142635354726,0.007001238727583763,0.011066474117793688,0.004887314653440231,0.014882093269034212,0.004513956548047426,0.0018247909449553425,0.005717678294193405,0.0021576144506390213,0.27087897467206384,0.03376653316064317,0.018020849710050562,0.009529463823655677,0.006726680346109888
119,0.23224502633842203,0.09671815494089611,0.004003762758183238,0.0043402239826847815,0.009083096290101546,0.054379843229445494,0.0037177797040272914,0.020481491634542704,0.003827126165910448,0.04879678006945064,0.03410795341589151,0.004197493214224361,0.002133152289195987,0.004565694373366849,0.0017466079146436942,0.13460353953313903,0.09992764188051763,0.18465718679007856,0.048584003412171055,0.007883442063107001
120,0.09465662055877615,0.07971940113662102,0.0031621338962008185,0.0031621338962008185,0.1007080982481517,0.17022800565766766,0.0022061399275819663,0.028631766654197272,0.0023423214045931993,0.03754390810571501,0.12276617797638494,0.0015680002791078436,0.00169245554000366,0.0029188928272622936,0.0008470001507680763,0.13380976613153941,0.1144195294650362,0.06269372105167768,0.02100979291039027,0.015914134182123972
121,0.18179887903323794,0.06126613125024455,0.007540114653836655,0.0024837634157955173,0.06335001326555899,0.06636960537935362,0.004241314492783118,0.07001843571456519,0.0034505609432811807,0.0670261948720624,0.09394140125037494,0.0046268885375815826,0.001088679655901549,0.0025133715512788844,0.001150186981093727,0.08433154204204049,0.12576315683960496,0.1353562106127108,0.01485239545460474,0.008831154054089305
122,0.007488162227419214,0.009968161288760942,0.08143376422318396,0.01329530844460146,0.14134171116614594,0.00576522224588913,0.022464486682257638,0.013572294037197325,0.009306715911221024,0.002711885990962728,0.036915129269275766,0.014477113639677144,0.005520933167673489,0.008924248134047555,0.002748819045508319,0.003832177139914539,0.005568120630645056,0.006580506199853248,0.5837613181690334,0.0243239223867321
123,0.06049273436543786,0.029657793349645658,0.00415678263956872,0.0037114130710435003,0.13901108149633445,0.008019870086326989,0.04272011072911885,0.05659736889493617,0.0030564578232122946,0.11947438896171449,0.1546814215922849,0.002335271145825124,0.0015170739560469778,0.049062734645765105,0.0009577840183338064,0.00848203209130176,0.027802216299266894,0.03828501916620359,0.0641589606906159,0.18581948497701706
124,0.09615466988893442,0.020830064702411805,0.04166012940482361,0.002136416892555057,0.07010199722619888,0.006022815889697882,0.04166012940482361,0.023805788231327778,0.01388670980160787,0.12600959758804084,0.07991301185876218,0.020830064702411805,0.0011653183050300312,0.003617056367936552,0.0009919078429719906,0.0034912457116604984,0.04702173278317515,0.1484500244531096,0.1630305952020856,0.08922072374243495
125,0.0232216694034536,0.008443654458858214,0.007615845198185839,0.007061965547408687,0.1748159441238347,0.0029203616925374274,0.04911183835937791,0.009449510493180253,0.004221827229429107,0.031498368310600836,0.023098803427773956,0.0050442611052919206,0.0017981856717938784,0.004569507118911504,0.002002103634574628,0.002157822806152655,0.006299673662120167,0.021883076931575325,0.2667000001035742,0.34808558072136514
126,0.04859133737261033,0.06418109062464009,0.006996444164795928,0.0373618308367813,0.0500245757782909,0.042975704651117864,0.034739288734924226,0.059838009304175696,0.029403159744293236,0.05263723012916467,0.051528033061885636,0.028423054419483455,0.0011805067774828244,0.11621871140411016,0.030221981914387477,0.08136795971067812,0.1078618475406039,0.12616711562161023,0.014542027842526416,0.015740090366437663
127,0.013093409466046793,0.007503146559162138,0.016673659020360308,0.04783637222091695,0.0077618757508573855,0.16574484343636378,0.004893356451627481,0.005771651199355491,0.4044890121812197,0.0014246480808535705,0.005627359919371604,0.014340979955197126,0.001563155533158779,0.06549595773405072,0.1712037735990538,0.03403112164359069,0.015712091359256154,0.0031481733814666315,0.0059235367572332675,0.0077618757508573855
128,0.009725586953004264,0.0029594934674581743,0.01864618216776346,0.009893892578813264,0.0023583463568807323,0.12367365723516573,0.03151204786352024,0.007092707694897238,0.14690931404904545,0.0006477861237783986,0.0035100969032643464,0.06723077812020756,0.05976422870667634,0.0976334816284281,0.14833455366295406,0.12953964629852183,0.13460994401919532,0.0015887807035828093,0.0019350534210303442,0.0024344220458123694
129,0.004355748135891496,0.009472023724081506,0.011700735188571273,0.010469078852932192,0.00904147719116871,0.5346215807303697,0.01969083089336172,0.010656026689591695,0.0266190862076927,0.003900245062857091,0.010288577493398877,0.025554322759384986,0.27379631527912496,0.0075536391723687955,0.007455107667266155,0.0034694040384717147,0.005057097412009617,0.005026936812638552,0.008839735550961379,0.012432031137856975
130,0.008706703012027535,0.020653109470390896,0.0155804159162598,0.015858637629050154,0.012508221228546598,0.00915550213635885,0.008970542497240488,0.011241565914263396,0.7966213724637196,0.00439645399617232,0.014096566781377913,0.0065783978313096935,0.006041385763447676,0.012334495933705673,0.006976206398291761,0.00485291643293338,0.00608276511799184,0.010830289112522056,0.01741340602405507,0.011101046340335107
131,0.007904653815429897,0.01795015137253872,0.009903531791745503,0.015115916945295765,0.02872024219606196,0.007642417579270698,0.010380810432311552,0.010770090823523234,0.03484904932312926,0.004083446757733928,0.006765024613780241,0.010257229355736414,0.004951765895872751,0.014855297687618252,0.7732771404953072,0.004127972923850649,0.004122522803262482,0.008530765008731275,0.011431849080769456,0.014360121098030976
132,0.03839062679922111,0.007796663352611229,0.012157508956614119,0.014638633233474144,0.008151057141366285,0.1765608034526563,0.010705866096122884,0.005160381499570022,0.010102718710425819,0.004879544411158048,0.011954883807337217,0.007630776898300351,0.005313281692149874,0.010395551136814972,0.003001226060419385,0.6424775063579795,0.004324439427137464,0.006766915362643708,0.009196064467182474,0.010395551136814972
133,0.008740400996239104,0.016509460766420292,0.0757501419674056,0.018535235241902964,0.01656340170553031,0.6963356054405233,0.022242282290283556,0.018987314150242064,0.018987314150242064,0.0048960998752196495,0.018987314150242064,0.01810418325953313,0.005482252677182565,0.014970766926152396,0.004927087849113445,0.004239850080962659,0.007344149812829475,0.006428906747672418,0.01051999838053952,0.011448233531763597
134,0.5711894374689259,0.1400251757807276,0.011742913908504788,0.012070467283059362,0.015993369150053657,0.0050372816220641435,0.022847670214362365,0.026655615250089425,0.02132449220007154,0.004322532202717205,0.022059819517315386,0.016835125421109112,0.004569534042872473,0.010154520095272165,0.0050372816220641435,0.003899778461925845,0.013715157675768704,0.061697872970387646,0.012543818941218554,0.018278136171489892
135,0.004599636207603204,0.005922819226228783,0.006703345790925599,0.008647316070294024,0.00962185541577907,0.003679708966082563,0.00739086843614874,0.006262808089581374,0.006501741406236107,0.7840493596535106,0.11776856590658769,0.006358320639922076,0.0036352871975984403,0.0053378494261074215,0.0023562169128866547,0.002528454991314042,0.003515169134265863,0.004117769557282868,0.006089659204432411,0.004913247767212513
136,0.005903354980204328,0.03688878645299503,0.010138370509481345,0.007402619737081617,0.008181842867300735,0.00512489058721035,0.009615774091466843,0.00746184069497827,0.009055631911381395,0.0025112521993216233,0.007344331392695147,0.007344331392695147,0.004758826973838183,0.007972052024549434,0.0032386461349732075,0.0035465022314535508,0.0049878614271245125,0.005041784253363696,0.8432315189634648,0.0102497811744207
137,0.006875486842288499,0.01272894185666925,0.8496851156987388,0.007381125184428086,0.010952810434808422,0.005887135608709528,0.011628909844364496,0.009234722523465924,0.008563106339941132,0.00399127837878612,0.009234722523465924,0.008262646468364249,0.005262244119516896,0.010703882924926413,0.004443121214120398,0.003860416792596411,0.004205096863363948,0.0053519414624632064,0.009915175762037098,0.011832119156945006
138,0.008641355629889068,0.008825677276558629,0.011375317378675564,0.007875219723698467,0.011904401907916288,0.0032019066045608567,0.0731270402914858,0.09483637338999552,0.009307077855280009,0.14730881283841116,0.04758924195074347,0.028438293446688915,0.010446720041640824,0.017651354553117258,0.005751564966746073,0.005223360020820412,0.03314174338897693,0.4567648753343803,0.005118892820404004,0.013470770580010536
139,0.00755499250125045,0.0218255338925013,0.030219970005001793,0.02310938882735431,0.0218255338925013,0.007936557779091384,0.012851711274440385,0.0218255338925013,0.016035086125102998,0.005652656259928393,0.030219970005001793,0.02455372562906396,0.7015132440112736,0.010912766946250648,0.004941630315283312,0.005746105438615615,0.005753364934691071,0.010476256268400624,0.016369150419375974,0.020676821582369654
140,0.5092283898106031,0.09542427641099387,0.006285003114024803,0.00826541753892407,0.01425784525464402,0.005431560097007245,0.020368350363777172,0.028515690509288046,0.015413886761777316,0.004874477010134708,0.01425784525464402,0.016294680291021733,0.005137962253925772,0.011406276203715215,0.008774058618242474,0.19082441361355834,0.006320945585070488,0.004679651342298105,0.018397219683411636,0.015842050282937795
141,0.006958648817331374,0.022868103822082434,0.0365889661153319,0.027441724586498923,0.015245402548054959,0.011434051911041217,0.06863774279397836,0.022868103822082434,0.015680985477999385,0.022827342078365027,0.023862369205651237,0.02032720339740661,0.4887954719663826,0.015680985477999385,0.005901446147634177,0.006860431146624732,0.15102349291382866,0.008852169221451267,0.014072679275127651,0.014072679275127651
142,0.09652459865721166,0.012166966217295589,0.010306648011385564,0.01790854322614342,0.006134909530586646,0.005590227721460137,0.009849448842572621,0.0663139709387469,0.2294780611257659,0.021545669343127606,0.07277648311456435,0.005742448930886122,0.10341921284701251,0.06894614189800835,0.15186566781059585,0.013921817114020917,0.03163411216496854,0.0552934405320661,0.008311812912407712,0.012269819061173292
143,0.04221792718865447,0.03409855754396455,0.01761503036111235,0.10029058298392134,0.052208680328425724,0.022318589839035386,0.022129267957103526,0.09036117749150607,0.005726968036073806,0.0495529037856646,0.06777088311862953,0.023572481084740714,0.047690621453850425,0.05421670649490363,0.02072504070906102,0.05887167624446606,0.09379261461143663,0.14249262604429797,0.015060196248584344,0.039287468474567856
144,0.05432209854474684,0.013184320598254123,0.003622233478749248,0.008564710239325623,0.10596514415713078,0.0011832629363914208,0.053792028040876814,0.06936980991696783,0.03978562627590801,0.03061190949829168,0.07576916561971231,0.06328473887161978,0.029079783178684447,0.07214460231364656,0.04295584230671398,0.09169095688785821,0.049836731861400564,0.1584514937595057,0.016044018305481068,0.02034152320873493
145,0.06172315202557706,0.044420895450901575,0.02003295285040659,0.09398761903496011,0.06591487712069266,0.009745760846143746,0.05175179486355035,0.04958155830475631,0.1335747239017024,0.041929436198525426,0.04013225230410298,0.0019371622955156966,0.056631616711726326,0.04507414391341482,0.0484114652562049,0.02476801443322997,0.04986926560633131,0.11899573993141513,0.006677650950135529,0.034839918000707105
146,0.034220863765825234,0.07168001898775157,0.004513186380710285,0.009898035176797944,0.024617380258419738,0.022333293430318937,0.055512192482736505,0.02918353214673733,0.15072006939788665,0.05275978445055684,0.08308365837216661,0.01234880251625359,0.07556963242119545,0.08039113240640194,0.12030114366328959,0.03592127935667369,0.04149219737104617,0.061250386595353874,0.013102799169804053,0.021100611650074055
147,0.16877059419504883,0.007707249943418403,0.009938295979671097,0.013487687400982204,0.10539823669097913,0.3361093521548754,0.006993615689398181,0.01180172647585943,0.010490423534097272,0.017975758588186057,0.03496383813306519,0.006743843700491103,0.09018450312100147,0.02244592077678259,0.004066551308836252,0.010822140374520176,0.04166524044190268,0.013567045897871485,0.07091955819898328,0.015948417394029735
148,0.057316560697845895,0.05146793205520856,0.022307578538483967,0.16033857931236317,0.013856750937940768,0.05604285934900488,0.01332111182605398,0.0659487400571825,0.030113514439425733,0.051672983577340875,0.05086242697220612,0.04460554111451408,0.027961682489695397,0.1008771468282088,0.02678154340571915,0.05284041024334747,0.09083310190591963,0.07082877915155165,0.0037405611350803734,0.008282195962907125
149,0.05933513801062597,0.1289176563091106,0.04297255210303686,0.01851080687152642,0.014279765300891813,0.007459578888525572,0.006753943047719102,0.03078192666912625,0.012494794638280335,0.00786425790120936,0.011106484122915854,0.02510477936520478,0.004557694920019059,0.03413422578397254,0.010462882251174194,0.029709418737902032,0.44546182376032395,0.08989660325003113,0.010199832357779864,0.00999583571062427
150,0.0028714113167058477,0.07143443706230307,0.04926512900848487,0.00714344370623031,0.04018187084754548,0.11565575524372881,0.08517182880505365,0.056882189033747886,0.015979710863177662,0.029853197578275915,0.028013504730314928,0.11345469415777548,0.0026214472316441507,0.017494147851992586,0.009175065310754526,0.10477050769137787,0.1583941202249146,0.015038828855221698,0.0031232895023817994,0.07347542097836887
151,0.044666504425020084,0.17119452968716792,0.24706003805248752,0.06366305005478755,0.025175666130465867,0.016533564382581738,0.03203072702864091,0.004120931667316657,0.0042477295647725555,0.0014924455227579246,0.08105336412735352,0.0901010482135435,0.006375420487715097,0.036318993761983547,0.0019173779285431671,0.05054687141534312,0.03028324731664671,0.0022088193736817282,0.08636533601366596,0.004644334845524997
152,0.008920609871607301,0.01424419963369553,0.01424419963369553,0.015770363880162907,0.010151038819415205,0.7907310091918411,0.012265838573460041,0.013380914807410955,0.014477711103100373,0.004799675963527841,0.015493690829633734,0.015226558229122807,0.0076132791145614035,0.015226558229122807,0.004396585267504229,0.005320122754753751,0.008743964131575474,0.007134437624963073,0.01038988679163674,0.011469355549209389
153,0.001821492434877529,0.018829077366596735,0.005814764311339805,0.0022564757029079835,0.0746725803256486,0.0021476627084810436,0.004876899099833384,0.2623631200630897,0.002799701335089536,0.28089419444748387,0.0027060290119269317,0.005213236968787411,0.001453691077834951,0.002223292236688749,0.0010078924806322328,0.001035505973252294,0.0017579520011027315,0.13448928658346,0.0020430252985788504,0.1915941205723878
154,0.011990724701561728,0.01896207627223715,0.02264914665850548,0.024708159991096892,0.020384231992654933,0.00840586886295049,0.020384231992654933,0.01698685999387911,0.018119317326804385,0.005002265519669923,0.01381981830010504,0.01703322818364889,0.006522954237649579,0.020384231992654933,0.006575558707308045,0.006522954237649579,0.007620273642113995,0.009481038136118575,0.01664018938175913,0.7278068698689772
155,0.010070787038512254,0.013747423576381807,0.020621135364572708,0.016982111476706935,0.014932546298483687,0.008248454145829084,0.012028995629334082,0.019654373035287692,0.020462650403445352,0.004396384189401289,0.012028995629334082,0.013747423576381807,0.005379426616845055,0.009731322306877009,0.7750485590424996,0.004811598251733633,0.00585194381967604,0.009413996579478846,0.00951744709134125,0.013324425927877751
156,0.004511838035912214,0.009197208303974894,0.009377545721699892,0.004981821164653069,0.007472731746979604,0.0038882506650950777,0.006211101711775254,0.449332880362414,0.008540264853690976,0.011301280894738098,0.007138131818010368,0.012925806265045798,0.002571262536595132,0.007970913863444909,0.0024909105823265345,0.0030657361013249657,0.004158737667884301,0.4281645643217109,0.005034261387438891,0.011664751995285232
157,0.0004098442879440356,0.0068976573242404285,0.0008558513071772508,0.0006062280092505528,0.010726502450170148,0.0003162928743915927,0.005429283045913755,0.890596861345433,0.004598438216160286,0.011167867008139093,0.02592074707945974,0.0010034118773802254,0.00024452894490778595,0.0005196240079290452,0.0002327915555522122,0.00020068237547604505,0.0002825140237284129,0.01075859345671756,0.01885631765561584,0.01037596315441295
158,0.22304283626181143,0.03688831230233043,0.0013841911568162036,0.0013841911568162036,0.0016520991226515983,0.5353684690227108,0.001249148117126818,0.0057292201016069175,0.0013132069949281934,0.0006576659107615483,0.007776455025896683,0.034359227478875654,0.00027834278696847574,0.0015519719030969556,0.0005173239676989853,0.08651985976364772,0.045178653286787544,0.012416869408909436,0.0013477650737420933,0.0013841911568162036
159,0.010906587744802552,0.015592730476935579,0.015162817108627937,0.0214370862570257,0.02302501857236094,0.007970198736586479,0.018642138821993517,0.01635988161720383,0.10910881643118878,0.009340753693945643,0.015541887536343635,0.01635988161720383,0.004709662889801101,0.041565263402357625,0.5541800447505663,0.0061026200449692996,0.0687976773556264,0.008073707811087603,0.018284573572168977,0.018838651559204403
160,0.06442714424775724,0.09087618241262599,0.005777967518848425,0.005777967518848425,0.003725268531889116,0.07035250429083444,0.1394634482570003,0.011125464795309216,0.07615866999090996,0.0016178309052775589,0.010566997954956513,0.01622788971654036,0.0017806314995193258,0.020046216708667502,0.2527687365453196,0.06480182588802745,0.03595820167406064,0.0049389229572079345,0.12027730025200498,0.003330828334394975
161,0.007915888661010112,0.01610473899998609,0.01506572358063215,0.020305975260852028,0.010861335604641779,0.005132279461534029,0.011391156853648696,0.29759494120978014,0.01506572358063215,0.41576806804499966,0.06753771546841028,0.017297682629614692,0.01797976099516265,0.00934074861999193,0.0040968195701719,0.00881762788769719,0.008052369499993045,0.03228283277211319,0.007413292555549153,0.0119753187435794
162,0.006068154595714862,0.022452172004144986,0.010952279026412187,0.01796173760331599,0.09007858994970518,0.0049893715564766645,0.00809695190559148,0.15726620279474926,0.009978743112953329,0.4006141518363578,0.06816758158356068,0.008804773334958816,0.008027784803460456,0.014032607502590614,0.003454180308329998,0.0035081518756476544,0.010102271770060397,0.03739844703521319,0.017157826657086702,0.10088802074366982
163,0.03309208303684346,0.023036898860938335,0.010528425698435314,0.019697974723282607,0.02352726169396844,0.5629907873402575,0.011255985556161488,0.020333393262743336,0.018009576889858384,0.022819674876104732,0.03161475790127009,0.021076505267513392,0.005341823653771555,0.021011173038168112,0.020752251340320885,0.016111700129438772,0.022185795018435154,0.0053085469134825205,0.012121830598943142,0.09918355420006303
164,0.059500733172699764,0.0898860878205765,0.016407777935502063,0.016072925324573446,0.00575337667868254,0.017328622615555747,0.11704719006524052,0.047254400454245934,0.057627317627129186,0.018719370061299614,0.028127619318003536,0.04746535759913097,0.09722291040721481,0.07835551095729557,0.08814994982695751,0.09349802286872541,0.04344399482920409,0.06875640277734196,0.003245494536692716,0.006136935123928045
165,0.02431915598407752,0.20843205860540742,0.001432315906577015,0.0017420058323233966,0.1610994932172821,0.02373957878597903,0.09089916859714522,0.01897512457597406,0.009452763668369064,0.026280371873324302,0.05848042578985078,0.056384822626048735,0.00047743863552567164,0.03953650062707464,0.03878814244405084,0.03510259337279539,0.05639241381468431,0.0816237432300896,0.046933652357301514,0.019908230056119417
166,0.010565534884604646,0.019873267997232543,0.01941109897404109,0.015748627469505037,0.026083664246367717,0.008431083392765323,0.027749470501589706,0.01941109897404109,0.009986000264472356,0.004280396184019317,0.013911287598062781,0.01703422971191361,0.00532580665629573,0.7409756815601186,0.004868446536463386,0.006470366324680364,0.008879545275359224,0.008879545275359224,0.015748627469505037,0.016366220703603274
167,0.2987076316032424,0.10579257706236886,0.004583576436357572,0.004726813199993747,0.0028888871725594807,0.0016352218637816205,0.007378440117063409,0.14688502213268018,0.006875364654536359,0.006222618669125868,0.004384290504342026,0.00672257877332444,0.002701036114282141,0.005215793875855169,0.0014474451904287072,0.041047857222086925,0.07735517066397997,0.26796126719512253,0.0033243521406549426,0.004144055408213696
168,0.011266137666429447,0.045768684269869624,0.021538204362291587,0.022884342134934815,0.027122183271033856,0.6458796858554539,0.027122183271033856,0.022884342134934815,0.01927102495573458,0.00747243824814198,0.017435689245664618,0.017860949958973513,0.008136654981310157,0.017030208100416607,0.008047241190306746,0.005905636679983177,0.010929835049521107,0.021045115793317255,0.02362254671993271,0.01877689611071574
169,0.21339329869152415,0.19493525217952865,0.010391326809029763,0.0073064016625990534,0.006876613329504992,0.0035158624541830035,0.009741868883465406,0.05954385884756511,0.010391326809029763,0.002181996639667036,0.007438822303487352,0.010874644335031151,0.0033163808964988615,0.006405612416525196,0.0028339982206444813,0.012404970593242729,0.0033400693314738525,0.4149140240652818,0.008203679059760341,0.011989992471957422
170,0.006041176994441353,0.012814617866996808,0.01691529558443579,0.03857939918312191,0.019221926800495212,0.7482106380811521,0.02285850754653485,0.021686276390302295,0.010189937099057704,0.004805481700123803,0.014334996257996432,0.014582151365892925,0.00587336652237354,0.01225746056843173,0.0046470592264933495,0.005094968549528853,0.007167498128998216,0.007231886808915037,0.010572059740272368,0.01691529558443579
171,0.01901592993260865,0.016715818817987196,0.02228775842398293,0.016047186065267706,0.012856321285908887,0.007163922350565941,0.014588350968425189,0.01712524493113034,0.02431391828070865,0.00553351243629921,0.025882558169786622,0.021114718506931196,0.006418874426107083,0.017830206739186342,0.005772369088225795,0.005899700759289599,0.010156446876751712,0.7056301182455642,0.020573315468291938,0.025073728226980795
172,0.005022976997559434,0.012012404218275314,0.009126253981481225,0.008756270711961717,0.14462934678803469,0.003834106702279094,0.013223755769085037,0.07028257666837001,0.007902000398599597,0.06622222838279979,0.5785216703285152,0.012959280653703335,0.005890582115319699,0.00674962534047049,0.003223701655150084,0.004207558653799785,0.008575366079124788,0.020295361112883516,0.00956543298862664,0.008999500453960654
173,0.17455352277445121,0.020405149298900166,0.03027860863707766,0.051082278516974555,0.04693184338747038,0.0021955674914382614,0.081325594174665,0.0036592791523971024,0.024795577883110067,0.004990097888196978,0.02815910603248222,0.038468724088090475,0.001097783745719131,0.174066449874561,0.011390052017218554,0.20894313836887493,0.034764328435163236,0.004228093998871206,0.019554934744779318,0.03910986948955864
174,0.020354646962923557,0.04540652014806023,0.011607286586602388,0.6605911723244503,0.011416575984532773,0.006288791855886698,0.011594959984291098,0.012165203917944758,0.010306631097147642,0.008898765255147479,0.0112435975605247,0.011968990951526292,0.004756906660221987,0.026831125542035598,0.027887469067312584,0.047460081360786575,0.016769453463772246,0.00557952961650098,0.015459946645721463,0.03341234501461036
175,0.00493223967663747,0.010879940463170885,0.04309792656937047,0.012330599191593669,0.0094850763012259,0.32552816777668375,0.05494985637594735,0.026422712553415013,0.01681445344308228,0.003935297614338406,0.015413248989492086,0.34191021745033906,0.005137749663164031,0.0651257557048265,0.00440378542556917,0.015029020547267655,0.004998891564159597,0.00835336963516034,0.012755792267165866,0.018495898787390507
176,0.014787027249067919,0.029284492727552198,0.021970317611488856,0.01842671799673259,0.020187083498498293,0.00627723360328253,0.016320807368534578,0.10526624792286515,0.01842671799673259,0.003966862902074377,0.013932396534114887,0.030064645152563702,0.005289150536099169,0.011657719548953272,0.004800237461333699,0.004022734210554298,0.1388429478729828,0.5046435061156194,0.015032322576281851,0.01680083111466795
177,0.010441609502274522,0.01864573125406165,0.02526195847324481,0.015060013705203636,0.6918264184333758,0.007387931251609331,0.02700416250588238,0.019100505187087537,0.02303296213737027,0.01188672948421181,0.01566241425341178,0.02116542466677268,0.010582712333386337,0.03132482850682356,0.0055937193762184935,0.015392871088827831,0.010040009136802424,0.00680974532757034,0.01598205536062427,0.01779819801524066
178,0.009344577576793862,0.014577541019798423,0.013497723166480022,0.01822192627474803,0.02143756032323298,0.007514196401957951,0.6456036437024922,0.022087183363330945,0.024295901699664047,0.005694351960858759,0.030369877124580058,0.10754619166177395,0.00640145786242078,0.008429040144539051,0.0049970625313121774,0.0068119350559805725,0.0077540111807438425,0.008888744524267333,0.01868915515358772,0.017837919271437193
179,0.004774366228421677,0.010539638655195024,0.010742324013948774,0.01269547383466673,0.008095664474280236,0.004578695481355215,0.009631049115954072,0.008728138261333378,0.0103444601615803,0.003325005051936525,0.01642943672721577,0.024742371017301194,0.0044333400692487,0.0076520664208950175,0.003325005051936525,0.34480372790905084,0.4929465615731413,0.005269819327597512,0.008728138261333378,0.008214718363607884
180,0.018200221793093007,0.023660288331020914,0.035490432496531374,0.030861245649157723,0.02535030892609384,0.01478768020688807,0.02730033268963952,0.014821415346530501,0.02628920925668991,0.007242945407455383,0.6270289014557425,0.02628920925668991,0.011266803967152818,0.02535030892609384,0.007317614947738428,0.008253588952681716,0.01339261603642693,0.011090760155166053,0.01971690694251743,0.02628920925668991
181,0.013785086643699209,0.018750111396458793,0.024012731572895397,0.020677629965548814,0.020677629965548814,0.00818016130505228,0.02326233371124242,0.021268419393135923,0.024813155958658583,0.009670950619742083,0.022557414507871437,0.02189396113999286,0.01145222582707319,0.01772368282761327,0.01928332261181401,0.006892543321849605,0.013534448704722861,0.01488789357519515,0.6591061236644867,0.02757017328739842
182,0.014621336570970306,0.06140961359807527,0.06140961359807527,0.03838100849879705,0.034116451998930715,0.013349915999581585,0.5410439011474004,0.05117467799839607,0.021175728826922514,0.0052486849229124175,0.032320849262144895,0.016339314325994333,0.005483001214113864,0.0066328566634127105,0.006674957999790792,0.013646580799572284,0.009030825529128718,0.01754560388516437,0.02193200485645546,0.02846307230416101
183,0.008521587486624117,0.020182707205162385,0.014748901419157126,0.016672671169481974,0.019659327190226165,0.004916300473052374,0.02840529162208039,0.021468780411022556,0.027390816921291805,0.008336335584740987,0.0264463059929714,0.020728185778274885,0.01144690856412195,0.029497802838314248,0.007669428737961706,0.007825947691797659,0.012173696409463025,0.6790299487450495,0.017835880785957457,0.017043174973248237
184,0.0055071333973540455,0.012458760800571449,0.01357115015776533,0.012881091675167093,0.009743389856857158,0.008351477020163279,0.012063244584680291,0.011692067828228589,0.0076334768673362785,0.004108023831539774,0.011514915285376641,0.012881091675167093,0.004810027904018091,0.012257813045723523,0.004779776156194077,0.15190284657981762,0.67095537416873,0.005984129203424082,0.013333059804120324,0.01357115015776533
185,0.02907072941801157,0.017118218285928348,0.012341041089855322,0.018298785064268235,0.011290739720505934,0.010012542771014696,0.12645767296835034,0.007370343984219151,0.46907009283626594,0.011628291767204627,0.016639167495835563,0.01453076533516395,0.005152085115182318,0.04771987659183031,0.14093187064787882,0.012043587901747647,0.02100355758730746,0.007171145498159172,0.011536190583995194,0.010613295337275577
186,0.06422374961303687,0.09174821373290981,0.01629437892571441,0.015896955049477475,0.02506827527032986,0.5718906823711851,0.021725838567619213,0.02413982063068801,0.02327768417959201,0.005618751353694625,0.01671218351355324,0.036209730946032026,0.009727987418336961,0.017151977816541486,0.005879685544262835,0.005767921743615721,0.012297644472237291,0.00643663599485547,0.012779905039776008,0.017151977816541486
187,0.4870452428361132,0.19207193657338414,0.01366230416075604,0.012210073189390672,0.008585207711290318,0.025309754727530415,0.018315109784086007,0.023889273631416536,0.01894666529388208,0.0038156478716845858,0.01569866552921658,0.03232078197191648,0.005723471807526878,0.016160390985958242,0.004950029671374598,0.06530782613132101,0.007994879331632442,0.019702029509649752,0.010566409490818851,0.017724299791050977
188,0.477129202580593,0.17909706729897587,0.015843217446059057,0.014370490569567147,0.010993252921755264,0.07163882691959034,0.00816165747221224,0.02565092348409562,0.01632331494442448,0.005919443880945143,0.022444558048583668,0.014175510346473892,0.00626359759495358,0.019238192613071713,0.009287403330448413,0.04379476210518077,0.017823576849129764,0.006283494036443842,0.019238192613071713,0.01632331494442448
189,0.010347065465643717,0.023045736718933733,0.028167011545363448,0.009053682282438252,0.018778007696908967,0.009389003848454484,0.009053682282438252,0.20221955489558405,0.007921971997133471,0.44937773853681545,0.029898356917101784,0.025350310390827108,0.013925262608015469,0.004526841141219126,0.012444280301266708,0.006417800098943571,0.008311577177320362,0.08107149531393792,0.01690020692721807,0.03380041385443614
190,0.012947649115022865,0.01964672676210816,0.01696762765818432,0.009104580694635489,0.00982336338105408,0.023059464523346593,0.11167347361707218,0.011665244015001719,0.12797095443179282,0.0021330731913146,0.003906872329388358,0.05583673680853609,0.004911681690527039,0.009306122801422682,0.3309969739788624,0.004091702078401468,0.08142857451244848,0.004911681690527039,0.010719531897590553,0.1488979648227629
191,0.037231670649307394,0.01563726995441552,0.12143252581004876,0.03199911153102637,0.01787116566218917,0.008778818220022747,0.03574233132437834,0.012842242539987421,0.011637038105611551,0.017347503687149823,0.010878100837854275,0.06409750925432099,0.009622935356563396,0.012830580475417868,0.0036278957207019047,0.4386114127870372,0.01948917080902017,0.09286016679591966,0.014717430545332255,0.022745119933695303
192,0.08040412415048516,0.005783426252980019,0.03525938094394982,0.017294904197611476,0.008814187467722789,0.5026318354961135,0.04422959106274411,0.01696858525048673,0.09775380633432576,0.014824203597952699,0.015777807338171874,0.04215632898167798,0.007888903669085937,0.021758105280866052,0.017808614223283108,0.03437199364486928,0.008484292625243367,0.0026626015481261353,0.007140607568788082,0.017986700365515935
193,0.02615881731921211,0.12944103460610226,0.0651366222627084,0.10265254284711614,0.003409519211005669,0.06924297961121154,0.06303946490556929,0.00880551255823825,0.019816167183931865,0.05434547254454674,0.02664040663805978,0.07144472689297852,0.08432971642312784,0.06827658968233964,0.020275851285417014,0.05706384896139551,0.09120845102553535,0.029103457071425427,0.0027600869803379225,0.00684873198974086
194,0.014770660322244172,0.024497680534453746,0.01334414918143151,0.037797373944467944,0.011360559438245746,0.7492991238585374,0.009137841287284622,0.012009734263288361,0.01501216782911045,0.004100884870391147,0.012183788383046162,0.014011356640503087,0.0050950387783647594,0.01334414918143151,0.004022399035551126,0.012174604871667922,0.006516910065350272,0.005226965227668519,0.014494506869485953,0.021600105417475344
195,0.008680394155365012,0.010416472986438014,0.016339565468922373,0.013888630648584017,0.016339565468922373,0.02641254501771599,0.011261051877230283,0.03255202810749103,0.009363121785562258,0.0045786694445881385,0.009689742312965596,0.015722978092736626,0.01333402996541547,0.009363121785562258,0.7440319764273489,0.009456758840720192,0.005081206334847812,0.0074403378474557245,0.015722978092736626,0.020324825339391242
196,0.0035845219613951864,0.12634437299770848,0.020073322983813043,0.009791864870152702,0.021730274448034742,0.0048369452973043466,0.007871891366201192,0.23960938245214217,0.006475265478649367,0.35748257928277866,0.07360794492426394,0.009791864870152702,0.0031592163615148123,0.0040965965273087835,0.002405915267230666,0.0035528005281085027,0.003161153225797329,0.07854375464221751,0.01003666149190652,0.01384367102331934
197,0.026661181149880486,0.1412855369794871,0.21629765510171442,0.0038311459788197295,0.002544642766992386,0.016165241972259933,0.005114922899498729,0.09981289304684467,0.0021976460260388787,0.0016900183849220948,0.008757367994596308,0.17281536942637363,0.020217627345549508,0.007784327106307831,0.0012087053143213834,0.07206989512589998,0.041469868171720645,0.1539461056314092,0.002259262269759595,0.0038705873076036327
198,0.0036677168424488218,0.024716471109529854,0.004578322403332667,0.006843884004981821,0.005310853987865893,0.0033698312105748056,0.003750603098775348,0.02510879604777636,0.006383237966184968,0.20180979269409943,0.006383237966184968,0.00448551857083268,0.5960752477770769,0.006389534394236612,0.0020680895591378094,0.0022287386851396803,0.039398752381380554,0.045746162662387076,0.00713824460734663,0.004546964030707101
