site,A,C,D,E,F,G,H,I,K,L,M,N,P,Q,R,S,T,V,W,Y
104,0.038745594063488424,0.061311709287278374,0.01276183832724227,0.0073884327157718414,0.04688542474909523,0.0038227924255857027,0.00825766009409794,0.006580322887484296,0.004840697296540172,0.42769508668837214,0.2920545639964246,0.010271723531682802,0.027785027364802723,0.00412883004704897,0.0015148944776942265,0.003907118729091269,0.01911396212792851,0.011402456472401122,0.004627919393395549,0.006903945324573687
105,0.0074037540371539095,0.012956569565019343,0.017275426086692455,0.010949213716917754,0.014656157094655814,0.007265366111225798,0.02045774141845159,0.015340268123602575,0.008251785927243188,0.005129139821803636,0.7892441136319532,0.014667814601908689,0.01388203881966358,0.013638494278967727,0.004769289410436568,0.005361339130352832,0.005288395740824222,0.006372083392632463,0.014134439525475646,0.012956569565019343
106,0.14288006718779814,0.10120492053935504,0.003967274443539906,0.004294037774006628,0.059684953138593975,0.05795723081089783,0.0029521509696295565,0.17066166288066714,0.004886318846283404,0.048494024425107606,0.09350642658379725,0.0030149626923876324,0.0019122580270858512,0.0016670970181437495,0.0012652075584126672,0.054250076501258016,0.13375667675761901,0.09252722877952722,0.01566730019888092,0.005450124867008413
107,0.08129414201900115,0.11816009014389703,0.007769564632577999,0.005764515695138516,0.03988185895232879,0.022581706116389214,0.005764515695138516,0.17989399769128464,0.004467499663732349,0.15747768739060894,0.1498209348106592,0.005415151107554363,0.0030810342508498963,0.004155813640681256,0.0013641220347274349,0.02343384596983786,0.03594291450974281,0.1444334496908292,0.0031350874833209466,0.0061620685016997925
108,0.14459292771946067,0.3056273122720228,0.007177693015237195,0.005481147393453858,0.002954681648307056,0.01600604051332223,0.0041869875922216976,0.0046378939483071105,0.006851434241817321,0.0016295303061619577,0.006553545796520916,0.005481147393453858,0.002184515265506972,0.0035053849609297926,0.001992944368903053,0.38086368650546776,0.07518685892294831,0.017561375086494784,0.0035053849609297926,0.00401950808853283
109,0.007582554273952876,0.08689433863343932,0.027010350298541194,0.033319036186177944,0.014279586936933403,0.6049047716224498,0.016209260847329807,0.013630514803436432,0.04997855427926691,0.005039854213035319,0.013947503519795418,0.015782701351347447,0.006182913931455702,0.02998713256756015,0.006807360131271838,0.006434718465958173,0.007996568684682707,0.006955548147348192,0.023989706054048116,0.023067025051969347
110,0.016412910672232002,0.03593833812883645,0.004595082833870105,0.0014510787896431909,0.0910553086245039,0.00605482870648875,0.014920827883847278,0.4738028351616265,0.003413261280618658,0.06705298192211895,0.05537274027784326,0.014920827883847273,0.0005459504357073393,0.020572656627728815,0.008440064257529769,0.014143701431563563,0.034976302717477654,0.04199216477632087,0.059522872525885374,0.03481526506231031
111,0.014497021025371086,0.022349574080780425,0.005840843526171287,0.004562826328670006,0.03764138792552493,0.0020499654520111615,0.19255017669595445,0.0069553187770300595,0.006161997815720555,0.02148997507767348,0.03418170153531122,0.14228215917379583,0.001571640179875224,0.06657319938955872,0.020069005297027317,0.10995003807552158,0.19391319488861222,0.019505082834135642,0.05315574375969397,0.04469914816156085
112,0.009171761396038362,0.021946714769091796,0.025604500563940424,0.018621454955593038,0.05586436486677911,0.011379778028417968,0.021946714769091796,0.03413933408525391,0.021946714769091796,0.004515031611559887,0.014290884035687682,0.018073765103957952,0.6193634560843009,0.008277547471818839,0.005797245410703494,0.0071369188300361075,0.04277029998714816,0.011817461798741734,0.018073765103957952,0.029262286358789066
113,0.07227767829685675,0.14061540796474953,0.014272088339881115,0.006487312881764142,0.06739405138490698,0.015158540433079383,0.009514725559920742,0.28816389033579637,0.008096038640394671,0.07883683528515467,0.052913994928650065,0.006638180623200518,0.0043914117968864965,0.008155479051360636,0.0023206647707123764,0.013072502758802404,0.004366900814876552,0.1751676892251344,0.0258134565345917,0.006343150373280495
114,0.16986842410383646,0.09284190507875056,0.0024871416892982183,0.0038991281563174737,0.22443854715365052,0.053995992218130714,0.0035311664752174345,0.03531166475217436,0.003353250214433028,0.06020094387264968,0.09647651262647637,0.004154313500255806,0.001003967130069769,0.002502425533158976,0.0007321507018412725,0.06606641965506374,0.040107809875175766,0.06388939792727877,0.05832376088280485,0.01681507845341636
115,0.005434074639259588,0.055332495139589745,0.010166978357324392,0.008754898029918225,0.03830711201971599,0.004093199078922806,0.00425913958212238,0.31824525160902345,0.007163098388114914,0.15221341915047504,0.054055812671163106,0.004502518986815088,0.00354130706828153,0.007329682071559445,0.0021887245074795566,0.0026264694089754683,0.034865593355152665,0.26211248605877807,0.018971141190716488,0.005836598686612149
116,0.010690756241883892,0.022760964902075385,0.05427614707417976,0.012165343309729949,0.035279495598216845,0.010225940753106332,0.010943884181030216,0.020159711770409625,0.007753735296311395,0.00728896680430883,0.010079855885204813,0.018092049024726588,0.7145076960205285,0.007753735296311395,0.0038347277824148747,0.005222596749044765,0.004491248976208885,0.007669455564829749,0.009665615232388177,0.02713807353708988
117,0.0887582346149041,0.11219321513773255,0.008215593038341013,0.005811029222241204,0.24054429847292208,0.0025079178748619933,0.004862289757385498,0.14229383383322175,0.003556002956893871,0.1179978807733075,0.0768526434778448,0.003403602830169849,0.0036654184324906055,0.005956304952797234,0.0019213886944507207,0.0016660992874957298,0.002561851592600961,0.1366607518303359,0.03598987017938929,0.0045817730406132575
118,0.34795925650298526,0.10043059937448381,0.0063361174690601645,0.008397097357696719,0.010125911519575455,0.06377920247632449,0.006620788301260874,0.007650688703679233,0.006885619833311309,0.0031877869598663467,0.009060026096462248,0.007484369384034032,0.0020251823039150914,0.007824567992399216,0.0026896952473872307,0.3652443282621807,0.024845001951892574,0.002866552821894989,0.006750607679716971,0.009836599761873299
119,0.23427278239303576,0.06928998333758755,0.006277502421930369,0.005888367668202164,0.007492502890691085,0.06629922589071974,0.005049295426335296,0.05103712327679083,0.004645351792228472,0.02787902858994699,0.06195339686654886,0.003871126493523727,0.0021308953175359965,0.005955579220805734,0.0020197181705341183,0.1403001366428679,0.10419909863808072,0.12382955908781429,0.06083998536958907,0.016769340505231274
120,0.06267187290814763,0.12287654613803861,0.002906255264166407,0.007375457023437049,0.06009631648726484,0.17387708343732636,0.0019266186582676183,0.0430234993033828,0.0030619475104610356,0.04379488650893794,0.14321544717810156,0.0017496842916920206,0.0010650252210299255,0.0024850588490698267,0.001470107381331031,0.08314151553692677,0.12026333452333826,0.08339546503750181,0.016079825222268165,0.02552405351931024
121,0.2007858719587004,0.0978063456789339,0.006411007809080696,0.0021409357563498773,0.07579105863073184,0.02813473828444247,0.006022461881257624,0.06969292747653501,0.003486688457570203,0.049809945225876485,0.07459026832623747,0.004731934335273846,0.0012421327630093848,0.002685692460560832,0.001226797790626553,0.08266566198017991,0.13841338026081124,0.1294813548784889,0.01991226499329572,0.004968531052037539
122,0.009033916398651906,0.013597954381090594,0.03854470996758148,0.01927235498379074,0.08813922195740534,0.008869827297449147,0.01700501910334477,0.014101723158871272,0.009968459474374518,0.002618050080359321,0.04295861238260094,0.01521501709246637,0.005960522159935279,0.008894933069441877,0.0033420268758018617,0.003933133670161374,0.00649629943273845,0.011972072303347799,0.5848200926665589,0.09525605354402812
123,0.06786056101130421,0.042896977634256823,0.004127599568592786,0.003001890595340208,0.18202104727324045,0.007229003657419827,0.04703927547201195,0.05035374961375191,0.0036689773943046977,0.12603423638442068,0.1595240639023905,0.0023928113441117603,0.001399186294438232,0.0319298558046386,0.0012898748651852454,0.003300765684445761,0.016571694632563208,0.02966449600443182,0.05290792531879731,0.16678600754435424
124,0.09528616970660837,0.03439786169915148,0.018148861910056113,0.0024198482546741486,0.037264350174080786,0.01632838561680884,0.02903817905608978,0.048396965093482965,0.009074430955028055,0.1551971662306363,0.05889087810082514,0.03629772382011222,0.0009679393018696593,0.0028664884749292907,0.000834430432646258,0.0016498965372778282,0.07261770803154204,0.14615538834323524,0.19786960444083332,0.03629772382011222
125,0.029605897318420688,0.007605399094405155,0.005862495135270641,0.008527265651302752,0.17401017199398283,0.003197724619238531,0.03689396667478123,0.045113748294736286,0.005742852377407975,0.05803928385195342,0.08161625747240298,0.0052111067869072365,0.002024458751748135,0.004613110926114603,0.0016749986100773261,0.001747824636602427,0.0021480898205571814,0.03750080326999953,0.20395173708245362,0.28491280763163745
126,0.024979353297801512,0.03554355174144181,0.0025563781455644075,0.021860285715938788,0.05584962720157034,0.030525797778507616,0.053439605765104814,0.06616332142346311,0.018776077701253047,0.05161340976778711,0.2086617094012557,0.033081660711731554,0.001088359012468015,0.11247764641988732,0.04420912840567763,0.04687232891204375,0.03875777723384972,0.11061937969231292,0.0176622425833821,0.025262359088958644
127,0.013543626354509467,0.008610227075481723,0.025256666088079725,0.08995147656266365,0.010239188954626914,0.24192929595481172,0.005119594477313457,0.0061104837309870295,0.3842714819602757,0.001993947322743136,0.006013491925733268,0.006329483996590233,0.0017299086361698436,0.040596508804354454,0.1098153148717864,0.028645087665288803,0.001714253354394551,0.003382589208224962,0.007015740580022145,0.007731632475942773
128,0.012093856841252908,0.0038548265277802713,0.013918911110014276,0.012571919712270964,0.0037608063685661184,0.10948586780351437,0.02676713675002746,0.002368441401065778,0.0990837740034915,0.0009233117431809033,0.003023393355121782,0.10282198963661361,0.07453160521729868,0.08038171166033246,0.10051847118363254,0.19159886578254293,0.15564828111835008,0.0015419306111121088,0.0023013889718091177,0.002803510202022016
129,0.005408975616441559,0.01687533585236974,0.015543072495603709,0.015543072495603709,0.012304932392352936,0.5981089561800318,0.01737166925979238,0.013423562609839564,0.01777234845402226,0.0035156949692436955,0.015144532175203616,0.035886472839852634,0.1866096587672337,0.0109377176820915,0.004034027560767147,0.004045457224883157,0.004578579494828999,0.00509019721466355,0.006868019033082874,0.0109377176820915
130,0.011987218764640888,0.023247939422333844,0.017435954566750383,0.02131061113713936,0.016323021296532274,0.008920720941128104,0.007749313140777948,0.012786366682283615,0.777214918042512,0.004706638042558386,0.016323021296532274,0.007749313140777948,0.005993609382320442,0.012576754113721587,0.004706638042558386,0.0072375660465756305,0.006393183341141806,0.011623969711166922,0.014753500018019556,0.010959742870528812
131,0.008674778704690496,0.020411244011036455,0.019828065610721125,0.01445796450781749,0.018262692009874723,0.006857120146362882,0.01217512800658315,0.014765580773941267,0.0651633345845449,0.0040347807928793,0.006315520242620504,0.011376758956971142,0.004595909247518143,0.009774398540496332,0.7034691598845315,0.04370491284756162,0.004689069570102971,0.007081452003828975,0.010199225550258763,0.01416290400765795
132,0.021733503857054814,0.020389921380603665,0.015201752869223487,0.013907986667587443,0.009206695399670563,0.1427182070556301,0.01127026505821741,0.006500770166500984,0.008600991754955396,0.004387083042796039,0.012105099506974259,0.008489290563332598,0.006408582091927548,0.01922574627578264,0.004347390048847532,0.6623661607723125,0.005652665992746085,0.006536753733766099,0.010894589556276833,0.010056544205793999
133,0.007334434736972649,0.01593610690007682,0.028998640369811382,0.015809781544141043,0.024532419637460237,0.7187892607342918,0.017786004237158672,0.022232505296448345,0.01824205562785505,0.005831476799068418,0.0203268619853242,0.016939051654436835,0.007568512441344116,0.01824205562785505,0.0056915213558907775,0.005816717956488385,0.007818023840509307,0.0077564589633505885,0.0134233994242707,0.020924710867245504
134,0.6346546351684237,0.03695036408011179,0.015544239361860012,0.016977194307078388,0.013655569333954357,0.0060986037802126265,0.022434149620067872,0.02512624757447602,0.020263102882641954,0.004244298576769599,0.019035036041269708,0.021660558253858635,0.004653008810088151,0.015703904734047508,0.006682512652786175,0.01637967014290789,0.006181647888523199,0.061317870548538,0.027311138667908713,0.02512624757447602
135,0.004821908986105234,0.00680740092156033,0.01052052869695687,0.0066948818980634645,0.013705864409836684,0.0040707573350034125,0.008617879890060416,0.006503006777391774,0.0067506725805473265,0.8287412952034338,0.05286836008049653,0.007570847753884851,0.003697231456530224,0.007864861258890089,0.0035844279188746867,0.002945748035147924,0.004378814646841509,0.004969820304697419,0.006865090759878637,0.008020601085798803
136,0.005688524044014518,0.132439506530689,0.013031891446287807,0.010697821336504914,0.006232643735181124,0.011395626090907511,0.012148373382132696,0.00814493215392988,0.008432400347597992,0.012141179227256596,0.006178914047808873,0.007963933661620326,0.004026708031156344,0.007707032575761606,0.003116321867590562,0.003157506738087354,0.004291940296681613,0.004370451399669691,0.7312092502196128,0.007625042867508822
137,0.00727523900065949,0.011807355099430978,0.7326400396564036,0.007039541676632727,0.010749980015899843,0.005219193196125286,0.012004144351088158,0.012418080363194644,0.01161691388814983,0.003872304629383276,0.009603315480870527,0.006103802212417707,0.004069201474945138,0.012207604424835414,0.005456429250494616,0.003872304629383276,0.00421198047406602,0.005415403466656312,0.01161691388814983,0.12280025282121329
138,0.013677493089643318,0.005492011347441881,0.007273204216882492,0.0055133208713490185,0.006802723247836166,0.00193459711286189,0.06727713900616306,0.4019791010085008,0.012814693144031058,0.08565664689771971,0.05222704420054236,0.016819284751540764,0.009966983556468599,0.012232207092029646,0.0029900950669405797,0.003844407943209317,0.003957478765068415,0.2712222583821246,0.004892882836811858,0.013426427462834543
139,0.0088928708533947,0.028531293987974663,0.023612105369358344,0.02139847049098099,0.02739004222845567,0.012450019194752578,0.008389957427561372,0.028531293987974663,0.019564315877468336,0.0053917405961526905,0.015216690126919818,0.018506785289497073,0.6914320673419393,0.008778859688607588,0.005434532188185649,0.012772169200111842,0.005999838522694767,0.011806052684679168,0.019564315877468336,0.026336579065822763
140,0.3609910483755713,0.24371512459077913,0.00557923065150042,0.008737215747182938,0.012793780201232159,0.007222560683161387,0.011555672439822594,0.012352615366706912,0.009681779611743255,0.003618442885196974,0.022389115352156274,0.013267623912388905,0.004713497968875007,0.01377791713978848,0.007310731543561234,0.23040992075471026,0.004675289869567632,0.003195491605281181,0.010235024160985727,0.01377791713978848
141,0.00841397977955298,0.025285750414524428,0.02809527823836047,0.02974794166414639,0.031607188018155534,0.011760814146290433,0.13318561899757228,0.026616579383709923,0.024081667061451834,0.011113088999859296,0.026616579383709923,0.024081667061451834,0.5084380461602045,0.018730185492240314,0.006483525747313956,0.007436985416036598,0.027841285457458308,0.012334512397328991,0.014047639119180236,0.024081667061451834
142,0.049474360541780366,0.03215833435215725,0.009702985614176358,0.0224852010266455,0.00617462720902132,0.003286495127382315,0.05067373897915687,0.02307921911299911,0.20491903897169117,0.019364158319578554,0.06431666870431448,0.008066888012978673,0.10719444784052413,0.03215833435215725,0.18446689535947838,0.024737180270890183,0.0864948303264919,0.06002889079069351,0.005224684561479578,0.005993020526403045
143,0.037053384036743305,0.056134030301511456,0.003465957150783062,0.09901606433738433,0.07717528427845798,0.015059733591285925,0.03521352398715014,0.09926860095425186,0.004346794485049152,0.0582051719512688,0.04595768562696844,0.04920641857646104,0.033206046093851846,0.07123441272180109,0.009378574218061582,0.05790668388998025,0.06542703244712053,0.12995467185733983,0.01711527602659515,0.03567465346793425
144,0.024728875643491292,0.07038188661484707,0.00547501052104049,0.018520677476705494,0.022547972828555127,0.0033425829318971976,0.07735207345351551,0.09313293124837989,0.06815637241358709,0.04336518314731105,0.024380718856680222,0.0449141071665574,0.012725093576511309,0.0683242452520442,0.06470798452361395,0.0523787762969903,0.08964044632656565,0.17122386348806562,0.02940078809997874,0.015300410133662411
145,0.02921887969050056,0.058776108690899394,0.01193889707783894,0.063701684137963,0.02428250253119784,0.017908345616758407,0.0764089412981692,0.08207991741014273,0.11405048304346761,0.06157957440148505,0.05986965918946929,0.04475224814339692,0.0377527285974907,0.0531473482819927,0.04367958604104251,0.03766291243112078,0.059282799283062314,0.08978050602534882,0.018367533965906062,0.015759344142747402
146,0.027836661810722568,0.043378797988376,0.0038603391123554504,0.018450841035799286,0.03444786899076918,0.008573691837702551,0.08684558542500427,0.06411570489965061,0.17141556394342808,0.06667042344725095,0.05358557398564094,0.04598503531334675,0.08455705252780037,0.04401672148820506,0.05565675975916105,0.03152092587390643,0.05103387998632469,0.06668426984879759,0.005640586735330624,0.0357237159904273
147,0.13889828579316973,0.025262900298689075,0.012381258231082336,0.014566186154214516,0.09845313144974827,0.24914473220684247,0.043208270855688895,0.0068784767950457425,0.011255689300983942,0.018248153225460844,0.009789373865742015,0.007503792867322629,0.1758652427810496,0.012381258231082336,0.0030160673640681175,0.0048442262428414085,0.02908842520106198,0.04049483171386231,0.09018089864198706,0.008538798780056783
148,0.0462421298764067,0.03138859724943969,0.054499057286155166,0.1724363040502545,0.014474162603590714,0.02397740067665532,0.009560609130565096,0.055875906933991415,0.038097375081187004,0.07379251759970648,0.03499404423079425,0.0462421298764067,0.013833115774993458,0.07328941338902192,0.04921676980997672,0.060514392183939635,0.1134600712431422,0.06644802295210674,0.003969733650854998,0.017688246400811306
149,0.03735198718964832,0.17945881060263183,0.025768444599352257,0.010189255552621054,0.008733647616532333,0.005856464681670967,0.007730533379805676,0.13911840555080413,0.013290333329505726,0.003596207842101549,0.013894439389937802,0.021148039396489227,0.002780767402807797,0.053147416986164014,0.029732820691560285,0.017411111215778544,0.308048322370339,0.10643487986688976,0.005767503142993051,0.010540609192366608
150,0.01820612349928788,0.012981408165769584,0.019984536255197912,0.04050199347720109,0.04839392602974396,0.06974195305385393,0.12656872961625343,0.07435516633539066,0.0506075728258151,0.012854636601650739,0.06723963760863463,0.03543924429255096,0.002566246754961574,0.03674576021117035,0.03812311133019681,0.09963921267662504,0.20141539217397397,0.018750922906111616,0.016508964732554792,0.009375461453055811
151,0.06565669445084765,0.08592689615035537,0.2830090971376041,0.14570194045309745,0.02573211863326151,0.015204689141094973,0.028687834962757754,0.004998391562552519,0.006084998423976981,0.0017494370468933817,0.03317030917568866,0.06498694057707194,0.010862791308997456,0.005382883221210406,0.002372118029685941,0.07052426095011283,0.0517373375822062,0.011335391413939496,0.031219114518295215,0.055656755260350105
152,0.010007121443145644,0.013405766461572467,0.016916800534841448,0.013931482793398842,0.016916800534841448,0.718981283200338,0.012465010920409487,0.015789013832518687,0.012250096939023118,0.004179444838019652,0.019736267290648358,0.013663569662756555,0.0076398454028316215,0.015445774401376974,0.018957670035019,0.004900038775609247,0.0065787557635494515,0.053475212750922735,0.011841760374389011,0.012918284044788016
153,0.002291145599889146,0.03106372171779798,0.006697194830445197,0.00300219078606164,0.05506750668155097,0.0019134842372700558,0.005121384282105149,0.19153915367495994,0.0031659466471195474,0.23689437883232461,0.004693187073333158,0.005276577745199245,0.0020729412570425604,0.0044647965536301305,0.0012994557133699635,0.0015974960146016063,0.0036308246163659977,0.17545881078308573,0.002523580660747465,0.2622262222930999
154,0.013309771475958982,0.02016632041811967,0.03502571441041837,0.022182952459931637,0.029687256688938936,0.009242896858304848,0.021467373348320936,0.026619542951917964,0.016231428629218267,0.004293474669664188,0.0195731933469985,0.036761696826393665,0.006654885737979491,0.018485793716609696,0.007233571454325533,0.0073130612505269135,0.0065889957801777135,0.012556388184866965,0.015124740313589749,0.671480941477738
155,0.010639590263793488,0.018116059097810534,0.03527864140099946,0.01558823689811604,0.021622393116741603,0.008937255821586531,0.013964462221228952,0.08765741110564133,0.020382938223932202,0.003662809762945299,0.012187167029436178,0.01595938539569023,0.004753859479567303,0.008937255821586531,0.6778205941387382,0.005539621377016444,0.005632724257302434,0.00957563123741414,0.011556796321017066,0.012187167029436178
156,0.004358580438350312,0.008353945840171429,0.011793805892006723,0.007711334621696704,0.008910875562849524,0.0031573968529781784,0.009780229276298258,0.4594983753687411,0.008183457149555685,0.01956725161767202,0.007034901760144362,0.011138594453561905,0.003517450880072181,0.00636491111632109,0.003260076425432753,0.00405039798311342,0.003747564489048866,0.40573965508963783,0.0056477380327919526,0.008183457149555685
157,0.0011091906592374035,0.016858691502575105,0.00412865412049478,0.00412865412049478,0.05590892590139704,0.0011259965783167582,0.010063606662251468,0.6442974517290204,0.00812829768874157,0.046529685021192854,0.07481362841211917,0.0025626129023760707,0.0007905933422224047,0.002251993156633517,0.0017588558240437169,0.0008166568589989675,0.0016645747496643985,0.041450537814571975,0.049098202200681396,0.032513190754966274
158,0.1511004563866335,0.18816936666594467,0.002756789089253435,0.0024614188296905666,0.0031327148741516304,0.34560554594079085,0.0022232170074624477,0.002090003414485951,0.0036273540648071507,0.0008013921771085565,0.019704684560477012,0.03359297497570394,0.0004958253757650062,0.0025525824900494765,0.0017900434424081486,0.14016099231397142,0.0689945948020125,0.025217629548311294,0.0028716553013056613,0.002650758739666764
159,0.01982308629168817,0.018245341759918213,0.03271509320408624,0.00934716948688178,0.014774558221200232,0.005948198764379316,0.01028901630103654,0.02181006213605749,0.1808856624116545,0.028581226713271537,0.012052929075189664,0.025445072492067077,0.0049248527404000784,0.052621283610663136,0.4614984304443777,0.042897705320320896,0.012583350428636838,0.005654460553792683,0.019083804369050307,0.020818695675327608
160,0.07801038345387863,0.07866046998266095,0.0056602054775885535,0.012349539223829569,0.009807019634201887,0.033844558270710166,0.06112594429536792,0.022853474484207156,0.06685229296335084,0.0019268784604556779,0.027830731394356698,0.006129387271376177,0.002492567549763767,0.012349539223829569,0.27419697114307723,0.10628060985633063,0.05541987657869294,0.00357486661742435,0.13651817104428757,0.004116513074609857
161,0.009328046522976731,0.03119038787936745,0.019122495372102297,0.014709611824694076,0.009328046522976731,0.0065939639214145866,0.014164811386742441,0.21150981780696057,0.01593541281008525,0.3849979431254776,0.08330740273606063,0.019122495372102297,0.013261643616000652,0.00889418389400107,0.003642380070876628,0.004552975088595785,0.007354805912347038,0.12046704478998102,0.010927140212629886,0.011589391134607453
162,0.005300819866044481,0.052670379434382915,0.010329802815881552,0.012589447181855642,0.052670379434382915,0.00497360876320223,0.007378942046362825,0.11757448987438948,0.01678592957580752,0.4062345251642816,0.15910843787469842,0.009825909995594649,0.004153219688859593,0.014387939636406447,0.009791288484596825,0.003695984493755785,0.0075992089731199254,0.03704341986983924,0.016971566706634498,0.0509147001199035
163,0.05991329175318301,0.11161097622044398,0.012876840037670118,0.01175409406195564,0.022281802718125913,0.3917377356056029,0.12254991494969253,0.02042498582494875,0.015515404161781446,0.008753565353549465,0.012929503468151207,0.015318739368711563,0.004730306146884588,0.012121409501391756,0.00942691653459173,0.016214282106382195,0.007992385757588642,0.003618140390921322,0.008252874554139068,0.13197683148428424
164,0.06065203965301543,0.1154599363985346,0.010082416981280486,0.033028607352470554,0.02138694511180709,0.021988249799601067,0.04766233482059865,0.03420820047220165,0.008725168541492728,0.01889779280134993,0.03150755306650151,0.12603021226600605,0.0978847300220601,0.05545329339704267,0.08124666111128935,0.08027276133852392,0.0830392590075951,0.05901902623188577,0.0030247250943841466,0.010430086532359124
165,0.01880764594421363,0.08274856094233597,0.0034542854142226554,0.0037683113609701694,0.15078626660603442,0.028844741283947872,0.11573728490329394,0.023874716257110885,0.0020859715006122438,0.03728231866632718,0.029624328886216737,0.03713892513299516,0.0006966626045491072,0.06156362364388386,0.0482184654751165,0.05456010362371259,0.08327401698741962,0.09546235805877988,0.08773243498927204,0.034338977718985565
166,0.008014972528411117,0.019565962348768316,0.02463861925400455,0.012095322179238597,0.03501277472937488,0.00875319368234372,0.06721361160705187,0.028923596515570558,0.010188961193498026,0.005156920308977696,0.01663106799645307,0.01900693485308922,0.00488453409459825,0.6722997180978891,0.0059723347992050625,0.005321941758864981,0.008212873084668181,0.009112913970659215,0.01127530033657835,0.027718446660755115
167,0.34491748900351565,0.16489259573689205,0.003611679189212912,0.0023240370434935253,0.00597217366173038,0.0020880020312637145,0.009898676296361314,0.10630988104660717,0.00534528520003511,0.001843201793115555,0.005939205777816788,0.010279394615452136,0.0033830918987563987,0.0046080044827888885,0.0015538619767543926,0.02558997924593525,0.021624248497533756,0.27037779201354256,0.0038733950724892103,0.00556800541670324
168,0.01095411200720388,0.032177704021161393,0.021451802680774262,0.027097013912556964,0.03028489790226955,0.5179797760834174,0.015601311040563101,0.021451802680774262,0.01906826904957712,0.005720480714873137,0.013914682819961683,0.02574216321692912,0.008726157022687836,0.057204807148731364,0.00792066560520896,0.006356089683192373,0.00936078662433786,0.12301932918412045,0.021451802680774262,0.024516345920884874
169,0.21985717713939235,0.24052850512695903,0.010101129339824088,0.007187342030259446,0.008898613942225983,0.0038530080986957866,0.009835310146670821,0.05310593518215298,0.009343544639337282,0.0026046561359425132,0.007038720108997094,0.010381716265930313,0.0032499285702042714,0.005749873624207558,0.0026695841826677945,0.003484198922003686,0.0037004137185494184,0.3777412895329004,0.011325508653742159,0.009343544639337282
170,0.007272288355619305,0.016362648800143435,0.02322440474859068,0.015999034382362474,0.01565122928709372,0.7280369593316226,0.02057018706303746,0.018460424287341314,0.014999094733464818,0.005454216266714478,0.018460424287341314,0.018946224926481875,0.007058397521630502,0.014399130944126223,0.0062065219586750955,0.00580610118714767,0.007499547366732409,0.026783378749300986,0.014116795043261004,0.014692990759312474
171,0.012574766592251301,0.016378288137199735,0.017240303302315508,0.018718043585371123,0.013830793796885538,0.006239347861790374,0.017240303302315508,0.08729606666900033,0.02339755448171391,0.006122724537270928,0.02113327501574159,0.026205261019519577,0.0064864507474058355,0.014241989684521509,0.005241052203903914,0.005797624119362737,0.007893150909493846,0.6614870838598075,0.015235616871813707,0.017240303302315508
172,0.0066665307694017935,0.009946887179742358,0.014242133916449283,0.009946887179742358,0.03584862175365956,0.006596356761302826,0.014573346333110894,0.06115017190201921,0.007932327750933778,0.07295194526869721,0.635261793163183,0.011604701709699416,0.008703526282274563,0.009791467067558884,0.005222978003844439,0.005013231138590149,0.0063298372961996825,0.046899622797875344,0.01126670969400729,0.020050924031707888
173,0.13548727333008168,0.061485961752761636,0.01211546044389392,0.05855805881215394,0.04236114892794115,0.0028222239018229575,0.0951854070783309,0.007638007671150515,0.01545593813922016,0.0031008453156111974,0.041148906192324385,0.033833545091466716,0.0010583339631836089,0.18794205185981938,0.02132973996674025,0.18074613428633343,0.019182812369498703,0.012328012381506093,0.0609003811646401,0.007319757351519242
174,0.025078824533088493,0.08150617973253758,0.010198549098891152,0.6123393439587149,0.04160211257181606,0.018465172849064022,0.012601193059052586,0.012601193059052586,0.011201060496935634,0.004171429426444994,0.010428573566112485,0.013149071018141828,0.005815935258024271,0.016904985426007796,0.010971985733226214,0.021804200947557827,0.006853372470003163,0.005549149237013983,0.009600908997373401,0.06915675856094097
175,0.006121995189059128,0.014470170446867027,0.017685763879504143,0.010269153220357244,0.017685763879504143,0.32010679193895253,0.021222916655404975,0.013264322909628107,0.02859849141289743,0.003979296872888432,0.013264322909628107,0.31458340554187175,0.00461367753378369,0.05887924702655354,0.011167263179162508,0.06672981329676071,0.007074305551801658,0.041283039771591555,0.01384103260135107,0.015159226182432121
176,0.005399773370211649,0.060616987954253576,0.019251365928580656,0.013417618677495611,0.028899794260692654,0.0050316070040608545,0.0276738385223347,0.09096514820485897,0.010063214008121709,0.004427814163573553,0.015268324701977764,0.055347677044669384,0.005604828055156395,0.013022982834039859,0.0043839744193797546,0.01818509638627607,0.13941907229478323,0.4461224308064208,0.01229948378770431,0.02459896757540862
177,0.008658428018669524,0.017082844469266903,0.03009834501727978,0.024310201744725972,0.6372457801528191,0.00726511776279167,0.02340982390232871,0.022573758762959834,0.016633295930601984,0.05160610490170256,0.012155100872362988,0.018059007010367868,0.012899290721691336,0.031603262268143764,0.006077550436181493,0.018697808506561595,0.014365119212792621,0.00718255960639631,0.01374054881223642,0.026336051890119803
178,0.011843034202197908,0.027992626296104144,0.01811287583865562,0.04737213680879163,0.02463351114057165,0.008322132142085017,0.6209673617977314,0.015790712269597208,0.0219942063755104,0.006919525601284171,0.02463351114057165,0.0907311540075188,0.007501370253360548,0.008204196630495736,0.007354632618216953,0.007997893227458329,0.009474427361758327,0.007697972231428641,0.01539594446285728,0.01706077559380481
179,0.006005452416513946,0.012394231583018141,0.016643682411481505,0.013547183358182622,0.010991111026450052,0.006545268364065761,0.0121360184250386,0.014208021570776896,0.011422134988271621,0.0038073783294238737,0.010402301507175941,0.014262680515985861,0.004854407370015439,0.013869735342901257,0.004045339475012866,0.2248556442553028,0.5892261514165273,0.005655620236911191,0.011888344579629648,0.013239292827314834
180,0.013631834444980461,0.018443070131444153,0.034836910248283406,0.02850292656677733,0.04479031317636438,0.012541287689382025,0.027263668889960922,0.014656964799659946,0.017916125270545747,0.007838304805863767,0.6312186274566384,0.017916125270545747,0.01140117062671093,0.027263668889960922,0.010811454904639679,0.008589923074919197,0.01205893047055964,0.013063841343106276,0.014251463283388664,0.03300338865626849
181,0.01345580166987297,0.014182540353879553,0.052701889873669125,0.02258652423157248,0.018069219385257986,0.008663324362794924,0.02529690713936118,0.026350944936834562,0.019164323590425136,0.006440264950280004,0.023423062166075162,0.04517304846314496,0.010719028448881856,0.018600667014236162,0.0060809872931156675,0.008107983057487557,0.015424943377659256,0.01036758489318081,0.6371217354070126,0.018069219385257986
182,0.01644065039110217,0.049321951173306504,0.04173395868510551,0.028554813837177454,0.028554813837177454,0.01750133751310876,0.5457548346516622,0.06028238476737461,0.021701658516254857,0.007862919752266254,0.04173395868510551,0.02038952263401396,0.005833779171036253,0.006785618011401006,0.008611769252482087,0.009195618015362231,0.010433489671276377,0.018708326307116264,0.01644065039110217,0.04415794473656838
183,0.00844881683076142,0.013449136995905933,0.01432625462607371,0.028652509252147428,0.010579281480934141,0.004741062682010006,0.03661153959996616,0.015618197824999675,0.02272440388963416,0.00844881683076142,0.028652509252147428,0.026360308511975628,0.012921719858811583,0.027458654699974612,0.010803405127858863,0.009414395897134152,0.016475192819984767,0.6642154409237179,0.01569065982855692,0.024407693066644105
184,0.0068416014927492564,0.011282641058218072,0.014616148643600687,0.013980663919965875,0.010900178649464918,0.007145672670204779,0.0119094544503413,0.01037275065029726,0.009558868878969513,0.004345341488638042,0.011692918914880548,0.013398136256633964,0.004799332390436046,0.014616148643600687,0.003850961319272037,0.16853885738462585,0.6513850510348034,0.007067148794708023,0.012610010594479023,0.011088112764110864
185,0.01859556376274135,0.020117767208490296,0.01850834583181107,0.01850834583181107,0.013220247022722193,0.022999776232864304,0.12033216260962337,0.007585387635988144,0.4670520520505552,0.01765639387573421,0.007842519420258928,0.005769961913573068,0.005712452417225639,0.03166635858147984,0.1705234857672668,0.011469704683055693,0.00986250220904296,0.009639763454068266,0.010760666181285506,0.01217654331040202
186,0.11318459923194842,0.1305378444231167,0.012676707066739349,0.008673536414084818,0.026020609242254453,0.4978413563315173,0.02908185738840203,0.02059964898345144,0.01901506060010902,0.005554961523627355,0.01544973673758858,0.02908185738840203,0.008988937738233357,0.01977566302411338,0.0061727372742118375,0.006420669813023827,0.009887831512056692,0.008043620908952597,0.0114974785023915,0.021495285895775415
187,0.4755620857362447,0.1022237100930711,0.09164521771099395,0.008276152994448737,0.016266921402882002,0.035828682617505755,0.02144276003107173,0.015217442602696068,0.013874727078928766,0.004102093223335461,0.014741897521361815,0.01814387387244531,0.006207114745836554,0.01886962882734312,0.006126502866020494,0.08440078570775687,0.017882443483372472,0.015109682448719814,0.009249818052619178,0.024828458983346215
188,0.5013603038309952,0.020756045920247497,0.013463381137457835,0.013629858630685183,0.011860597668712855,0.05120370457480224,0.013837363946831665,0.022642959185724537,0.019159427003305377,0.012097578553387344,0.02165848269938869,0.017177417313308272,0.01497795439943195,0.019925804083437595,0.009398964190300752,0.16232578511786672,0.02647743748510829,0.014181806704920108,0.020756045920247497,0.013109081633840523
189,0.011190004496055981,0.018650007493426636,0.02355790420222311,0.012097302157898358,0.037300014986853265,0.01278857656692112,0.01243333832895109,0.11487775178046361,0.0091346975478008,0.4505263083778493,0.0716992477352713,0.02984001198948262,0.013900640484617383,0.005525928146200484,0.005812989348600509,0.0079928603543257,0.0091346975478008,0.09677682608395954,0.01946087738444518,0.037300014986853265
190,0.013757486051342272,0.018560873709338736,0.04124638602075275,0.01003290470775067,0.026515533870483908,0.01814999123635977,0.024747831612451646,0.01484869896747099,0.2694226167099044,0.0031459107981930065,0.004327188456096121,0.08254491630805362,0.006291821596386011,0.007928042809248088,0.37410717752743333,0.004980544004191938,0.03668662947024605,0.01559181752485457,0.007575866820138258,0.019537761799303933
191,0.06234197559275734,0.015524192038738676,0.019836467605054975,0.016229837131408617,0.01700268651861855,0.006264147664754203,0.06701762376221411,0.07776147304959852,0.011158013027843427,0.02939369463255007,0.009155292740794605,0.08203163630330368,0.007286865650836523,0.026807049504885647,0.00335840443545814,0.3592508834874154,0.1000263041227077,0.06838533036960628,0.009650173429486205,0.011517948931967406
192,0.06418352634692377,0.11364958659714912,0.019304887655661927,0.04295881525336432,0.011716040523644814,0.39586513299915194,0.0312427747297195,0.009092949633994027,0.10359446357749096,0.018794481673346887,0.0314089597016861,0.07107731251011186,0.004654724217401704,0.022887148929910797,0.015377303187283817,0.012800415133231602,0.004393222856873519,0.005511625750429936,0.006109325535339737,0.015377303187283817
193,0.06028798819599552,0.024544931152014948,0.19713373643374424,0.08894509107223314,0.006972991804549699,0.0464619050004124,0.11555243561825215,0.019235839460826756,0.017059551710725606,0.031378463120473654,0.03211802285731983,0.044627147549118076,0.07109717134050675,0.08141439079906677,0.015458198699242707,0.04853202295966591,0.04685850492657399,0.03241117906182422,0.0020595692178064476,0.017850859019647232
194,0.0430330696080127,0.041046927933796724,0.018528127192338796,0.013556611813050241,0.012390936763478324,0.7160114518169376,0.00840813566093172,0.010541543216690517,0.01605189535268783,0.005850987534422777,0.028383513996774322,0.013848694029769891,0.005044881396559032,0.018528127192338796,0.004154608208930968,0.004586255815053666,0.006420758141075133,0.005260066237296919,0.013326101802231403,0.015027306287622647
195,0.010641278675089154,0.01581602853536372,0.018981740339348224,0.015267921577301833,0.020066411215882405,0.007980959006316866,0.015267921577301833,0.07876739923523839,0.007633960788650917,0.00441713454437663,0.009891892852899778,0.014943072182040091,0.006953706856988953,0.010671055397353836,0.7107003659003431,0.011653915762899583,0.005444375136092127,0.009121096007219276,0.011148006231045782,0.014631758178247588
196,0.0049058419284595915,0.02979579537701846,0.022777123239276678,0.010995852598271499,0.007971993133746837,0.005061582942061485,0.006643327611455699,0.4331143023377715,0.006932167942388553,0.3217901588960917,0.06216486399114306,0.00911084929571067,0.002310722647462852,0.004555424647855335,0.0021826066154760192,0.0030959196635910046,0.003126271817155622,0.03785818706727051,0.009663021980299195,0.015943986267493673
197,0.057052158619703204,0.07865567681086076,0.21675043348535253,0.002160695855733336,0.0024788960555497015,0.017559994371099535,0.008938145092143268,0.16650899324879795,0.002131850607772743,0.0018282569506656678,0.004845982278872855,0.10437945155563413,0.030724873754242488,0.0022679261784816418,0.001615327426290952,0.10554618140722366,0.04522916793614666,0.1459295788999907,0.0025684947081599315,0.002827914757278291
198,0.003103529279829916,0.009713529345017916,0.006687887039633482,0.006087692048897145,0.005457930802459508,0.003083376492298553,0.0038604876407640413,0.0062711908753799875,0.004845305916469155,0.19023154641976658,0.00382935467591917,0.0028778180594786497,0.4849387344460693,0.050672111073568296,0.0020379398275277992,0.0016713848436046286,0.11894827792922874,0.08510901902301413,0.0055213951141160145,0.005051489146957205
