site,A,C,D,E,F,G,H,I,K,L,M,N,P,Q,R,S,T,V,W,Y
104,0.02920,0.09956,0.01500,0.00737,0.04374,0.00501,0.00727,0.02128,0.00485,0.46607,0.22137,0.00997,0.01651,0.00413,0.00154,0.00696,0.01851,0.01099,0.00399,0.00669
105,0.00715,0.01432,0.02263,0.01177,0.01876,0.00718,0.01686,0.01703,0.00691,0.00983,0.78480,0.01424,0.01137,0.01146,0.00487,0.00466,0.00491,0.00544,0.01248,0.01333
106,0.15171,0.09560,0.00893,0.00368,0.05265,0.07082,0.00314,0.17409,0.00407,0.04203,0.08097,0.00493,0.00195,0.00279,0.00131,0.07463,0.10354,0.09927,0.01521,0.00868
107,0.07057,0.11362,0.00777,0.00595,0.04495,0.01718,0.00599,0.20436,0.00497,0.17670,0.09912,0.00573,0.00304,0.00587,0.00181,0.02555,0.04231,0.15421,0.00487,0.00542
108,0.15895,0.31212,0.00562,0.00631,0.00329,0.02488,0.00443,0.00463,0.00636,0.00159,0.00684,0.00496,0.00205,0.00535,0.00308,0.37733,0.05454,0.01077,0.00326,0.00365
109,0.00645,0.12133,0.01880,0.02557,0.01295,0.61564,0.01502,0.01271,0.03471,0.00470,0.01653,0.01665,0.00686,0.02809,0.00710,0.00808,0.00707,0.00701,0.01701,0.01773
110,0.01058,0.02148,0.00336,0.00088,0.04350,0.00472,0.01261,0.65111,0.00211,0.04360,0.03534,0.00779,0.00036,0.01098,0.00339,0.01223,0.02309,0.02716,0.04132,0.04438
111,0.03215,0.01868,0.01644,0.00904,0.04154,0.00240,0.19123,0.01197,0.00876,0.02157,0.02464,0.14471,0.00147,0.06464,0.01973,0.14801,0.16457,0.01603,0.03424,0.02820
112,0.00864,0.02322,0.02680,0.01849,0.03333,0.01148,0.01808,0.02435,0.01646,0.00496,0.01444,0.01891,0.62595,0.03948,0.00506,0.01455,0.04383,0.01100,0.01745,0.02352
113,0.06015,0.09537,0.01062,0.00646,0.10127,0.02189,0.00807,0.27360,0.00584,0.10447,0.05485,0.00577,0.00441,0.00658,0.00312,0.01078,0.00379,0.18305,0.02973,0.01019
114,0.18357,0.12062,0.00507,0.00375,0.14562,0.06275,0.00377,0.03445,0.00344,0.06646,0.09494,0.00729,0.00100,0.00252,0.00071,0.05847,0.04950,0.06059,0.06990,0.02558
115,0.00471,0.05240,0.00878,0.00978,0.04610,0.00438,0.00436,0.31197,0.00672,0.13740,0.06705,0.00464,0.00310,0.00665,0.00216,0.00340,0.07409,0.23633,0.01061,0.00536
116,0.01151,0.02401,0.04678,0.01551,0.02631,0.00909,0.01091,0.02027,0.00760,0.00663,0.01237,0.01649,0.73067,0.00768,0.00374,0.00533,0.00435,0.00882,0.01065,0.02128
117,0.09295,0.08365,0.00902,0.00820,0.27928,0.00508,0.00579,0.12394,0.00438,0.13316,0.08265,0.00412,0.00541,0.00632,0.00213,0.00193,0.00247,0.12151,0.02363,0.00438
118,0.33598,0.15781,0.00554,0.00820,0.00897,0.06089,0.00522,0.00800,0.00801,0.00339,0.01024,0.00584,0.00322,0.00652,0.00236,0.31697,0.02485,0.01258,0.00780,0.00761
119,0.24672,0.08980,0.00584,0.00474,0.00728,0.04987,0.00457,0.04551,0.00420,0.03948,0.04819,0.00412,0.00203,0.00686,0.00191,0.13394,0.09898,0.14113,0.04441,0.02043
120,0.07964,0.10935,0.00298,0.00475,0.08388,0.17543,0.00207,0.04260,0.00270,0.04235,0.11566,0.00169,0.00120,0.00250,0.00106,0.10261,0.10411,0.08404,0.02096,0.02042
121,0.19396,0.07756,0.00720,0.00372,0.06910,0.05544,0.00472,0.07735,0.00321,0.07773,0.08040,0.00456,0.00113,0.00276,0.00122,0.07642,0.12786,0.11160,0.01758,0.00648
122,0.00813,0.01223,0.04987,0.01604,0.12347,0.00661,0.02157,0.01337,0.00912,0.01541,0.03386,0.01461,0.00542,0.00890,0.00295,0.00364,0.00591,0.00835,0.56419,0.07633
123,0.06297,0.03574,0.00434,0.00352,0.16095,0.00952,0.04573,0.04671,0.00416,0.12671,0.16540,0.00239,0.00137,0.02973,0.00125,0.00667,0.02362,0.03048,0.05756,0.18119
124,0.09404,0.02723,0.03897,0.00197,0.07284,0.00897,0.03308,0.03120,0.01051,0.13152,0.07421,0.03332,0.00104,0.00272,0.00102,0.00267,0.06268,0.14604,0.16982,0.05611
125,0.02877,0.00820,0.00777,0.00864,0.17391,0.00305,0.04185,0.04334,0.00516,0.04228,0.05232,0.00514,0.00200,0.00526,0.00198,0.00203,0.00366,0.04108,0.19968,0.32388
126,0.05824,0.04701,0.00368,0.02879,0.05503,0.03782,0.04800,0.05607,0.02348,0.05115,0.10064,0.04344,0.00103,0.10982,0.03515,0.06287,0.08254,0.11944,0.01239,0.02341
127,0.01401,0.00768,0.01875,0.05385,0.00809,0.22377,0.00651,0.00547,0.39203,0.00162,0.00547,0.02035,0.00156,0.03920,0.15018,0.02854,0.00632,0.00346,0.00611,0.00703
128,0.01164,0.00330,0.01782,0.01474,0.00281,0.10405,0.02762,0.00493,0.10453,0.00076,0.00292,0.09167,0.06647,0.08922,0.12752,0.18206,0.14174,0.00146,0.00228,0.00247
129,0.00466,0.01253,0.01356,0.01345,0.01112,0.57002,0.01548,0.01196,0.02153,0.00422,0.01296,0.03395,0.22703,0.01024,0.00498,0.00350,0.00484,0.00470,0.00844,0.01083
130,0.00976,0.02011,0.01712,0.01787,0.01322,0.00894,0.00892,0.01198,0.79295,0.00434,0.01495,0.00715,0.00569,0.01278,0.00544,0.00559,0.00626,0.01079,0.01533,0.01081
131,0.00833,0.01823,0.01514,0.01417,0.01924,0.00721,0.01135,0.01195,0.05900,0.00383,0.02433,0.00978,0.00464,0.01090,0.72154,0.02234,0.00411,0.00833,0.01207,0.01351
132,0.09852,0.01244,0.01230,0.01463,0.00788,0.16665,0.01016,0.00501,0.00813,0.00404,0.01081,0.00944,0.00554,0.01289,0.00323,0.59004,0.00452,0.00622,0.00894,0.00861
133,0.00743,0.01702,0.04152,0.01727,0.01857,0.72133,0.01917,0.01968,0.01948,0.00523,0.01797,0.01911,0.00691,0.01602,0.00508,0.00534,0.00705,0.00707,0.01165,0.01711
134,0.58690,0.12400,0.01349,0.01376,0.01467,0.00550,0.02122,0.02195,0.02203,0.00449,0.01829,0.01913,0.00420,0.01303,0.00541,0.01175,0.00832,0.05348,0.01744,0.02095
135,0.00464,0.00692,0.00849,0.00734,0.01099,0.00371,0.00740,0.03298,0.00634,0.79761,0.07017,0.00647,0.00351,0.00638,0.00271,0.00265,0.00381,0.00483,0.00635,0.00669
136,0.00577,0.08773,0.01085,0.00889,0.00716,0.00690,0.01044,0.00773,0.00854,0.01032,0.00668,0.00779,0.00446,0.00772,0.00347,0.00330,0.00463,0.00455,0.78460,0.00847
137,0.00659,0.01292,0.77664,0.00679,0.01101,0.00539,0.01115,0.01038,0.00948,0.00379,0.00941,0.00737,0.00450,0.01146,0.00488,0.00370,0.00420,0.00529,0.01024,0.08481
138,0.01283,0.00838,0.01020,0.00674,0.00878,0.00270,0.06871,0.21933,0.01155,0.12123,0.04848,0.02158,0.01011,0.01758,0.00457,0.00489,0.01550,0.38969,0.00535,0.01179
139,0.00835,0.02247,0.02519,0.02157,0.02575,0.01009,0.01018,0.02270,0.01790,0.00549,0.02145,0.02065,0.70738,0.01065,0.00550,0.00806,0.00573,0.01134,0.01697,0.02257
140,0.40938,0.21952,0.00541,0.00754,0.01198,0.00591,0.01438,0.01807,0.01115,0.00417,0.01568,0.01332,0.00451,0.01367,0.00790,0.20044,0.00513,0.00376,0.01373,0.01432
141,0.00714,0.02083,0.02737,0.02467,0.02122,0.01069,0.18781,0.02505,0.01804,0.01532,0.02061,0.01877,0.46848,0.01655,0.00582,0.00642,0.06376,0.01038,0.01276,0.01832
142,0.06483,0.02845,0.00937,0.01643,0.01537,0.00532,0.03054,0.03528,0.21931,0.02091,0.07026,0.01075,0.09561,0.05896,0.17199,0.02212,0.05778,0.04818,0.00654,0.01201
143,0.04304,0.06269,0.01011,0.09783,0.06068,0.01600,0.03458,0.08404,0.00837,0.05206,0.05709,0.03426,0.03434,0.05937,0.01541,0.05702,0.07451,0.14959,0.01148,0.03754
144,0.03663,0.04365,0.00987,0.01397,0.05343,0.00453,0.07526,0.09270,0.05282,0.03441,0.05513,0.04840,0.01741,0.07167,0.04835,0.07504,0.06406,0.16477,0.02205,0.01585
145,0.04414,0.04653,0.01218,0.05910,0.03640,0.01285,0.06140,0.07658,0.12473,0.05096,0.05018,0.04006,0.06263,0.06170,0.04747,0.03026,0.05969,0.08754,0.00998,0.02561
146,0.03129,0.07290,0.00376,0.01852,0.03675,0.01924,0.06128,0.05397,0.16524,0.06170,0.05931,0.02594,0.07841,0.05597,0.08987,0.03225,0.04336,0.05874,0.00825,0.02327
147,0.15938,0.01658,0.01110,0.01303,0.09447,0.28697,0.02564,0.02150,0.01058,0.01735,0.01685,0.00772,0.12963,0.01494,0.00496,0.01367,0.03499,0.05068,0.05645,0.01351
148,0.05577,0.03902,0.05701,0.16449,0.01208,0.03842,0.01329,0.06418,0.03194,0.06202,0.04095,0.04246,0.02087,0.07451,0.03804,0.06126,0.09460,0.06585,0.00347,0.01979
149,0.04248,0.13121,0.02937,0.03099,0.00994,0.00662,0.00687,0.08593,0.01255,0.00458,0.01205,0.02295,0.00333,0.04819,0.02891,0.02353,0.35379,0.12789,0.00847,0.01035
150,0.01168,0.04744,0.03981,0.01855,0.04582,0.08955,0.10511,0.07731,0.03916,0.02234,0.04100,0.06593,0.00232,0.02353,0.02216,0.09351,0.17844,0.01587,0.02276,0.03771
151,0.05952,0.09735,0.25616,0.11604,0.02906,0.01486,0.03251,0.00464,0.00469,0.00224,0.05131,0.09410,0.00843,0.02413,0.00224,0.05013,0.03535,0.00777,0.06160,0.04787
152,0.00884,0.01386,0.01528,0.01347,0.01295,0.73754,0.01393,0.01508,0.01239,0.00438,0.01561,0.01611,0.00787,0.01394,0.00971,0.00481,0.00724,0.05263,0.01139,0.01294
153,0.00477,0.02845,0.00657,0.00334,0.07603,0.00191,0.00506,0.18268,0.00345,0.25239,0.00382,0.00531,0.00177,0.00347,0.00121,0.00133,0.00253,0.16560,0.00250,0.24781
154,0.01249,0.01917,0.03232,0.02151,0.02370,0.00935,0.01860,0.02019,0.01610,0.00485,0.01619,0.02556,0.00641,0.01966,0.00679,0.00653,0.00729,0.01023,0.01495,0.70812
155,0.00992,0.01545,0.02582,0.01646,0.01608,0.00823,0.01405,0.06795,0.01716,0.00393,0.01191,0.01396,0.00496,0.01067,0.71961,0.00518,0.00565,0.00971,0.01081,0.01251
156,0.00521,0.01035,0.01313,0.00756,0.00972,0.00398,0.00844,0.36117,0.00962,0.02671,0.00819,0.01308,0.00348,0.00815,0.00321,0.00387,0.00452,0.48218,0.00614,0.01129
157,0.00057,0.00863,0.00184,0.00168,0.02444,0.00053,0.00576,0.82831,0.00489,0.02107,0.03788,0.00129,0.00038,0.00100,0.00070,0.00038,0.00069,0.01885,0.02563,0.01547
158,0.18471,0.10977,0.00184,0.00187,0.00216,0.43964,0.00283,0.00375,0.00218,0.00138,0.01204,0.03952,0.00039,0.00191,0.00105,0.11580,0.05773,0.01744,0.00203,0.00197
159,0.01381,0.01645,0.02158,0.01417,0.01859,0.00735,0.01237,0.02054,0.18290,0.02328,0.01753,0.02143,0.00479,0.03723,0.48915,0.02196,0.03484,0.00655,0.01664,0.01884
160,0.06890,0.08353,0.00610,0.00872,0.00597,0.04417,0.08486,0.01389,0.06094,0.00270,0.02494,0.01994,0.00207,0.02239,0.26990,0.08504,0.04703,0.00396,0.13955,0.00540
161,0.00867,0.02733,0.01608,0.01660,0.01402,0.00580,0.01277,0.20642,0.01601,0.42367,0.09181,0.01765,0.01248,0.00990,0.00390,0.00602,0.00806,0.07491,0.01312,0.01480
162,0.00651,0.02990,0.01074,0.01426,0.06471,0.00474,0.01364,0.17233,0.01239,0.38518,0.11430,0.00986,0.00514,0.01143,0.00562,0.00336,0.01090,0.03349,0.02262,0.06887
163,0.04138,0.11825,0.01079,0.01443,0.01959,0.46074,0.05291,0.01889,0.02494,0.01553,0.02665,0.01682,0.00460,0.01551,0.02160,0.01782,0.01301,0.00423,0.00915,0.09317
164,0.05568,0.11723,0.01383,0.03342,0.01230,0.02072,0.08067,0.03761,0.02824,0.02153,0.02801,0.07935,0.09079,0.07016,0.08371,0.08484,0.06900,0.05899,0.00498,0.00893
165,0.02399,0.12647,0.00225,0.00232,0.14244,0.03854,0.10541,0.02633,0.00685,0.02916,0.04454,0.05028,0.00080,0.04453,0.03920,0.04120,0.07069,0.11164,0.05286,0.04048
166,0.00914,0.01782,0.02033,0.01493,0.02568,0.00833,0.07352,0.02188,0.00943,0.00431,0.01370,0.01733,0.00533,0.69727,0.00523,0.00560,0.00790,0.00858,0.01240,0.02130
167,0.32763,0.13434,0.00404,0.00347,0.00527,0.00169,0.00817,0.14172,0.00543,0.00318,0.00457,0.00738,0.00275,0.00453,0.00146,0.03811,0.03997,0.25756,0.00343,0.00531
168,0.01095,0.03695,0.02187,0.02336,0.02450,0.58779,0.02202,0.02052,0.01839,0.00631,0.01754,0.02072,0.00816,0.03109,0.00797,0.00611,0.00963,0.08357,0.02364,0.01890
169,0.23270,0.20775,0.01004,0.00733,0.00753,0.00361,0.00996,0.06044,0.00885,0.00224,0.00734,0.01097,0.00308,0.00581,0.00266,0.00799,0.00358,0.38725,0.00915,0.01173
170,0.00653,0.01478,0.01949,0.02373,0.01534,0.73564,0.02163,0.02110,0.01284,0.00500,0.01484,0.01800,0.00641,0.01308,0.00516,0.00525,0.00700,0.02667,0.01289,0.01461
171,0.01598,0.01576,0.01837,0.01843,0.01419,0.00673,0.01501,0.06810,0.02355,0.00564,0.02289,0.02227,0.00698,0.01688,0.00569,0.00546,0.00844,0.67011,0.01860,0.02094
172,0.00532,0.00951,0.01142,0.00899,0.08792,0.00478,0.01276,0.12364,0.00710,0.06429,0.55682,0.01107,0.00665,0.00715,0.00373,0.00404,0.00618,0.04415,0.01182,0.01266
173,0.15600,0.05779,0.02252,0.06125,0.04283,0.00236,0.08212,0.00526,0.02736,0.00468,0.03894,0.03386,0.00112,0.18000,0.01775,0.17235,0.02630,0.00765,0.03393,0.02593
174,0.02437,0.05491,0.06873,0.59388,0.03054,0.00983,0.01308,0.01176,0.00971,0.00812,0.01709,0.01439,0.00506,0.02078,0.01686,0.02767,0.01205,0.00506,0.01262,0.04349
175,0.00531,0.01839,0.03030,0.01729,0.01345,0.32771,0.05077,0.01971,0.01953,0.00382,0.01426,0.31127,0.00522,0.05687,0.01130,0.03737,0.00594,0.02404,0.01183,0.01561
176,0.01219,0.04285,0.02017,0.01556,0.02578,0.00591,0.02208,0.09652,0.01457,0.00407,0.01443,0.04453,0.00519,0.01134,0.00468,0.00881,0.13745,0.47686,0.01359,0.02344
177,0.00944,0.01812,0.02799,0.02015,0.66474,0.00685,0.03086,0.01884,0.01974,0.03152,0.01261,0.01914,0.01176,0.02883,0.00613,0.01687,0.01206,0.00731,0.01547,0.02156
178,0.01024,0.01960,0.01715,0.02693,0.02131,0.00912,0.62017,0.02345,0.02337,0.00604,0.02534,0.11246,0.00684,0.00882,0.00903,0.00686,0.00791,0.01020,0.01690,0.01829
179,0.00594,0.01222,0.01289,0.01458,0.00952,0.00550,0.01007,0.01118,0.01114,0.00346,0.01343,0.02179,0.00496,0.01120,0.00384,0.26558,0.55413,0.00541,0.01058,0.01258
180,0.01704,0.02178,0.03358,0.02857,0.03216,0.01408,0.02697,0.01357,0.02167,0.00696,0.63828,0.02116,0.01132,0.02604,0.00865,0.00864,0.01295,0.01244,0.01659,0.02751
181,0.01287,0.03488,0.03626,0.02511,0.01771,0.00794,0.02178,0.02656,0.02101,0.02399,0.02003,0.03046,0.01033,0.01846,0.01038,0.00718,0.01296,0.01198,0.62754,0.02256
182,0.01420,0.05037,0.05322,0.03487,0.03659,0.01447,0.51813,0.04824,0.02214,0.00618,0.03254,0.05888,0.00550,0.00699,0.00664,0.01009,0.00881,0.01837,0.01929,0.03447
183,0.00922,0.01634,0.02043,0.02056,0.01421,0.00496,0.03001,0.01717,0.02831,0.00816,0.02726,0.02332,0.01183,0.02887,0.00906,0.00805,0.01321,0.66981,0.01586,0.02335
184,0.00606,0.01197,0.01524,0.01288,0.01223,0.00721,0.01211,0.01075,0.00834,0.00413,0.01185,0.01257,0.00491,0.01185,0.00431,0.17317,0.64866,0.00616,0.01313,0.01248
185,0.02465,0.02565,0.01498,0.01624,0.01121,0.01372,0.15140,0.00736,0.44071,0.01095,0.01071,0.00837,0.00489,0.05335,0.14516,0.01534,0.01398,0.01012,0.01053,0.01069
186,0.10115,0.08218,0.01636,0.01270,0.02304,0.54960,0.02596,0.02360,0.02061,0.00590,0.01402,0.02958,0.00917,0.01921,0.00621,0.00667,0.01112,0.00692,0.01244,0.02355
187,0.46745,0.15635,0.04952,0.01093,0.01305,0.02561,0.01777,0.02009,0.01598,0.00407,0.01425,0.02387,0.00591,0.01718,0.00512,0.08977,0.01987,0.01301,0.01112,0.01908
188,0.48751,0.07398,0.01462,0.03475,0.01166,0.05109,0.01092,0.02083,0.01693,0.01770,0.02058,0.01449,0.00983,0.01860,0.00941,0.12552,0.01960,0.00949,0.01872,0.01377
189,0.01178,0.02080,0.02622,0.01079,0.02617,0.01098,0.01049,0.14425,0.00836,0.44943,0.05615,0.02694,0.01395,0.00530,0.00727,0.00699,0.00824,0.10080,0.01756,0.03751
190,0.01142,0.01797,0.02630,0.00872,0.01696,0.02814,0.05366,0.01181,0.18570,0.00270,0.00403,0.05737,0.00566,0.01149,0.34400,0.03949,0.07401,0.00974,0.00785,0.08298
191,0.03516,0.01495,0.05289,0.01912,0.01538,0.00693,0.06004,0.03301,0.01125,0.02557,0.01131,0.14352,0.00770,0.01676,0.01195,0.37084,0.05480,0.08120,0.01109,0.01653
192,0.06360,0.07910,0.02025,0.02814,0.01040,0.45661,0.02942,0.01305,0.08875,0.01678,0.02639,0.04311,0.00595,0.03942,0.01808,0.02939,0.00607,0.00352,0.00723,0.01473
193,0.04229,0.06990,0.13237,0.09448,0.00471,0.05432,0.07349,0.01857,0.02121,0.03972,0.02588,0.07824,0.08819,0.06385,0.01882,0.05854,0.06885,0.02628,0.00255,0.01772
194,0.02757,0.02602,0.01554,0.02346,0.01343,0.74327,0.00916,0.01349,0.01633,0.00480,0.01733,0.01473,0.00528,0.01480,0.00447,0.00858,0.00644,0.00557,0.01339,0.01633
195,0.00987,0.01380,0.01877,0.01405,0.01692,0.01409,0.01505,0.06979,0.01160,0.00448,0.00963,0.01485,0.01001,0.01103,0.71377,0.00851,0.00547,0.00810,0.01415,0.01605
196,0.00437,0.09222,0.01935,0.01056,0.01417,0.00495,0.00857,0.30780,0.00612,0.34495,0.06717,0.01060,0.00353,0.00427,0.00249,0.00331,0.00295,0.07051,0.00836,0.01376
197,0.04658,0.11015,0.20433,0.00527,0.00236,0.02181,0.00813,0.11230,0.00211,0.00144,0.00909,0.13080,0.03251,0.00529,0.00193,0.08778,0.05731,0.14299,0.00232,0.01551
198,0.00317,0.01859,0.00529,0.00606,0.00494,0.00312,0.00378,0.01731,0.00553,0.18212,0.00526,0.00353,0.51676,0.04445,0.00193,0.00183,0.09823,0.06743,0.00616,0.00451
199,0.06609,0.09284,0.00848,0.00571,0.06604,0.00437,0.16518,0.05366,0.07702,0.00312,0.03020,0.01855,0.00216,0.02745,0.02088,0.03123,0.04057,0.05968,0.07319,0.15358
200,0.00585,0.00973,0.01211,0.00879,0.01235,0.00462,0.01211,0.01110,0.00755,0.00438,0.00794,0.01399,0.00424,0.00747,0.00269,0.00401,0.00487,0.00484,0.83928,0.02207
201,0.00608,0.01738,0.01711,0.01004,0.01952,0.77093,0.02199,0.02586,0.01231,0.00488,0.01258,0.02041,0.00582,0.00866,0.00541,0.00553,0.00668,0.00594,0.00734,0.01552
202,0.03520,0.12943,0.21039,0.09324,0.00406,0.00204,0.05422,0.00397,0.00454,0.00185,0.00524,0.12135,0.00261,0.00532,0.00188,0.29479,0.01093,0.00278,0.00431,0.01184
203,0.00284,0.08263,0.00749,0.00514,0.00813,0.00198,0.00759,0.21108,0.00590,0.00201,0.01205,0.00741,0.00285,0.00540,0.00196,0.00199,0.00484,0.61675,0.00440,0.00755
204,0.00227,0.00408,0.00375,0.00589,0.00384,0.00191,0.00309,0.00336,0.49706,0.00152,0.00920,0.00552,0.00263,0.00426,0.43897,0.00138,0.00191,0.00216,0.00381,0.00338
205,0.00339,0.00682,0.00500,0.00645,0.00494,0.00337,0.05679,0.04459,0.01424,0.03251,0.03475,0.01561,0.00131,0.51392,0.00461,0.01064,0.06637,0.01447,0.15433,0.00588
206,0.00337,0.00883,0.66075,0.00616,0.00782,0.00404,0.00908,0.01214,0.01055,0.00227,0.01322,0.01436,0.00307,0.00556,0.00303,0.00288,0.00421,0.00409,0.00701,0.21757
