site,A,C,D,E,F,G,H,I,K,L,M,N,P,Q,R,S,T,V,W,Y
104,0.029200507302790654,0.09955716072470182,0.014998367977614656,0.007371551707135818,0.04374128256962901,0.005006803825035463,0.007266613315237792,0.021284603980120206,0.004852346485986314,0.4660673249790961,0.22136914210915304,0.009971491702791093,0.01650572099789137,0.004133874361226094,0.0015358757822776384,0.006961590778236877,0.01851402950555922,0.010985173465684771,0.00398835470134346,0.0066881837284885675
105,0.007148823186336442,0.01431561071490238,0.022630712408000197,0.01177033025808836,0.018760917089503355,0.007178619154501942,0.01686259572782947,0.01703026093078208,0.006910757156822521,0.009827921814036833,0.7848023655342263,0.014240797792429183,0.011369730127805759,0.011464996933098362,0.004868085399503336,0.004655786860693789,0.0049102762478261406,0.005440519975973004,0.012482878059427426,0.013328014628213375
106,0.15170652511007687,0.09560196852533868,0.008928255819453052,0.0036835076604283604,0.05265057166714291,0.07081868325029375,0.003135254281880842,0.17409357445631599,0.004067368590848504,0.042025656981919256,0.08097079893599975,0.00492610371750636,0.001953690759752873,0.002787547673680769,0.0013140907928035673,0.07462586649402368,0.10354241778875745,0.09927396293319742,0.015214965487688742,0.00867918907289118
107,0.0705702145404618,0.11361947914379193,0.00777086166897397,0.005952520457711204,0.044946603841393436,0.017183468073572586,0.005987622130515381,0.2043646881171638,0.004967837140608317,0.17669998515457994,0.09912369530693743,0.005734353000452159,0.003038419079911654,0.005865719926623665,0.0018110576454286086,0.025548719569517125,0.04230997911283254,0.15420751672287666,0.0048736786129483815,0.0054235807536994465
108,0.15895258707775795,0.3121226287591266,0.005616143157317131,0.006305964776613718,0.003293517077631959,0.024882145632035415,0.004430046430853901,0.004625986191350832,0.006361795425905731,0.0015858594135370354,0.006841829460008406,0.004957259736116313,0.00204657647108457,0.005347577359264461,0.0030833590206075213,0.37733280678164577,0.05453778268409707,0.010766209657028488,0.003255315469439876,0.003654609418577168
109,0.006449388078476508,0.12132890008149139,0.018795418174846836,0.025567474413897062,0.012945090753890299,0.6156434350831602,0.01501923426589174,0.012708697106344743,0.034708428874548454,0.004703697984142481,0.01653267653164106,0.016648102520962462,0.006860084901859849,0.028092008365439652,0.00709613831192923,0.0080844281525262,0.007065801480210709,0.0070108704166984975,0.017013996605906103,0.017726127896136604
110,0.010578024710049894,0.021479895696341372,0.0033585998855086337,0.0008799480885719136,0.04349829683030887,0.004718945628667722,0.012612826667154556,0.6511109221812249,0.002112498201789263,0.04360211361183337,0.035340756668680175,0.007793615084760175,0.00036056610909333196,0.010978977439926716,0.003394700310046781,0.012230309294320786,0.023092588665917967,0.027155771785907296,0.04132057850509983,0.04438006463479641
111,0.03214715170325216,0.01867729674958313,0.016436125167873912,0.009040663856828458,0.041540009726951245,0.0023957177370673645,0.191232450392238,0.011974111801581899,0.008756703535014634,0.021571775418508105,0.024638063289874963,0.14470546937672038,0.0014684552641566404,0.06463604845450108,0.019727007941323517,0.1480141731335923,0.16457076183538585,0.016033581444759856,0.03423585581789112,0.0281985773528953
112,0.008643962791981588,0.023221232032181988,0.026795629226285395,0.01849138399902561,0.03333142771962556,0.011480555121765773,0.018077785680240963,0.024346887310498944,0.016458113553939623,0.004956816945841733,0.014440997415891962,0.018911387255322657,0.625951647020477,0.03947980845666393,0.005064747724652158,0.01454584215459725,0.043829190049921946,0.010998451260155787,0.017450544729069775,0.023523589551860225
113,0.0601453755353091,0.09536800471503881,0.010622748782382646,0.0064647655199589005,0.101268086807134,0.021893718951586785,0.008073629301016606,0.27360406843479507,0.005840255288632729,0.10446594262010812,0.05484880701367844,0.005766963139352058,0.004406968691434067,0.006575371641875649,0.0031186118223814735,0.010777407599134118,0.0037937753076590203,0.18305312309188185,0.029725532794092832,0.010186842942547665
114,0.18356719011702993,0.1206218924498816,0.00506955698510379,0.0037529825575618983,0.14561695620866724,0.06274779310308433,0.003771117634780089,0.034452135466004265,0.003435761715636695,0.06645732236909514,0.09494400446109852,0.0072866160531331265,0.0010012005135460534,0.002519014005708245,0.0007084649288361461,0.058469852322270845,0.04950150851141649,0.06059430954878899,0.0698986242617848,0.02558369678657173
115,0.004710696987091866,0.05239550008874314,0.008781049148004004,0.0097824318304309,0.04609733182910952,0.004383091630939499,0.004358742944249621,0.3119676323550263,0.0067237342127714796,0.13740154114420655,0.06705330588300684,0.004639438357778934,0.00310163822458976,0.006654271498432551,0.0021559808999710808,0.0034011352867726204,0.07409400662817255,0.2363327668520229,0.010606578944258857,0.005359125254421113
116,0.011509922886694267,0.02400747576267935,0.04678180788580114,0.015514989924148612,0.026305576901027677,0.009093676204537713,0.010905292660625671,0.020266150371752403,0.007604791320274244,0.006630126060633836,0.01236867858515872,0.016491819583566145,0.7306717716879194,0.007682403248512983,0.0037352596856728808,0.005334570276286553,0.004350530097166867,0.008815002465995347,0.010648583947163915,0.021281570444382236
117,0.09295183624528912,0.08365139352666605,0.009017819876166414,0.008197608100715152,0.2792817478111928,0.0050772999803358155,0.005794942068712994,0.12394180711364296,0.0043839220044020475,0.13316070095413288,0.08264809905618374,0.004117741980840289,0.005408678412681369,0.0063206835946677115,0.002131065796105574,0.0019256926120442789,0.0024741189006025495,0.12151018631852262,0.023627918029684707,0.004376737617410944
118,0.335981277189136,0.15781359676493348,0.005537626877842397,0.008199260222653595,0.008966327387255184,0.060890566728229206,0.005222022467014877,0.007997211570838249,0.008014402465133207,0.0033921785838627407,0.01024031305546833,0.00584280525655491,0.0032171123982748795,0.006515447941513391,0.0023570165089652384,0.31696838144597245,0.02484680911069545,0.01258437906196746,0.007801192352289915,0.007612072611399017
119,0.24672281350657788,0.08980271670000665,0.0058393656683390915,0.0047433780996876404,0.007276046136181764,0.04987012798791949,0.004567092882447453,0.04551088972233839,0.004198241311449957,0.03947628216575102,0.04818514664405671,0.004117861973287367,0.0020346400348629492,0.006860990822358567,0.0019054568629647897,0.1339449820270113,0.09898245096893725,0.14112507689324996,0.04441065077066991,0.02042578882190187
120,0.07964343160009484,0.10935059263200564,0.00298120400905201,0.004751850507748026,0.08387591386419663,0.1754290860145982,0.0020687455382612727,0.04260037059098454,0.002699930117556246,0.04235474009751574,0.1156566263698003,0.0016855768865278048,0.0012010448484610777,0.0024991868533054003,0.0010587459569270069,0.10260520314572101,0.10410816529301205,0.0840404137470977,0.020964782883797023,0.020424389043337432
121,0.19395819183294116,0.07755749202505037,0.007201579412361943,0.003721734790098885,0.06909758647239066,0.055439968831245884,0.004717772938883651,0.07734863585807648,0.003211136501038427,0.077730893255912,0.08040079193469175,0.004557559678825887,0.0011253399531453814,0.0027601299476661518,0.0012198275166981525,0.07642331817047923,0.12786496795010066,0.11159617565807461,0.01758396978456829,0.006482927487750399
122,0.00813339448792333,0.012233279360298431,0.049871718098163265,0.016042306827615822,0.12346907387589097,0.006607156187163346,0.02157293304753029,0.013373807613210937,0.009119302107658302,0.015410523631116677,0.033864521298149146,0.014612303290852465,0.005422973012223976,0.008903395078202243,0.002952312021441484,0.0036361983545004067,0.005907443906516353,0.008345200758630248,0.5641909635503423,0.07633119349257006
123,0.06296660228359006,0.03574178792268993,0.0043402203541538335,0.0035221824933504993,0.16094538726587618,0.009515569970793522,0.045727738935365,0.046711754740138355,0.004157202545044016,0.12670601158626138,0.16540278834945168,0.0023908711705036916,0.0013730415738061805,0.02972873555850716,0.0012477752967133676,0.006672668653799628,0.023615198040224036,0.030480905224837634,0.05755867302608175,0.18119488500881217
124,0.09404463096972997,0.027232011508372057,0.0389662544511055,0.0019718484779528843,0.07284413383973394,0.008974745037378063,0.03308106482671059,0.031203805946408175,0.010508202187467147,0.13152407914528572,0.07421243054422456,0.03331503918378387,0.0010449441849808133,0.0027226263320609487,0.0010228056975298153,0.0026720421357287714,0.06268310675750514,0.1460448125884243,0.16981949065515947,0.05611192553045824
125,0.028771831290575842,0.008204639363295683,0.007765533226772593,0.008636997008299653,0.1739123396126819,0.0030482559215225954,0.04184978636734094,0.04334090709963973,0.005159681481828402,0.042284256995558815,0.05231874241798267,0.0051387492684309725,0.0019995276604983527,0.005260591988895659,0.00197953714001753,0.0020271953335693755,0.0036598386309580956,0.04107806487798723,0.19968034810888388,0.3238831762052601
126,0.05824379510658257,0.04701132715505953,0.0036833309962879235,0.028789608226103294,0.055025462414341274,0.037815519092539635,0.047997467183158414,0.05607410806895117,0.02348040527516528,0.051146206210136914,0.10063750752115595,0.04344414311774947,0.0010329087029642477,0.10981757264453607,0.03515007294706108,0.06286615648053306,0.08254331305428451,0.11944317609147974,0.012387130372600039,0.02341078933930985
127,0.014011304580780126,0.007684337038189134,0.018747775803594116,0.053853606320610314,0.008091752498517388,0.22377320881728693,0.00650735424447827,0.0054723158469952085,0.39202884039560093,0.0016181274894694914,0.0054706175375174365,0.020350012199616276,0.0015617367633070627,0.03919850554155178,0.15017651377797372,0.028542523880626818,0.006315997599649852,0.003459879052796228,0.006109233911143781,0.007026356700294987
128,0.011636248605359653,0.0033033858101143925,0.017818322874049095,0.014742033036045281,0.002806305892412979,0.10405161732372332,0.027618502849366705,0.004930469134280505,0.10452599295751869,0.0007570087768493991,0.0029231242834687372,0.09167327855411583,0.06646594756755365,0.08922252499167106,0.12751607568351722,0.18206134302532126,0.1417426909417234,0.0014563487629122701,0.0022776504031263045,0.002471128526870227
129,0.00466452103185597,0.012526015889440287,0.013558863826777583,0.013451299218467232,0.011121738712659535,0.5700176473957551,0.015482349245590393,0.011963725017075053,0.021533419667735892,0.004215486424476104,0.012955297821586755,0.03395281476074102,0.22702681182293002,0.010241594984844185,0.004976105891558199,0.0034978116872111113,0.004843016048955841,0.0047001107727881455,0.008436689179106458,0.010834680600445255
130,0.009760503285420262,0.020111971911567744,0.017115856038149246,0.017868038536056004,0.013221104617582172,0.008940460526852692,0.00891792478051405,0.011981070352327141,0.792949528428574,0.004336580238094324,0.014954116616044571,0.007147103350981336,0.00569283308533497,0.012778971972779754,0.0054442364019659075,0.0055877135664290705,0.006262892923099191,0.010794552513572551,0.015327240549458464,0.010807300305196497
131,0.008329938551958486,0.01822584622231333,0.015140065571131449,0.014174400506425272,0.01923907966587469,0.007206179621122925,0.011348726729247723,0.011954114853873155,0.05899989097542161,0.0038344398393721016,0.024331476379432237,0.009776760771431579,0.004644578388600264,0.010902331627748563,0.7215374152857473,0.022335936751744733,0.004114408372894172,0.00832977028452484,0.012067909839590968,0.01350672976154455
132,0.09852001926417246,0.012444752593526912,0.012296526677483812,0.01463367381872055,0.007879699543919866,0.16664535549846696,0.010160035800080623,0.00501054335207164,0.00813408374957244,0.004043553634882108,0.01081170381175838,0.009435689653401065,0.005537843845381565,0.01289430381503856,0.0032269767565117602,0.590035737266818,0.0045159845364066906,0.0062234186825689715,0.008943870267915712,0.008606227431302026
133,0.007434963254794649,0.017016516400222077,0.04151550319727694,0.01727119988592071,0.018566900701530314,0.7213292030379206,0.01916562313305345,0.019679257991947627,0.019480406802680175,0.00523488631500035,0.017973018965722218,0.01910522602513685,0.006910305977605512,0.016020372664989277,0.005078219867052571,0.005340012777034671,0.0070471176751791985,0.007074481879203644,0.011647378389494862,0.017109405058234408
134,0.5868966093962732,0.12399953908573574,0.01348738691161104,0.013764245182155735,0.014674530173233037,0.0055039238431485995,0.021216476922974802,0.021950223733307562,0.022025914331790797,0.004488286787339529,0.018290187919818575,0.019129361164434873,0.004198728559221212,0.01302770156738516,0.0054059949025958886,0.011747264104879807,0.008317592510870232,0.053481528543491835,0.017443690232236075,0.020950814127496387
135,0.004643541735879268,0.0069198489464199426,0.008490070002950796,0.007341178502415177,0.010994442384233782,0.0037135421532356484,0.007397833322312201,0.03297507471057918,0.006336429909279303,0.797608642444911,0.0701667421799659,0.006470088552082673,0.003511756283900568,0.006382165992028742,0.0027066778350535122,0.002651602673524957,0.0038139419358570598,0.004829085039559856,0.006352346083276265,0.00669498931253414
136,0.005765295142516252,0.08773462872831166,0.010847043206127525,0.00889436830470366,0.007159559716048095,0.006904624327920742,0.010443413848616917,0.007732133734584028,0.008538326478468397,0.01032009135776669,0.006678776922097358,0.007787974406807251,0.004459086719891701,0.0077151014546731,0.0034667467906915037,0.0033012724799005287,0.00463153362474629,0.004554611006159455,0.7845979976405385,0.008467414109430376
137,0.006590785569215972,0.012923905682989796,0.7766409767934874,0.0067893779116434535,0.01100604145689373,0.005392906624136295,0.011146558975365284,0.010381027649524447,0.009476193801132774,0.003788649423037799,0.009409119213352888,0.007369506419201845,0.0044982114965154705,0.011457924552768608,0.004881563498523801,0.003704771822343022,0.004199998995190538,0.005289685392091646,0.010241932820054976,0.08481086190253014
138,0.012829986829824896,0.008384187747409023,0.010200242539804944,0.006739457536226643,0.00877627391689187,0.00270368910265106,0.06871377080962038,0.2193280781148721,0.011547709896990182,0.12123301477834676,0.04848241298080965,0.02157841575804814,0.010112096577040866,0.017582883809972128,0.004567651033397746,0.004887472530739336,0.01549674705759665,0.3896905828871527,0.005352189836120606,0.011793136256484371
139,0.008349462121222716,0.022467482475580242,0.025188413431949237,0.0215749189732397,0.025752789856012575,0.010088429433930955,0.010184839528836226,0.022699395666685888,0.017903457590159214,0.005492562695484326,0.02144502147049201,0.020652971732705153,0.7073768329311179,0.010645221070114735,0.005499393597070648,0.008059410827559283,0.0057315717579597405,0.011343321889132467,0.016973951965956746,0.022570550984790355
140,0.4093847962116263,0.21952240554074676,0.005411936525887689,0.007538847332322717,0.011980104749357663,0.005911235612988351,0.014383946741774017,0.01806711302143006,0.011153830373039188,0.004172662172737751,0.015684410137432995,0.013322858002969777,0.004509846114569934,0.013667825213632752,0.007901222089800325,0.20044295978687557,0.0051347075877193,0.003764632260484235,0.013726993654264287,0.014317666870340496
141,0.0071361830280293114,0.020832589596349482,0.02736728496055238,0.024668889839675034,0.021223197944863426,0.010687337745068208,0.1878067101448885,0.02505091360865033,0.018035522363964267,0.015318791291709601,0.020606882822678634,0.018767941330050487,0.4684752426902474,0.016550526727402957,0.00582170276631262,0.006424625571169469,0.06376180999248095,0.010379867306824804,0.012760197067429112,0.01832378320165309
142,0.06483038917555137,0.02844771531979751,0.009367864778017841,0.01643278458107818,0.015367338803484202,0.005315185960676447,0.03053597891657266,0.035281348757179955,0.21931486129488853,0.020909531354784627,0.07026317235282893,0.010752741369056016,0.0956052341150971,0.0589578505873792,0.17199011254925933,0.022122943571667903,0.05778260441931643,0.04817816833804076,0.006535656001751996,0.012008517753570874
143,0.043035875186944655,0.06268840896872113,0.010109408458832812,0.09783008078073507,0.06067676223859797,0.015998679408998868,0.034576820125293624,0.08403704258727573,0.008370311991611807,0.05205778338159437,0.057092393319255676,0.034264816607614296,0.034341826254603386,0.05936581377520498,0.015408201364536142,0.05702416605360792,0.07451289437307222,0.14959138961063215,0.011475828567600635,0.03754149694526648
144,0.03663461932444826,0.04364651395202981,0.009868973995380956,0.013973345310915717,0.05343437262151109,0.004528305471378357,0.0752582672616382,0.09270091478705207,0.05281920550812528,0.034412041271452955,0.055128663770897895,0.048396949020278635,0.017405212425641182,0.07167030619731783,0.048354609288088664,0.07504164670133827,0.06405803886057707,0.16476519564326877,0.022048424031337183,0.0158543945573217
145,0.044144978232141086,0.04652644809724093,0.012184991703944272,0.05910072056310047,0.03640391754391734,0.012850410832714813,0.061401032876226634,0.07657853667735985,0.124729394064499,0.050964619458915596,0.05018230100664622,0.04005550075387745,0.06263229732791267,0.06169571800639867,0.04746843078913091,0.03025868412984915,0.0596887664180388,0.08753546996843055,0.009982963877300207,0.025614817672355406
146,0.03128519274708275,0.07289509238077176,0.003762198968010564,0.018524337656359222,0.03674560980804434,0.019242650476227283,0.06127783292491378,0.0539710408144922,0.16524352103052428,0.06169716478307232,0.059310752406787313,0.02593757031417372,0.07840846339961495,0.05596710417783857,0.08986880034029492,0.03224996116186878,0.04335847666076512,0.058737465177780036,0.00824935994056681,0.023267404830811262
147,0.1593764423571119,0.016580909664177274,0.011102425785580197,0.013032249055203372,0.09447453407083602,0.28696564978491385,0.025644394642858625,0.02150176149991438,0.010578317352901968,0.017354893544497374,0.0168454080603019,0.0077188670935920975,0.12963332122148924,0.014938672743829873,0.004959084538566639,0.01367053224303798,0.034989908764610105,0.05067687964169713,0.05644708306682023,0.013508664868059935
148,0.05576540447386757,0.039021978074239176,0.05700969566039108,0.16448665814955873,0.012078907795411204,0.03841694706998016,0.013290335689925428,0.06418085014573026,0.031940913750014704,0.062018369804361394,0.040954129875003444,0.04246237608545026,0.02086559875379339,0.07450661818369517,0.03803564987583135,0.06125774678206473,0.09460101071954585,0.0658491382322932,0.003468764042329052,0.019788906836513853
149,0.0424796961247829,0.13121160997710027,0.029368919303021,0.030990583823220234,0.009942430620171036,0.006618803714766548,0.006872322492101614,0.085925768684376,0.012551488493851312,0.004581955378053541,0.012050302412636106,0.022947412846937104,0.0033254300429856128,0.04819175423975993,0.028908846117802905,0.023533840578705445,0.35378708127702246,0.12789467926764594,0.0084673123714269,0.010349762233633186
150,0.011683050192748989,0.04743506841555481,0.039810797404927996,0.01855260178403154,0.04582392907996696,0.08954577031289836,0.1051123644448152,0.07731458653699814,0.0391588583241582,0.022343698230646667,0.040999892184217894,0.06592997627097928,0.002322188906860135,0.023528379709078635,0.022156169790139877,0.09350907265676785,0.1784379997799861,0.015869394606777398,0.02275959175298776,0.03770660961545821
151,0.05952431142124304,0.09734663170191049,0.2561616007282152,0.11604006517939636,0.029057657284983936,0.014858678384861976,0.0325138916792909,0.004643237803909437,0.004689036613485324,0.0022385870529804367,0.051311624549092966,0.0941011019815073,0.00842899322524109,0.02412926817397411,0.002238416090719358,0.05012768771623962,0.035345219541604744,0.007771247949193545,0.06160041472940777,0.04787232819274239
152,0.008843431743839137,0.013862666647556506,0.0152775382482497,0.013474470390520974,0.012948819835663442,0.7375393077739099,0.01393260990505917,0.0150840917956438,0.012393777809224876,0.0043799093067249375,0.015614995442150009,0.016112849071278326,0.007871981608611313,0.013940919902806999,0.009710328980445363,0.004814602716929233,0.007235517397214901,0.052633905217789045,0.01139284444031378,0.012935431766068622
153,0.0047661026292599865,0.028452229961737005,0.006570413313306833,0.0033357094306650553,0.07603406640944385,0.001913058266985205,0.005062820853996568,0.18267645019062764,0.00344722713617558,0.25239306540598083,0.0038240163910919444,0.005311057788745149,0.0017706846576050386,0.0034692390675629624,0.0012067194072991644,0.001328531379268877,0.0025255977768758524,0.1655979191184541,0.0025010515686447387,0.24781403924627363
154,0.01249214947497911,0.019173952156123053,0.03232332656186219,0.021511272922904612,0.023700168267872385,0.009354779776830413,0.018598344842511202,0.020185746142498236,0.01609805838086013,0.004845029779407491,0.016186516219014513,0.025555749354839386,0.006407747613243676,0.01965816833383689,0.006786105532581344,0.0065330998506512306,0.007286548832700717,0.010227450805550447,0.014954434189189928,0.7081213509625429
155,0.009915735023807411,0.01545118952661488,0.02581637843064229,0.016459616008459882,0.01607583620566692,0.008229834818090425,0.014051825581776355,0.06794741011243786,0.01716129318181713,0.003931472032304913,0.011909611217434076,0.013962293727540117,0.004960483279835821,0.01066955240540231,0.7196090573667199,0.005179676054290834,0.005647324386109347,0.009705076672007837,0.010810445923614185,0.01250588804542766
156,0.005205650975435444,0.010348074349411313,0.013128998211408296,0.007558110014722668,0.009722171564216323,0.003978584342312408,0.008444228794403695,0.3611652076270046,0.009622494672308503,0.026706207221467743,0.008193990815674105,0.01308136774523542,0.0034839138950183077,0.008151875552610568,0.0032088852451763786,0.0038712745730447528,0.004518187852881421,0.4821795835098954,0.006144445625256845,0.011286747412515763
157,0.0005740167155709427,0.008633650456200775,0.0018388484203089013,0.0016791381946496568,0.02443584171607907,0.00053069569188785,0.005757371840203521,0.8283064857663129,0.004886044115347727,0.02106957918905809,0.03788108083512256,0.0012936351657989393,0.0003849093803725585,0.0010029962608253953,0.0007008828319621575,0.0003819718425038529,0.0006926147752111222,0.018846302059516793,0.025630121260136297,0.015473813482930922
158,0.18470864607329182,0.10977257489533405,0.0018351832474904574,0.0018731834439430076,0.0021632948298471438,0.4396434483595113,0.002825458784425823,0.0037459179078290906,0.0021844113669791305,0.0013773895340973103,0.01203768631862028,0.039522610777058396,0.0003924454743446646,0.00190574247811616,0.0010456203877770413,0.11580233236847048,0.057725350687503035,0.0174423758904138,0.002028908667234252,0.001967418507712657
159,0.01381476684449861,0.016447488229498153,0.021579169106071966,0.014170890350694196,0.018594382310921004,0.0073527304246281365,0.012369111014922525,0.020542258123203847,0.18289945306360725,0.02327704981777184,0.01753187059040397,0.021428138927757735,0.004789011362628624,0.037229034541598593,0.48914734385227804,0.02195694258902246,0.03484075322253404,0.006552272620440149,0.0166383515941743,0.018838981413344575
160,0.06890271171460623,0.0835335158628306,0.006104021612317929,0.008715682407760312,0.0059688609912308685,0.04416607219303598,0.08485890093460059,0.013892937717468225,0.06093941625229685,0.00269907024207373,0.024939246744405615,0.01993928653712009,0.0020733798375940243,0.02238677059207442,0.26989809069170084,0.08503752439616324,0.04703373562822329,0.003960665525495174,0.1395540621119547,0.005396048007047234
161,0.008673319381597778,0.027332888834729657,0.016076618563341607,0.016598752445108483,0.01401753736375494,0.005799877321224001,0.012773697515672916,0.20642277361635566,0.016007100710962518,0.42366879748675573,0.09180691122771012,0.017646583544607772,0.012476935084036606,0.009899164371954233,0.00389819675709039,0.006017049518463256,0.00806106612438219,0.07490619582399448,0.013120923090561702,0.014795611217696033
162,0.006514972529599958,0.029902222068560427,0.010742832684115924,0.014261804888998907,0.06471353729897143,0.004735836351396547,0.013643100600096008,0.17233383515208622,0.012387922696104059,0.38517521076560063,0.11430240503737266,0.009859033180202498,0.005143573934893279,0.011426397478172978,0.005622342497831703,0.003364257993463307,0.010896903269807098,0.033486395439466264,0.022618386254254455,0.06886902987900562
163,0.041376351475786693,0.11825362385998324,0.010790193339282118,0.01443134694599213,0.0195885094445061,0.460741584739459,0.05291366067166984,0.01889034301118632,0.02494123660039289,0.015530319924980348,0.026647723908722956,0.016818128779398537,0.004596317715225381,0.015510902936587849,0.02159714525976267,0.017816925054422426,0.013009302788403565,0.00422734657049414,0.009148998005970643,0.09317003896777319
164,0.05567887522114312,0.117233224314082,0.013829723779572908,0.03342342985381609,0.012299077235121763,0.020724518684505214,0.08067308653113624,0.03760803236046835,0.028236811712459165,0.021531851870438934,0.028009149057231394,0.07935445202217334,0.09078853333124227,0.0701567464665966,0.08371405003208358,0.08483834253352807,0.06899922307454281,0.05898997759390334,0.004984980547739643,0.008925913778215137
165,0.023989955942304974,0.12646916304364006,0.002253304965018932,0.0023178966490764617,0.14243679539843068,0.038538055587213224,0.10541406462802798,0.02633251256374818,0.00684695761854949,0.029163806106661555,0.04454210354002743,0.05027921749045372,0.00080484142034686,0.04453000636719622,0.039198207251617156,0.04119731894728746,0.07069296764538159,0.11164391473023881,0.05286493837563558,0.04048397172914366
166,0.009139138995578805,0.017818799085346837,0.020329042748114517,0.014927119888347181,0.025679176918595902,0.008333847745492437,0.07351914629104718,0.021877491977262745,0.009425120489155307,0.004308856113949362,0.013700247019740347,0.017327418781682643,0.0053312114597963145,0.6972657236539558,0.005234852611327045,0.0056035999800754036,0.007900713113999107,0.00857842508448964,0.012395457938620713,0.021304610103422713
167,0.32763182271365593,0.13433806582723015,0.004036415310270897,0.003468566358850674,0.005271801724123286,0.001686267841756721,0.008167648223085496,0.14171670778075768,0.0054349378837819816,0.0031830055961461563,0.004572921660227392,0.007375247505213033,0.0027451095971640902,0.0045270763505588585,0.0014609051700699201,0.03810705459313388,0.03997478469157432,0.2575586746697161,0.0034315102504525884,0.005311476252230873
168,0.010953749957991922,0.036945584182211645,0.021867377489597845,0.02336034103086102,0.024495604936458814,0.5877863207287612,0.022021681046051525,0.020521476951452917,0.018388974076369687,0.00631189365863278,0.017544124155437064,0.020718883995585375,0.008159842645624896,0.03109226836044657,0.007973141142912877,0.006114099302076126,0.009634921564394602,0.08357311526835204,0.023638926152893827,0.01889767335388716
169,0.23269634134232664,0.2077478966123917,0.010040812792174322,0.007333955143228421,0.007530097205822012,0.003609881805315792,0.009959673494330518,0.06044194680326744,0.008849978598034035,0.002237728037420749,0.0073376128941207075,0.010971235836046622,0.0030836772615733254,0.005809682578945756,0.00266407649861866,0.007990661138499945,0.0035773254124321432,0.38724536093837525,0.009146510085886423,0.011725545521189684
170,0.00653373621981074,0.014784859367851453,0.019492983884008955,0.02372918894517416,0.01533866411068162,0.7356416114741048,0.02163301253906084,0.021104023588267334,0.012842223051810632,0.004997469328214945,0.014844180463165999,0.01800003289832663,0.006406502451125201,0.01307735937710036,0.005162218400866708,0.005245931786423343,0.007000008122826321,0.026667303463514414,0.012887205897749318,0.014611484629916176
171,0.015978240733506715,0.015755153554616416,0.018372183601942326,0.018425466497374584,0.014185952983422914,0.006726958053325807,0.015013079412147615,0.06810359807640361,0.02354524046959602,0.005640872806452269,0.022888837487550398,0.022268530291953817,0.006980209607584811,0.01687664050612823,0.005685157107651575,0.005464217638218302,0.008444646159204677,0.6701052229727402,0.01859805824991921,0.020941733790260406
172,0.0053162655323819785,0.009509277736141,0.011424055767734453,0.008987865611697532,0.08792284819258021,0.004784228757078008,0.012760501792165582,0.12363887165313996,0.007095405950723266,0.06429116941823142,0.5568174137591331,0.01107259184739691,0.006646366100713258,0.007150901584248957,0.0037333864355968993,0.0040351291728841976,0.006179932170138473,0.044151948584306745,0.011819190404257674,0.0126626495294504
173,0.1559959423944447,0.057793185094366185,0.022517797081538903,0.06124865905219743,0.04283410851915195,0.0023615140482567062,0.08212268308005562,0.005258415595050078,0.027355811496373544,0.004678991305002497,0.03893720916627396,0.033859523777872325,0.0011189704805409982,0.1799986937330058,0.01775243588803643,0.17235363636173426,0.026299511561987624,0.007646340364732824,0.033934206521140445,0.025932364478237786
174,0.02436705136020913,0.054910878987329104,0.06873030828948021,0.593875714984735,0.030538937881176082,0.009825546811041577,0.013075717892751632,0.011756759733335015,0.009707668735254619,0.00812483364807055,0.017092895842911675,0.014385087577187192,0.005062728035714527,0.020781973759311158,0.016861211765256515,0.027670409204211686,0.012049553265400472,0.005063393326581535,0.012624722553246828,0.04349460634679548
175,0.005306101209171244,0.01839267806793392,0.0302994735657954,0.017294971907077464,0.013450299156938397,0.32771085333161154,0.050765372979104044,0.019714436836770557,0.019531000715354952,0.0038224931652861617,0.014255532885829028,0.31126669912130717,0.005224300737111268,0.05687037762596201,0.011301168182537758,0.037369003871282086,0.005942623339088679,0.024044540085170197,0.011826345796698686,0.01561172741996926
176,0.012189919147380357,0.04284772315076829,0.020165671442228746,0.015557171400798308,0.025776727529244082,0.00591131695651632,0.022078470727706443,0.09651557436035163,0.014569099471780395,0.004066339556089885,0.014434873937221954,0.0445335497212583,0.005185788357296214,0.011335825114753097,0.004681179656592164,0.00880956865052132,0.1374480081920816,0.47686235714942676,0.013593237187983774,0.023437598290000552
177,0.00943661665262674,0.018120794093926935,0.027992168806525424,0.02015194622026993,0.6647449036583147,0.006848206735225449,0.030861744276657156,0.018837431699481516,0.019736343600002513,0.031518676861321704,0.012611062050314287,0.01914491421066387,0.011755048479209454,0.028831458513356237,0.006134831343666794,0.01687105754371603,0.012062756910715245,0.0073085032354590065,0.015471796404935836,0.021559738703611154
178,0.010237199478647535,0.019601411827053227,0.017150745957927736,0.026930638043955152,0.02130951548186248,0.009119093381731056,0.620165279177122,0.023448677321147457,0.023366691572517178,0.006036161749615111,0.025337394120455593,0.11246114522149957,0.006842282993665272,0.008821082154640796,0.009026124885097115,0.006856768028004667,0.007907355269535005,0.010197526495502008,0.01689890141688719,0.01828600542313398
179,0.005938317865245908,0.012220288178954992,0.012892522083913546,0.014581524974543472,0.00951575719047425,0.005503056433681972,0.010067242229452348,0.011181127566416772,0.011144846767901987,0.0034578264191436558,0.013431583957818023,0.021786355899371158,0.004962787037704693,0.01119736328466337,0.0038376034206818337,0.2655836513052235,0.554133902901151,0.00540968366602624,0.010576270519639752,0.012578288297991624
180,0.0170378956374999,0.021784912209561646,0.03357766370534179,0.02857191137921697,0.03216406134139135,0.01408164878084145,0.02697185450043876,0.013574285015883265,0.02166973306742483,0.0069646982516247055,0.6382830723195424,0.021162321733887296,0.011320500377247323,0.026038496451066373,0.008652088820929585,0.00864341917261592,0.012950215263071656,0.012443460819710086,0.0165931024596452,0.027514658693059423
181,0.012871769031783387,0.0348838428686218,0.03625660054991902,0.025106444800104603,0.017712990358229718,0.007941934049250175,0.021783349842822115,0.026558181511054334,0.021012438808885883,0.023985934969562542,0.02002825198778377,0.030461577505301523,0.010328809610610995,0.01846139557314112,0.010381584078884306,0.007176761769872372,0.012963994377086223,0.011980179512035602,0.6275448491076001,0.022559109687450413
182,0.014199221983054094,0.050368813742065366,0.05322279977330694,0.03487301345348929,0.036591762788908286,0.014470775395840489,0.5181326661171619,0.048235653674225526,0.02214313286949524,0.006182228065980713,0.032535606404186256,0.058879612042073315,0.005500848111158297,0.0069902542412202786,0.006639969932089322,0.010093225352203613,0.00881422963621487,0.018365179734842436,0.019287991638466343,0.034473015044017424
183,0.009216044104270333,0.016344137808413216,0.020428610370930165,0.02055621387970578,0.014213660026994984,0.004963847848325606,0.030014252070441654,0.01716540193562209,0.02831129968562618,0.008161812342529358,0.02726437841122749,0.02332311333157788,0.011830420583833906,0.028872271027045784,0.009059167809102904,0.008048015678083331,0.0132063859059662,0.6698115978855516,0.0158587275712528,0.02335064172349875
184,0.006063657042798904,0.011965674139703229,0.015238002505415417,0.012879171004314377,0.012226214145652397,0.00720812435407892,0.012109197354514578,0.010749752442120552,0.008338609030999778,0.004126205930927068,0.011854242409593109,0.012566048071912727,0.004912073555611357,0.011845529278586424,0.004312433396088419,0.173174864740107,0.6486611158539939,0.006157736490360222,0.013133692958698892,0.012477655294522856
185,0.024648354788994964,0.025648709540093424,0.014976287876597036,0.01624017808816418,0.011207078792632353,0.013721198330931104,0.15140147414691105,0.007363738352311473,0.44070724732027405,0.010950488321873675,0.010706084300612371,0.00837064911085355,0.0048909735254696355,0.05334915446590554,0.14515951241673689,0.01534113426232109,0.013977715555044975,0.010116152581711606,0.010529770464214336,0.010694097758346637
186,0.10115010167365175,0.08218434053303393,0.016359332853191102,0.012701330102271943,0.023044516545640787,0.5495952406709209,0.025958231214176106,0.023601328634949986,0.020613710665911302,0.005896613983333202,0.014024592852958935,0.029583217665357844,0.009171233134895039,0.019208644396386757,0.006214412127529985,0.006669315481284234,0.01111866098867569,0.006923451344835793,0.012436547229174255,0.02354517790182054
187,0.46744703837293927,0.15634503822769266,0.049516447068341796,0.0109272698637504,0.0130471969706584,0.025614588683121404,0.01777151290008426,0.020085039898286958,0.015975798281591295,0.0040720656943256705,0.014245382152663391,0.023871019768370017,0.005913529168039483,0.017184070005670314,0.005124996175117352,0.08976603474151916,0.0198745332186485,0.013014423310807323,0.011124298809511024,0.01907971668886116
188,0.48751494954181407,0.07397670227143606,0.01461778762186084,0.03475472564593128,0.01165871805295205,0.051090994041818494,0.010924800789574049,0.020828615941018307,0.016931708467511925,0.017697539911644855,0.020578494100663768,0.014491743742723398,0.009830033017296584,0.01859629005390906,0.009408409781684833,0.12551883052407783,0.019597366646299536,0.009494084463078293,0.01871910331927886,0.013769102065425922
189,0.011781814124660102,0.02080276761026043,0.02621708065051125,0.010790095675104867,0.026172209284572742,0.010982703632318158,0.010486578006752892,0.1442527422696534,0.008364792953181792,0.44943043061004273,0.05614582706010962,0.026944814191515048,0.013949731208799809,0.00530210615406358,0.007274556823860693,0.006992685696126114,0.008241220061882477,0.10079930533060288,0.017560023296604357,0.03750851535937708
190,0.011420230179958054,0.017974385216115222,0.02629745858460129,0.00871778608307199,0.016963445743382655,0.02813697470003439,0.053658953397809385,0.011814411898873249,0.18570388146166894,0.0027018845836784496,0.004025905361822194,0.057371081868051364,0.0056604269751595925,0.011494425135149339,0.34399587093239514,0.03948997561022736,0.07400685194723661,0.009742395642560915,0.007846463901194681,0.0829771907770091
191,0.03515604488878324,0.014948365278414782,0.05289484246531525,0.019117123741276137,0.015380909036529283,0.006932204253690943,0.06004086812264022,0.03301244311457519,0.011247319402375701,0.025572444161167402,0.011309031285914853,0.14352395517268862,0.007696502204501716,0.016760152100643064,0.011946167294920535,0.3708387223604803,0.05480093809832002,0.08119976170338854,0.011092625724773009,0.016529579589601228
192,0.06360431539410565,0.07910049592608488,0.02025053198725062,0.02813804688742923,0.01039641244976644,0.45661339292680986,0.02942296124866022,0.013051882092925758,0.08875228807028786,0.01678171024176158,0.026387931704551042,0.043113529655332584,0.005951796685290692,0.03941967919633092,0.018079522199615665,0.02938578895943106,0.006069006720360915,0.0035241031701397987,0.007225995671683525,0.01473060881218165
193,0.04229258061520008,0.06989836502220699,0.1323689388568818,0.09447962538045752,0.004709677135882576,0.05431914483227163,0.07348825849808847,0.018574658305397285,0.021212828473771164,0.039722010146690995,0.025881316885172877,0.07823722895278486,0.08819183839553063,0.06385461848395013,0.01882240702884335,0.05853760346541002,0.06884921926750211,0.026284087811463214,0.002551210446064317,0.017724381996430002
194,0.02756745837723552,0.026022336020023695,0.015538797340734753,0.023457957784793832,0.013434611661177626,0.743274305659086,0.009160742932749306,0.01349183216785508,0.016329427401794883,0.004801149455024371,0.017331330669118933,0.014727498619296666,0.005284421662897317,0.01479822532186364,0.004466878929499565,0.008584953698741614,0.006443407281402652,0.005566539573956039,0.013391262215810761,0.01632686322693764
195,0.00986668904677202,0.013799101505873568,0.018772908446981002,0.014051651597910225,0.016924210718176003,0.01408917878292834,0.01504677419525483,0.06979000489310322,0.01159664440941994,0.0044821146662024315,0.009629103243827186,0.014848566824779946,0.010012179582762683,0.011034744714946415,0.7137743382564733,0.00851238588007907,0.005472314595287472,0.008095633177263443,0.01414657621535774,0.016054879246601244
196,0.004370614757151901,0.09222075602749073,0.019345103444688063,0.010563223729707942,0.014174902519339956,0.004947479161599794,0.008568022072440762,0.30780056698694885,0.006117114222157156,0.3449467707857144,0.06716785427495792,0.010595613763442186,0.0035273358643788527,0.004273471748281128,0.0024937965665080986,0.0033064354359697984,0.002949575807705773,0.0705111740206204,0.00836055354182083,0.013759635269075374
197,0.046575796197697715,0.11015263288898643,0.20433168400564403,0.005267990444340982,0.0023557920586928668,0.021809251714444644,0.00812724337654769,0.11229879991195668,0.0021117104733307706,0.0014386852384069913,0.009088709083324443,0.1308008509096054,0.032512024621939674,0.005289640303291429,0.001929512030102283,0.08777566971576134,0.05731265619749596,0.14298556248643882,0.0023245953997109554,0.015511192942280963
198,0.003167946822024644,0.01858538664092707,0.005291076002019624,0.006063510402029529,0.004936090693717694,0.0031239300477888857,0.0037758063490336176,0.017313006117654708,0.005529544262596951,0.182120504324869,0.005262361701148778,0.003528528869321926,0.5167613717445608,0.044449152873028336,0.0019283644603485962,0.0018343224632670014,0.09823297265895854,0.06743260530132773,0.006155467567342477,0.004508050698034157
