site,A,C,D,E,F,G,H,I,K,L,M,N,P,Q,R,S,T,V,W,Y
207,0.003565762559780389,0.04478780967834369,0.005656961654989941,0.004250711300077188,0.003875722898777312,0.0025247513426632957,0.005832371318710559,0.08122534975564026,0.003858337949300832,0.6903891705275305,0.005656961654989941,0.0045598539400828015,0.0027762948343677575,0.003959873158492959,0.001964427937633583,0.002085423772576079,0.017300706265641782,0.10523928398496511,0.0052288555345714315,0.005261369930864771
208,0.03775648416605724,0.2683388724105235,0.00201603631048873,0.0015820912750472095,0.0015964088431471843,0.0006917771653637799,0.0018568755491343567,0.14609775176532697,0.0018375330954975401,0.111451007766038,0.07314464927437532,0.0017552554942066056,0.0008732830552859598,0.001554213014693955,0.0005653947986146279,0.0006222334291631884,0.01893826023132744,0.32629975514459786,0.0014400259360633787,0.0015820912750472095
209,0.1282405674320767,0.2739424621261103,0.006762742188291011,0.004276439913184022,0.0051928198945805975,0.002423315950804279,0.003546316025567238,0.005592267578779106,0.0025068785697975296,0.0019531484544005476,0.0035035893264640182,0.004095745268964978,0.007029895971118895,0.002464389102512826,0.001411640359691813,0.26323871492417794,0.2482416212515506,0.022306905931332627,0.008077719836014264,0.0051928198945805975
210,0.0057128812459024455,0.008862974643175755,0.01743113667422628,0.007837506502643024,0.008175330058791432,0.004330311811962584,0.011707880084195136,0.007077151394177656,0.005611469152779916,0.003436008285579007,0.006822577603020187,0.008543588169547802,0.0057128812459024455,0.008946587611507604,0.004390455031573176,0.003225640431359884,0.004159378450964062,0.004177701704052008,0.007902819056831717,0.8659357208418078
211,0.1296295735271796,0.11101536143055635,0.025163387802334868,0.010822962495627898,0.01317096017858231,0.09833958331040128,0.05161720574837921,0.01597675416021261,0.004301433812364934,0.022791483422862545,0.07841464398173319,0.23025322172071114,0.001032863387751169,0.06555978431259658,0.004454385426036122,0.07201574572456299,0.012156225991466117,0.043857756518230706,0.005046738765070509,0.004379928283339916
212,0.00408009419320325,0.008564522045192403,0.015333257209941243,0.006305188602392783,0.009800638629034606,0.8681809583151158,0.011736567247115519,0.01105420868623671,0.00594163716885223,0.0038333143024853107,0.006380281523599711,0.009229727640935504,0.004660107583413516,0.00617312952608024,0.003150239013175491,0.0031374981749714755,0.0039943779286401564,0.0034940063016107824,0.004503411325406035,0.01044683458259733
213,0.06314333069621646,0.05105806671442768,0.001477429777285025,0.0011183322619726921,0.02570835606917383,0.33543869378295244,0.067478590297337,0.0016774983929590383,0.015545926402411947,0.021035549247202415,0.020233621132985394,0.020233621132985394,0.14585694779216135,0.014295493191783162,0.037025284553022106,0.0259301265029334,0.033210626049844726,0.0034383931337099377,0.01545623836547496,0.1006378745031611
214,0.0031762222602483236,0.0036081605071895603,0.006135435546193966,0.005014239202727048,0.005915000736151068,0.009289182421247186,0.006674358938765057,0.006173782018357678,0.0040987764437229405,0.002259437342181886,0.004276212653407916,0.005915000736151068,0.0035532558379037,0.004573171865450133,0.0016898480557860432,0.0017830417381538418,0.0023187913683972504,0.002957500368075535,0.9127488587619752,0.007839723197914513
215,0.010691235780750876,0.013938203684534477,0.006672476492940561,0.003160648100864373,0.003535842244122349,0.01596557876592131,0.0042648818820857195,0.003390930676740286,0.3780186024376834,0.00581955927034687,0.07848624855515937,0.0025784348515464003,0.0018144453621154162,0.03846944216931515,0.37628077665461374,0.02294704265136774,0.014201188659714375,0.011473521325683866,0.003535842244122349,0.004755098190371435
216,0.004093469009355614,0.17304518452984055,0.005048611778205257,0.003268885324017793,0.0024781372143673503,0.0020653411819930596,0.004782895368826034,0.0059786192110325405,0.003495192769526717,0.41131032493110353,0.3603581891271112,0.004589647071095689,0.0027208087427453486,0.004056920178914939,0.0015722320416556163,0.001250429286178035,0.002306472385982097,0.0018321575001551335,0.002330128513017811,0.0034163538348757384
217,0.019052206062240704,0.006770321980287134,0.4475182028546224,0.2913607978647915,0.02684370525784362,0.01330637232797657,0.011240801576722014,0.009504490472326172,0.00641861694235014,0.0031479841054838265,0.018352329104852266,0.00723464988443914,0.0038312674772167507,0.008825598295731445,0.012665691917433252,0.02673487942571722,0.004534252335421659,0.0031681634907753894,0.07493867717814676,0.004550991445621807
218,0.432229857210633,0.031193641367579752,0.00801503285139202,0.0034241705630443163,0.005948432393659772,0.04590427905797247,0.03522886532356029,0.00626150778279976,0.004138039926024189,0.0018735220137511093,0.005733428813166046,0.00432613264993438,0.0030900947499531285,0.005733428813166046,0.014018195108507502,0.14448790002849546,0.17315166290804893,0.037664851740244164,0.01018380644647457,0.027393150251592977
219,0.03151767294347418,0.06481903344097377,0.013910938693950943,0.06919388071351223,0.03664141630848234,0.0008892711978455017,0.052827190992175074,0.0804323772625222,0.05325178080829056,0.1050173680484252,0.08324112694470552,0.05291603767271198,0.00021554836465173787,0.08870542178095304,0.06672231295641046,0.032766490610116904,0.04941534928653888,0.07480188936669831,0.02608617640946666,0.016628716198094477
220,0.009443880599189124,0.007439647717299564,0.009145652790793681,0.026328394397739385,0.010102755989830228,0.005464383742927042,0.011138936091351278,0.010102755989830228,0.009547659506872525,0.002900898678306329,0.010997936900321513,0.00827463823928952,0.008518009952209799,0.01241195735893428,0.009327425437822561,0.003777552239675651,0.004936573949576134,0.006735170659886819,0.7894901884514542,0.04391558130669005
221,0.0099782392142703,0.022113935555950395,0.7392953464301397,0.012397206296517643,0.012212173366718874,0.008623263073313127,0.008991380390880929,0.013413370747051876,0.02406516516382837,0.007305496567590757,0.017787295990655753,0.015011130467725757,0.008893647995327875,0.031469831368083255,0.007114918396262301,0.005604216545001128,0.008612795953370153,0.006111345780940289,0.03409231731542353,0.006906923380947927
222,0.0009702414799544266,0.01570528500960941,0.0015263554989526959,0.005967653787931156,0.22437771157111092,0.11305913071840379,0.1214542040743128,0.002663003210938746,0.0332101339265699,0.005860611869394687,0.13952265520860754,0.07432744259756119,0.0018139297233930587,0.08425885407655449,0.02115041129251104,0.0387135275486872,0.023128486127432606,0.0007275534004150361,0.0013315016054693727,0.0902313072721899
223,0.07139776448550803,0.11501886443144854,0.03360940843776094,0.0377475037709387,0.08044409498598175,0.037977926934912254,0.0702652837222195,0.06442559083895799,0.0018057786060484361,0.081253469465703,0.07741654336732114,0.022821203260208037,0.0018826021455209977,0.03799730342824638,0.0005979399357776278,0.033974422898655585,0.05946553535231352,0.060315527919111246,0.050787550528172055,0.060795685485194206
224,0.029243028768331143,0.004412592814870212,0.007871111507606325,0.04938952216705181,0.004550486340334906,0.021474425990820514,0.009707704192714469,0.0027775196721407996,0.007103198189791073,0.001786694023198982,0.005393168995952482,0.4314563141313695,0.0036403890722679247,0.05045855944339492,0.001517991403318565,0.26312604653287935,0.0917789545781435,0.0024473203847179326,0.006471802795142977,0.005393168995952482
225,0.02325806025292438,0.0932694558771897,0.005796117507579286,0.49102245737404365,0.006776737927890366,0.0052634857692352354,0.03607285575737998,0.00874417797147144,0.03811654821059644,0.0025452536818367576,0.0077448433461604176,0.01129456321315061,0.04151542697691451,0.0901164400697255,0.003844957689583186,0.024405727492616814,0.01297357093028578,0.049260984070925766,0.010630177141788811,0.0373481587387015
226,0.02427441156549134,0.015195218607960137,0.013813835098145578,0.017668858846465275,0.012059697307904871,0.009867025070103985,0.023742529074937714,0.0195968733405465,0.03453458774536395,0.0063272289321836105,0.01651654196517406,0.023742529074937714,0.014897273145058957,0.021104470288833523,0.007522385449485216,0.007034823429611173,0.010700858174619814,0.6849852963063657,0.022345909717588434,0.014069646859222351
227,0.007798666609315539,0.025230980206609098,0.02199623915447973,0.008665185121461711,0.023829259084019706,0.011592612527360938,0.005754006879818446,0.015318809411155525,0.005202705704256432,0.0033250128954446095,0.007870214009401003,0.011438044360329459,0.003935107004700503,0.7784415152748562,0.018442400075948683,0.004399247830895945,0.004902019011569767,0.00893597215650739,0.015050058368854551,0.01787194431301478
228,0.06573301979941475,0.016963359948236063,0.025041150399777043,0.04382201319960983,0.036801118628342296,0.014607337733203277,0.026095338663733637,0.0075071772248243955,0.025041150399777043,0.47314132086827654,0.11960363554211248,0.008620723908119965,0.014674101753910148,0.04382201319960983,0.008497519220713895,0.008216627474926843,0.01051728316790636,0.00906662342060893,0.0262932079197659,0.015935277527130847
229,0.020863190942275973,0.01706988349822579,0.046942179620120934,0.09388435924024187,0.003198122872923422,0.013412051320034552,0.16826851345680144,0.03755374369609674,0.0021337354372782244,0.16856578093440855,0.1182501561130921,0.03755374369609674,0.020863190942275973,0.07320247759381891,0.008163857325238421,0.028601125086784487,0.01877687184804837,0.013412051320034552,0.015400605815960887,0.09388435924024187
230,0.3802806772557874,0.022246849758931455,0.007049203144415416,0.011424057984316154,0.02348278585664987,0.0054191044284576636,0.04696557171329975,0.028179343027979843,0.015655190571099913,0.010064051081421376,0.019213188428168076,0.021134507270984884,0.008626329498361179,0.012432063100579347,0.007548038311066031,0.005661968353537531,0.06036593475843216,0.27279109726941225,0.019213188428168076,0.022246849758931455
231,0.002926382536087093,0.028719509476235222,0.0036950881703793044,0.003443150340580716,0.025528452867764638,0.00240473992040558,0.01514986149855515,0.316134538944676,0.00658689630371963,0.375841551264383,0.010604126575840695,0.007973611315029026,0.008911683234444204,0.018937326873193938,0.003156221145532323,0.0035232236043151507,0.00658689630371963,0.1360581376356781,0.00658689630371963,0.017231705685741134
232,0.17158530576425413,0.12640514712841172,0.0034035997108929888,0.014181186866206858,0.003290146387196557,0.018423422253533692,0.0011755306211968406,0.0610736447704642,0.004112682983995695,0.022249021160692835,0.03421492704227686,0.0027417886559971305,0.08864961650289495,0.11009480556345538,0.0017316559932613461,0.13334933755726422,0.08438566577292704,0.10810966530719425,0.008225365967991394,0.0025974839898920184
233,0.008855416206355297,0.0202085139068108,0.020740316904358458,0.01713330526881786,0.012711807134929377,0.009611366370312456,0.010275444098060575,0.015453569458149437,0.01876504862775289,0.03258888311678006,0.02251805835330347,0.014329673497556752,0.7114981722876837,0.01922273274062491,0.006157281580981416,0.005185079226089614,0.007141748559168282,0.010946278366189187,0.018328652148037704,0.018328652148037704
234,0.08219117645484673,0.027397058818282246,0.0080320881400538,0.005289423897108601,0.019725882349163216,0.19525177846256236,0.07890352939665288,0.006196182279470076,0.011603460205390128,0.0029306267538034146,0.006024066105040351,0.19128128338582515,0.00699568967036944,0.015780705879330573,0.25937479721809154,0.05479411763656449,0.00516348523289173,0.0017309044727917351,0.016907899156425616,0.004425844485335768
235,0.09099636037316673,0.046858383116809635,0.18166581989760416,0.14725718111589817,0.0027201055899164473,0.08158934778541481,0.0720726559368072,0.0042949035630259706,0.05280842701791708,0.009274054991868575,0.019784650649319623,0.0682570447401527,0.002331519077071241,0.06935380254788671,0.01707082688768729,0.061827033279123825,0.03904865259734136,0.025941412564667338,0.0037092348953406107,0.003138583372980516
236,0.07188721159067576,0.09160848202705582,0.034043692645189666,0.01629573959135128,0.04262339094314404,0.050140878752337734,0.06870636152029186,0.03459682034000513,0.048327070255998,0.05891913053449532,0.024092998060653393,0.11232944819984228,0.0378765839150327,0.05257077661779908,0.022382944988767216,0.033582977982249726,0.09292975821013837,0.03791573283897588,0.0073342756177342,0.061835725368262685
237,0.06868525703641692,0.016395596342018856,0.002829924099173765,0.004788358939748721,0.025672052167108463,0.03661220030611837,0.01742032111339503,0.018581675854288035,0.05867897638196221,0.05189031821011287,0.04434263556136916,0.01161354740893002,0.1834257340763359,0.08551794001121196,0.01051792972884228,0.05391715613789082,0.21724379112466805,0.027633079487660417,0.004506690766822326,0.05972681524592583
238,0.015705360359061234,0.07314667269548075,0.0007206267641213772,0.0799365277721743,0.03627251669812693,0.009451535421817238,0.03457097645093259,0.05625907891855576,0.1121510329164399,0.1142354703100504,0.045079767588005845,0.030789775901611843,0.00040355098790797116,0.07496872096147421,0.026929916822377713,0.05248526526514933,0.11983704883811555,0.11266203939490019,0.00045858066807724,0.003935535265619559
239,0.0062446411640640015,0.09881684491339514,0.010860245502719999,0.009083114420456726,0.008613298157329655,0.026738675682448112,0.07284202411317499,0.007240163668480001,0.007117958451607793,0.0034692450911466667,0.01040773527344,0.4511898394741737,0.0043822043256589475,0.009991425862502398,0.004269840112180514,0.2396587496674938,0.0033754817103048645,0.0058773093308837655,0.011353893025570907,0.008467310052968136
240,0.08326188837025979,0.05384686419567757,0.002189422385150581,0.002985575979750792,0.0012534860983686536,0.0016755783559825874,0.002132554271250566,0.14849857793321725,0.0026484948207466715,0.023273223912531057,0.06870195933026216,0.0014793394494260683,0.0013350136494820614,0.00205258348607867,0.0008597208318654113,0.010819376264576625,0.3114130376794599,0.2769548405806301,0.0034937591252402894,0.0011247032800431069
241,0.010749214631945938,0.021002311665494374,0.009616152048739553,0.15904663202995736,0.017858568090516315,0.009964600425234556,0.004738293469941109,0.010274792600023083,0.0036221412302279068,0.0030614688155170826,0.011569069985229953,0.00914707146099616,0.0027779994807469823,0.6825198113303385,0.010563103538218812,0.003769145024129071,0.003504952615895726,0.0061988418165428525,0.010274792600023083,0.009741037140281624
242,0.013102173640620917,0.018431446734796273,0.01590164032021639,0.025343239260344874,0.030036431715964294,0.00810983656331036,0.018021859029578577,0.016259056457627125,0.01228763115653085,0.005671214379937315,0.010813115417747146,0.013177545280227024,0.008536670066642483,0.01725497141129864,0.005751657137099546,0.005919588732343329,0.7326947449458658,0.009890044589402878,0.016895492840229915,0.01590164032021639
243,0.02300770660951058,0.05538892331919214,0.009619457243647198,0.003263744421951728,0.1077838507832928,0.0029011061528459803,0.05538892331919214,0.10313799514608193,0.02480101044142932,0.16471294225582322,0.03231045331709456,0.0375215287000979,0.0015488956578753959,0.11201114704567361,0.02680109192864136,0.03963611026510997,0.0859483292884016,0.044737207296270586,0.00445779725925114,0.06502177954861686
244,0.01378294921495761,0.01876012532035897,0.021105140985403843,0.027014580461316915,0.03216021483490109,0.016472305159339583,0.01165134296093614,0.022512150384430767,0.021785951984932998,0.007622709492397477,0.028140187980538453,0.03554550060699595,0.6072585672809722,0.023288431432169764,0.009251568651135932,0.01992625815145087,0.008295204929419847,0.018253094906295213,0.03216021483490109,0.025013500427145296
245,0.00886212154103105,0.020357512324355034,0.01661837740763676,0.015966676332827487,0.01380170327074918,0.7359119933950795,0.025446890405443793,0.017325542403706415,0.01334918840941314,0.005987503624810306,0.01809556651053781,0.018937220766841893,0.014805463508621846,0.015659624864888488,0.007096886282873361,0.0055774006368096,0.007539819379390754,0.005470698688658178,0.01380170327074918,0.019388106975576226
246,0.006499796109609956,0.11783201804421485,0.002210587680011124,0.004628642684116181,0.13057251700837424,0.0016800466368084544,0.0040196107519956305,0.07544164633570465,0.0016154294584696677,0.07656678459029831,0.002153905944626224,0.002210587680011124,0.0011507168745263385,0.006738759201875029,0.002517778163337922,0.0015586245773044278,0.07589114840520686,0.1820973896362924,0.25202959415012616,0.05258441606709039
247,0.007824655645624906,0.011531071477763019,0.015374761970350688,0.013278203519848323,0.7941403062162649,0.006215329307163045,0.01564931129124981,0.013278203519848323,0.010687334540365722,0.0037120297138232795,0.014853583598474395,0.0171835574962743,0.00859177874813715,0.014134861811451443,0.005155067248882291,0.005311281407939331,0.008190293759906443,0.00635044516166659,0.011684819097466525,0.016853104467499793
248,0.014239580058654094,0.09903375825896671,0.0014879703136523013,0.0044057146418610745,0.006249125370908356,0.0007491878502305293,0.16326028258165876,0.10814892595028272,0.09693862163288323,0.005581279911421965,0.10550149782425276,0.000830979279419674,0.0007707472128270911,0.020975852605788676,0.20624707683085292,0.03420573887234046,0.004085110009971784,0.11017293633368566,0.0012457425881740197,0.015869871872167263
249,0.0016984850312853506,0.10206236669590035,0.003727829888175701,0.004569597927441182,0.0028331507150135327,0.0018161222532138035,0.002890970117360748,0.003021366383264777,0.021565830232767348,0.4053272600739924,0.30548644310809536,0.002529598852690655,0.000765716409463117,0.00307951164675384,0.001011839541076262,0.0008048723622197537,0.12761491985439088,0.0018161222532138035,0.004426797992208646,0.00295119866147243
250,0.053769918232891685,0.09946142326973596,0.007851526399352715,0.005080399434875286,0.003121691219019754,0.0057502539198402,0.006641138329956287,0.03837960174404971,0.23472087997047078,0.003742228741483305,0.007667686305240201,0.0024155979080362094,0.10937338641345534,0.13528232159248588,0.12191920314164154,0.04691151029502285,0.03875513600769012,0.07254166483490714,0.003159760624129751,0.003454671615715194
251,0.024730951821547525,0.0075887118378331845,0.2672142744918484,0.2773973172977373,0.021120987176572178,0.015394529345339681,0.02875366649241983,0.008221104490985948,0.00493266269459157,0.002176174718202163,0.007218530772573029,0.17043505460829095,0.003946130155673256,0.03264152563652064,0.0023121856380897976,0.04284200239793334,0.07025023995685964,0.002487056820802472,0.005803132581872435,0.004533761064306722
252,0.062254716573212146,0.14821104967384044,0.005291538572651924,0.017277297518074764,0.09888998130411765,0.21513650543309892,0.010830807476165263,0.0037796704090370887,0.05415403738082633,0.003209128141086004,0.05501362527576007,0.005952980894233415,0.002381192357693366,0.04254960079922068,0.21244206497043291,0.004576397525140252,0.001845885548599508,0.001328865107513509,0.001825802094812965,0.05304885294448293
253,0.002249116159293732,0.046345681811688466,0.3049539960961738,0.30095986969488725,0.005816679722311375,0.002108546399337874,0.007178030295618295,0.01096571935722986,0.008650446766514355,0.002176564025122967,0.024081579764896947,0.07150665094126672,0.003790645212292807,0.07505425693392882,0.002656436408614644,0.03091008140964122,0.08418842603292602,0.004873653047657715,0.006747348477881197,0.004786271442715887
254,0.007445947006563931,0.010183427523683024,0.009232974288139274,0.01193919088983527,0.009892472451577795,0.005368008307057718,0.009111487784347968,0.6270411708822072,0.008549050266795623,0.1848648196386095,0.03000235653998814,0.0077805963102297255,0.0069946774910146035,0.010492016236521904,0.004842469032240879,0.003587943376219926,0.02385656574970205,0.009736737689961547,0.01193919088983527,0.007138897645468512
255,0.005232497506256659,0.008905308255840657,0.007782790408465785,0.010925026071278736,0.007409216468859429,0.8427406141411188,0.011158458537438899,0.009169822362449787,0.010645425961004927,0.003193627788301478,0.01102561974532653,0.008124140864977442,0.011873744341120878,0.016248281729954888,0.004301275602653216,0.0035484753203349753,0.005716988016095239,0.004091580944303741,0.008737283571768192,0.009169822362449787
256,0.18679447721837802,0.7630044618516114,0.006261240129562755,0.002680484431212888,0.0030838943921727008,0.0021301126213976386,0.0027186963720469866,0.004132418485511419,0.003387228266812638,0.0012754378041701909,0.0035624297288891545,0.0033325955528317893,0.0014249718915556617,0.0024308344032420116,0.0014653966260678788,0.0010230335990314748,0.001277244422323157,0.0015318253934943253,0.00503953473842856,0.003443682071259516
257,0.008781288175747675,0.017562576351495357,0.018511904802927533,0.024462159918154248,0.011880132928370247,0.010222992204601771,0.02075577205176724,0.01183282937556383,0.04566269851388792,0.007134796642794986,0.03805224876157327,0.023618637162355825,0.015566829038825428,0.034247023885415936,0.012453463231060339,0.0076104497523146524,0.015220899504629307,0.6167504530496836,0.031133658077650856,0.028539186571179948
258,0.6868257189671904,0.013113374125120753,0.05984277000872923,0.01855062681114643,0.01728581134675008,0.0069777587087798505,0.025352523308566785,0.019014392481425092,0.023767990601781364,0.00776097652303065,0.016182461686319226,0.016534254331673996,0.006730758400504458,0.016534254331673996,0.0069777587087798505,0.004325133724096457,0.005777033345085188,0.013263846854484966,0.020556099979919015,0.01462645575494238
259,0.004498176752742049,0.011608198071592381,0.01713591143901733,0.009469845795246418,0.01199513800731213,0.008567955719508665,0.00749696125457008,0.5002172189292964,0.00799675867154142,0.3246689662189747,0.005697839193291216,0.009469845795246418,0.006709856604516535,0.009921663846531497,0.002534184086051858,0.0032714012747214897,0.005291972650284763,0.03678819179051005,0.006663965559617851,0.009995948339426774
260,0.010844840901060838,0.017000020871933207,0.5660436375753626,0.011508851633858697,0.01965627413317277,0.009694153165245844,0.03494448734786271,0.031450038613076436,0.02859094419370585,0.007765441632858377,0.029952417726739462,0.031450038613076436,0.020966692408717624,0.07862509653269108,0.017472243673931354,0.010311488069861124,0.01612822492978279,0.008985725318021836,0.02859094419370585,0.020018438465335416
261,0.0202771725869128,0.19585499275809945,0.0120711804013435,0.3130288518104664,0.03478929909955852,0.006298007165918349,0.004994971200555931,0.004994971200555931,0.004389520145943092,0.13180162181493318,0.008503330439673109,0.0048284721605374005,0.0060355902006717504,0.07249089199821325,0.008520833224477768,0.0064293474056064965,0.004260416612238883,0.003914977427462757,0.02636032436298663,0.13015522798384466
262,0.015963240365316895,0.049117662662513537,0.026605400608861497,0.02902407339148527,0.02201826257285089,0.014512036695742633,0.0072739206615785095,0.026605400608861497,0.05321080121772299,0.006940539289268217,0.017257557151693942,0.02776215715707287,0.5751418386039194,0.026605400608861497,0.00874698102209145,0.014428951339873103,0.008971246665390805,0.01484952592122502,0.03040617212441314,0.02455883133125676
263,0.1942496845964357,0.3492751255205378,0.002760635034743575,0.005356899623608995,0.0034179290906349033,0.05211032619987265,0.0075359548658277395,0.004222147700196057,0.004394480259387733,0.0013715256860509484,0.02449185331394016,0.04994417146372109,0.1529247426431385,0.051561796450400314,0.0020905779874757177,0.08003969567052603,0.0024017379124212997,0.001474859813082184,0.00598137590861108,0.004394480259387733
264,0.007464583414921878,0.029261166986493756,0.020900833561781254,0.015240191138798834,0.025225143953873933,0.6600125249165851,0.040640509703463557,0.03325132612101563,0.013546836567821186,0.006473709510286229,0.016256203881385423,0.034834722602968764,0.009885529387328973,0.01463058349324688,0.005080063712932944,0.010918345890482746,0.010020947598114302,0.00636480165599802,0.008186359612833654,0.03180561628966713
265,0.009468176903384298,0.030298166090829755,0.02754378735529978,0.030298166090829755,0.021641547207735538,0.015149083045414877,0.02524847174235813,0.03135859790889165,0.01683231449490542,0.004886800982391896,0.010447643479596468,0.01280916634195135,0.006183299202210154,0.037872707613537185,0.0075745415227074404,0.3507412271106751,0.27211863919528056,0.015946403205699868,0.030298166090829755,0.043283094415471075
266,0.01529813380948259,0.0170365581060147,0.020822459907351303,0.014992171133292936,0.014415549166627826,0.011357705404009802,0.02342526739577022,0.01665796792588104,0.019726540964859127,0.036452040328199944,0.031233689861026957,0.017432757131735973,0.01171263369788511,0.020822459907351303,0.007139129111091876,0.6762911205335217,0.00948871590714743,0.009141567764203011,0.013629246484811761,0.012924285459735292
267,0.006912921288063024,0.010934296951220083,0.012496339372822952,0.02018639437148323,0.01211183662288994,0.7101950732915694,0.01606672205077237,0.015139795778612427,0.02539578646734987,0.00550538028313179,0.02539578646734987,0.013121156341464104,0.014313988736142659,0.02539578646734987,0.03004899059014225,0.006009689927388136,0.010784512061477345,0.004543339019919291,0.021868593902440166,0.013573610008411141
268,0.011728828603425856,0.014521406842336772,0.01905934648056701,0.029042813684673548,0.028117394075154303,0.03388328263211914,0.016483759118328226,0.021031003013039465,0.08712844105402062,0.0061605968422034805,0.04356422052701032,0.03049495436890723,0.026035599568570458,0.023457657206851713,0.012706230987044674,0.5461628889416936,0.007437793748513957,0.012706230987044674,0.021031003013039465,0.00924654830545549
269,0.0138515881289172,0.020777382193375805,0.03718057866183039,0.020183742702136496,0.029434624773949057,0.013082055455088469,0.020183742702136496,0.025229678377670622,0.016428627780808776,0.011957444148929491,0.03363957117022749,0.027170422868260668,0.6335876920530761,0.011999325361634805,0.009546364791551043,0.00967713691198325,0.0076163200143932516,0.009419079927663698,0.028257239782991096,0.020777382193375805
270,0.012610662735869348,0.021618278975776024,0.028373991155706026,0.03026559056608643,0.017460917634280638,0.011349596462282414,0.05674798231141206,0.405764430337662,0.025221325471738696,0.025735860004363065,0.012610662735869348,0.021618278975776024,0.009869214315028185,0.028373991155706026,0.008106854615916008,0.007093497788926507,0.009869214315028185,0.20558377494594957,0.023893887289015606,0.03783198820760804
271,0.01355227436747898,0.011616235172124843,0.018480374137471337,0.017676879609755197,0.01355227436747898,0.009240187068735669,0.014520293965156052,0.008308035331745543,0.02541051443902309,0.3648214015551069,0.23757603907868863,0.03388068591869746,0.017535491473387784,0.022587123945798305,0.0075290413152661025,0.0062548958619133765,0.01355227436747898,0.12081858397591431,0.02541051443902309,0.017676879609755197
272,0.011494855777490593,0.07126810582044167,0.31974008600697496,0.010197273669309285,0.023756035273480556,0.10477068709082962,0.027410809930939105,0.020961207594247553,0.035634052910220836,0.015493066482704715,0.023756035273480556,0.18966309916563756,0.020961207594247553,0.029695044091850697,0.01113564153444401,0.007581713385153369,0.010480603797123773,0.013705404965469552,0.04454256613777604,0.007752503498178077
273,0.0709005441719729,0.11521338427945595,0.016899717323569482,0.05943721023662275,0.020482379427458838,0.04567017034500957,0.04135865076698419,0.03224836527152443,0.1515457864201234,0.016459054897065138,0.022758199363843153,0.029566337842117898,0.0512059485686471,0.0512059485686471,0.10114373889847598,0.05027493132194441,0.02290937214646024,0.04675325738876474,0.012071226659692487,0.04189577610162036
274,0.05657764071151798,0.06195972005503804,0.013096676090629162,0.005318002644911922,0.06126570094764326,0.02683749816011034,0.027332193580443465,0.1000109810557136,0.01197410385428952,0.14410373446181501,0.1735047648486551,0.07153494802605721,0.0018193166943119739,0.03685133686190826,0.022075070490790643,0.06065030077830473,0.03210078905618042,0.061780182386140324,0.0017283508595963748,0.029478688435942632
275,0.15412507306807116,0.07400298173367686,0.08551455667002657,0.07335623879494814,0.014698640267223992,0.21117380919684933,0.07126213055835547,0.01068992019434472,0.016798446019684558,0.005469261494781019,0.01119896401312304,0.07126213055835547,0.009407129771023353,0.016445107051928188,0.011207094305653956,0.12827183500503986,0.0060302113916816365,0.004362603199337985,0.009045317087522457,0.015678549618372253
276,0.10131294858982134,0.04998105463764519,0.010107991672543103,0.03123815914852824,0.0074711242797057716,0.03116131158108989,0.15619079574264125,0.00481334901180436,0.05262084083809499,0.019351072038911305,0.04287590471366623,0.07012647972118585,0.005543092207523637,0.02716361665089412,0.3094682571890145,0.05310487055249801,0.00657645455758489,0.005207147225249477,0.008812095304268346,0.006873434337329309
277,0.008388512947624188,0.1591820894301561,0.034752410783014484,0.016777025895248376,0.03742567315093867,0.012803519762163233,0.03243558339748019,0.034752410783014484,0.021153641346182733,0.004970594758377547,0.053167990439407224,0.05405930566246699,0.007485134630187736,0.016217791698740096,0.008688102695753621,0.007261697775555267,0.009929260223718426,0.43676121703337234,0.019461350038488118,0.024326687548110144
278,0.0175124237593775,0.06595568670444568,0.021160845375914485,0.019533088039305674,0.013364744447945989,0.010364495694325463,0.016928676300731586,0.45659676406343797,0.014107230250609655,0.23419125464807172,0.011315150484946433,0.009958044882783287,0.009404820167073105,0.016382589968449924,0.005580882296944479,0.007255146986027824,0.0066823722239729945,0.02458489309470156,0.01493706732417493,0.024183823286759408
279,0.013941731627288217,0.025758156013872612,0.023981731461191747,0.03477351061872803,0.01783256954806566,0.6261126766176025,0.027818808494982427,0.018301847694067386,0.019870577496416023,0.00891628477403283,0.02674885432209849,0.023981731461191747,0.012879078006936306,0.023981731461191747,0.006759746798704621,0.010537427460220619,0.010079278440211026,0.005904683269903511,0.023182340412485354,0.038637234020808923
280,0.010548217995015183,0.02080342993461328,0.02080342993461328,0.02269465083775994,0.013373633529394252,0.011347325418879972,0.052485060002807296,0.014448605494413737,0.017020988128319956,0.6745710558866413,0.02269465083775994,0.03404197625663991,0.006293474602067883,0.016642743947690625,0.006686816764697126,0.005716973111802123,0.007342387035745864,0.009133213142025342,0.017416825061536703,0.01593454207757613
281,0.009783454484408032,0.013902803741000887,0.018429297982256992,0.019811495330926264,0.017227387244283708,0.014408360240673646,0.022718391551572622,0.020319482390693606,0.017610218071934455,0.00900522515042103,0.02201277258991807,0.011161405820240148,0.012382184581828912,0.020319482390693606,0.009323056626318242,0.006095844717208082,0.015538427710530404,0.00890404284536012,0.016509579442438554,0.7145370870872926
282,0.0129519711021607,0.012617016055755721,0.04905243621591919,0.042556476478528005,0.028370984319018668,0.5294362826309301,0.029789533534969603,0.018618458459356002,0.02708139412269964,0.008761627510285178,0.054162788245399274,0.021278238239264006,0.01610245055944303,0.04964922255828268,0.01241230563957067,0.008065355632843033,0.0129519711021607,0.008880141668071826,0.025903942204321396,0.03135740372102064
283,0.014880219504415641,0.022532903820972262,0.020221836762411002,0.021314909019838627,0.016430242369458944,0.017923900766682484,0.014880219504415641,0.012133102057446603,0.012322681777094207,0.008047465650347238,0.014880219504415641,0.7094220562995933,0.013835993574281212,0.03154606534936117,0.010110918381205501,0.006683488421474824,0.007966178118525548,0.010242229009532847,0.023195636286294976,0.011429733822232307
284,0.008682497997501662,0.01695154370940801,0.020341852451289614,0.017799120894878413,0.024550511579142634,0.6416036361884047,0.04188028445853744,0.054766525830395096,0.01873591673145096,0.008475771854704005,0.01873591673145096,0.037471833462901914,0.015477496430329054,0.014529894608064009,0.010905177614782274,0.007416300372866004,0.011124450559299006,0.005319927256640298,0.00827979755854594,0.01695154370940801
285,0.009632741274434389,0.017744523400273875,0.030655383143813858,0.039664228777082776,0.013144193146382526,0.01105396539689192,0.028095495383766964,0.01828178307482005,0.029317038661322046,0.006676157318914923,0.029317038661322046,0.03746066051168928,0.017744523400273875,0.02175135126485184,0.009365165127922322,0.009772346220440683,0.016054568790723978,0.606225539338831,0.026971675568416283,0.021071621537825224
286,0.03471795792083395,0.01421743229623286,0.022551789159541778,0.012339658219371915,0.013346977257687992,0.006606079652795065,0.022551789159541778,0.11326647873527945,0.012576959338975222,0.0035588458824578734,0.03785197083576015,0.019818238958385203,0.011275894579770887,0.017210575937545044,0.0068842303750180165,0.007186833907985841,0.008384639559316814,0.5893887980389613,0.01923534957725622,0.02702950060728259
287,0.0428591399678183,0.1304855322992824,0.0011307278783226427,0.01020359307689203,0.000969195324276551,0.045255936352803464,0.03346535586528278,0.04852987962937032,0.001871549591706443,0.04091514853548803,0.06375171772025628,0.05641311483977636,0.013522503728246694,0.15323610317261066,0.0999440436926843,0.04018940907991493,0.0823099874947209,0.052452557722826,0.00739760498074672,0.07509689904697428
288,0.11584532751844587,0.004164934980980381,0.006175593247660565,0.004070277367776281,0.003379098192116158,0.09860302715311951,0.06313027224943438,0.003511611846708949,0.1611041160572497,0.0015848867626739507,0.00447730510455391,0.0018302681099312975,0.15424072056510002,0.06474016364830246,0.1261048125720746,0.1500901456193378,0.020539112767116487,0.002356476370817847,0.007163688167286256,0.006888161699313707
289,0.008749412460121475,0.012967879181965757,0.030908798569270667,0.020748606691145213,0.010679429914560034,0.08867424980912003,0.01134689428422004,0.012332833448034876,0.016504573504320056,0.0064265595946024975,0.017712225224148354,0.654779491803259,0.006601829401728022,0.021358859829120076,0.006483939590982878,0.021412074603212955,0.005460159655564529,0.00943118485961146,0.02689634200704009,0.01052465556797221
290,0.007146470037930108,0.013459185238101702,0.017945580317468936,0.015834335574237295,0.01615102228572204,0.7290966815685045,0.02182570579151627,0.02182570579151627,0.017181938601831957,0.005851819668739869,0.018780258471769815,0.014954650264557444,0.010767348190481363,0.016480634985430655,0.006904358871798157,0.006308993080360173,0.008683345314904325,0.006725102007486093,0.014167563408528105,0.029909300529114894
291,0.08573248207150297,0.02043301980865737,0.005730461413107178,0.06515668637434227,0.003494183788479986,0.020575795697160715,0.004093186723647983,0.004392970266993506,0.0039794870924355396,0.0032578343187171137,0.03116189348338108,0.008317874856299012,0.0021067872842305798,0.4659690298286296,0.0057052371497961375,0.12878380381548593,0.12053986979253319,0.010859447729057045,0.0039794870924355396,0.005730461413107178
292,0.008201123484078596,0.02325115369430492,0.007122028288805096,0.011766829346721462,0.560200486994335,0.011766829346721462,0.018231018237580002,0.011276544790608066,0.01353185374872968,0.0029417073366803654,0.011276544790608066,0.0077324878564169605,0.005106359905181012,0.011276544790608066,0.006150842613058947,0.0036572577699269405,0.012887479760694933,0.005883414673360732,0.024603370452235786,0.24313612211934368
293,0.008066143805527908,0.013377994604290191,0.012755762297113902,0.014064045609638405,0.030715824472149534,0.005540381603796948,0.020314732547255472,0.23492926652757362,0.018913716509513716,0.005596916109958141,0.017693476734706382,0.021939911151035912,0.008706313948823773,0.022854074115662412,0.0057736608292199764,0.007412132145620241,0.007835682553941396,0.4939928038502367,0.015236049410441604,0.03428111117349361
294,0.0125720837906453,0.017784899020912865,0.021446495878159628,0.0291672343942971,0.020833738853069356,0.011300082604907521,0.028045417686824132,0.010287165614342187,0.02209638969264931,0.009722411464765698,0.02209638969264931,0.017835978668424513,0.015514486379945264,0.028045417686824132,0.008023329048127619,0.6555232593953226,0.008102009553971416,0.010416869426534678,0.025144167581290604,0.026042173566336695
295,0.6692133103072453,0.02561535721168471,0.010076370171419581,0.01768679426521087,0.02561535721168471,0.007819424833040597,0.01768679426521087,0.02476151197129522,0.018118179491191624,0.010924196457924364,0.023213917473089266,0.019548562082601487,0.006459524862077014,0.022510465428450206,0.007503488476150067,0.006102826669720479,0.007299432493894234,0.01053234328472739,0.02561535721168471,0.04369678583169744
296,0.0174767093611367,0.026215064041705052,0.01842139635363058,0.027263666603373253,0.019474047573838037,0.01703979162710828,0.020046813678950923,0.6114482315397716,0.024342559467297544,0.01048602561668202,0.018995919825221207,0.026215064041705052,0.014199826355923569,0.027263666603373253,0.007490018297630015,0.008851839806290016,0.02949396756174273,0.023372578067796114,0.028399652711847134,0.023503160864976943
297,0.008752094333840808,0.012118635593553698,0.014542362712264436,0.019134687779295313,0.012984252421664677,0.0064921262108323385,0.019134687779295313,0.042327009520997286,0.01652541217302777,0.005863855932364693,0.01652541217302777,0.013020157452401452,0.006991520534742518,0.013983041069485036,0.004783671944823828,0.4271638816596157,0.32568373168803894,0.008262706086513884,0.011727711864729385,0.013983041069485036
298,0.011048365846788477,0.021060947395440528,0.05616252638784143,0.019255723332974203,0.04493002111027314,0.010697624073874553,0.005580496482106431,0.04813930833243551,0.006207156546973269,0.005144658905756466,0.01872084212928047,0.03209287222162367,0.008986004222054627,0.6076490299185944,0.014026168976825558,0.011619833045760294,0.012034827083108875,0.011048365846788477,0.024961122839040634,0.03063410530245896
299,0.0349262980778958,0.022421820988278784,0.015127777323499552,0.013584126576203679,0.023284198718597205,0.6006966965009443,0.06053891666835272,0.013867129213207922,0.013584126576203679,0.007006549497199792,0.020170369764666067,0.031045598291462934,0.013867129213207922,0.022187406741132672,0.015069912960666483,0.019372453333872868,0.015931293860092823,0.005204269115210285,0.031313232759492785,0.020800693819811884
300,0.017544485847024303,0.008039591521534443,0.0071463035746972825,0.0066534550523043665,0.009412204708137886,0.0034765801174202996,0.10633021725469274,0.042106766032858324,0.348446613211098,0.02905456254921222,0.0051475015729416694,0.003516716848614251,0.006540684627689039,0.015770324356875774,0.3135939264164,0.0028798536793556216,0.003270342313844519,0.04303364453043697,0.02126604345093855,0.0067701823339237415
301,0.006991225441789741,0.15075498659261616,0.012543080939681593,0.010661618798729356,0.13998677326457212,0.004264647519491742,0.019384761452235187,0.02981966767766033,0.005467496819861207,0.02898360222875396,0.003910342734351201,0.013327023498411698,0.048456959976198026,0.006663511749205847,0.384556516943327,0.0023527522005158236,0.012505021929341425,0.05685616637207235,0.036670131873879595,0.025843711987305618
