site,A,C,D,E,F,G,H,I,K,L,M,N,P,Q,R,S,T,V,W,Y
207,0.003252526496320624,0.044178611005529854,0.005472504898571209,0.004690718484489609,0.004175426818687248,0.0026622996803859936,0.004960687893668866,0.11178135884050244,0.004477504007921899,0.6597784359047313,0.004566461041191869,0.005698641464627872,0.0029094329840505164,0.004179003740727105,0.0016496067397606996,0.0019321755786368515,0.00957406078724063,0.11505576047327973,0.003897111921009218,0.005107671238666463
208,0.04593540763585601,0.23474281982922657,0.00244102865281554,0.001526898581185029,0.0015144341029712737,0.0007587655526134193,0.002157188111790477,0.13517643909721347,0.0016062179879998357,0.11800868330549172,0.06597333516087067,0.0019735976341912877,0.0010306565422998945,0.0018551817761398102,0.0006092550988964894,0.0006685339733837153,0.022119266661230583,0.3584632628536602,0.0015459848134498418,0.001893042628714092
209,0.1514472393459597,0.09867017108903435,0.0053405443211571885,0.003596693114248718,0.006527331948081006,0.0037497438850678127,0.0035247592519637434,0.007832798337697207,0.0031471064749676292,0.0022318169418937203,0.004351554632054005,0.006911292650909301,0.0021106342826130203,0.003175458785552922,0.0020141481439792824,0.3327610597762637,0.33280409257181126,0.01525827387974758,0.00903784423580447,0.005507436331193351
210,0.0053027805421222525,0.01887348378424843,0.009433367490722745,0.007001327434520786,0.009144590934884294,0.005334344712015837,0.01828918186976859,0.007406362905939345,0.0069470535784392305,0.003122543246058051,0.00814699919653328,0.008001517068023756,0.004978721731214782,0.009533722464028305,0.0038462227966466135,0.0025032679095493312,0.003570398054257613,0.005034662424823936,0.009957443462429563,0.8535720083937733
211,0.209611395035955,0.10048943312788083,0.026298924098098295,0.014356118566491303,0.014473227768445817,0.12472758166140605,0.037127892844374066,0.023223132975206524,0.0017232851794165046,0.04614466682086491,0.06810508054886688,0.07991198811425824,0.0009210662165846835,0.046524458317332935,0.011132342516638206,0.06119664528905459,0.021657937492551536,0.08564729826599925,0.0073748990441042835,0.019352626116470047
212,0.0040399914779043105,0.008495309182509063,0.013367618860712792,0.0091941721106722,0.009988989917895272,0.8659032709292988,0.011960501085900918,0.008999981015133362,0.005826910785438909,0.0033666595649202587,0.008740366178158364,0.011085342469859387,0.004685557126435412,0.00640139494738359,0.003041482624889109,0.003341904715178198,0.0034431745550320826,0.0033808399421407843,0.004747542592641985,0.009988989917895272
213,0.06523097500209003,0.026323095945711635,0.0012815679301372675,0.001021539654457242,0.034382159740684946,0.4818071421468741,0.01732618280492297,0.0014684632532822857,0.013017609998226026,0.016221622189775034,0.012134879908477038,0.027365392446667608,0.1337065791554765,0.007144344881181287,0.023774458596199918,0.03751314423495975,0.020624237801012635,0.002425549188055375,0.00468847632827522,0.07254257879353308
214,0.0030868515810338663,0.003622958507434576,0.0064448455306720595,0.005212224800762102,0.006234229663656633,0.004365446301286498,0.005746006858671475,0.005677602015115863,0.0038616888199978334,0.0020955676376913524,0.0043160051517622845,0.005780831142663423,0.0034187711058762177,0.00494216133958272,0.0015122589690699203,0.0018413844373348742,0.0026422081399985176,0.0031273348804572616,0.9198373934532759,0.006234229663656633
215,0.01722305594843657,0.02853112298528886,0.005339155394005967,0.002921310737723008,0.0045029021395231045,0.01873685688586134,0.004018719113767931,0.004152676417560196,0.35635749690209,0.0018570553422377364,0.042212714124433226,0.002850713645002121,0.0017223081916148278,0.05912971865067114,0.3931653634584494,0.02984667908835695,0.010336125392874112,0.009627066037980903,0.003221904117072566,0.0042470554270502
216,0.004088469283260466,0.18705485501162972,0.005242860610298715,0.0037766368802999222,0.002760007716174168,0.001937578921197351,0.005007226425566188,0.005501767307103589,0.0035938963860918617,0.4242875623396589,0.3299577899022568,0.005305275617564176,0.0027508836535517947,0.004456431518753908,0.0015055511887682117,0.001211215045912582,0.003183165370538506,0.0020727588459320497,0.00256116753951374,0.003744900435927653
217,0.01903204398268357,0.008228842061729278,0.4349407159711155,0.23048244429443637,0.027156834688741475,0.003746464678510891,0.041278388726887036,0.006490354302209008,0.009216303109136795,0.005450491469219238,0.007680252590947327,0.006589524024793383,0.004702195463845303,0.021108266962612688,0.003134796975896868,0.03261108659954208,0.010459051197690968,0.003746464678510891,0.11907227517371263,0.004873203047778633
218,0.5174927491402359,0.030865691092409137,0.007517639048268266,0.005040433413620093,0.00606984553398596,0.03171004130466348,0.044378320833325574,0.0075873069174824505,0.008734780608464079,0.0024065466874834207,0.007094624650113461,0.005518041394532692,0.0037674903314395616,0.0321807706627624,0.018641300079039195,0.10249716095034138,0.11691798465544324,0.03847006550565636,0.005202724743416537,0.007906482447316622
219,0.029161674919925693,0.06517013476079649,0.010840476405705547,0.04446877486428927,0.037003573135812054,0.0036790878728064484,0.03368542327154899,0.10183205532029478,0.058960917259563365,0.051454548381560127,0.1060959591144943,0.07034925881243793,0.00017322443607371545,0.08866411713232562,0.07184967298461115,0.0221065782929199,0.06308316003611951,0.07904348120550815,0.041802978374505244,0.020574903418701797
220,0.007710937880431453,0.006463975877365961,0.010524388188156444,0.018995237217648214,0.010247430604257588,0.004475889229445844,0.00973505907404471,0.012361979776564712,0.007635340450231144,0.003064666915303605,0.00961487315955033,0.008112549228370592,0.0069536136243176505,0.012361979776564712,0.003054950880931146,0.004400026700133202,0.00548454032340547,0.005602911697291919,0.7378112886549426,0.11538836074104265
221,0.007367252283173802,0.017617342416285178,0.7641799294064997,0.009647592275584739,0.013285209035231444,0.010267191495220263,0.011744894944190117,0.014471388413377107,0.020259943778727953,0.008441643241136646,0.022511048643031058,0.005830199648554807,0.0076452618032935675,0.025324929723409946,0.0069861875099061915,0.005366872524166346,0.008103977511491181,0.007578711353285401,0.02701325837163727,0.006357165621797347
222,0.0010711211855256723,0.0013202191356479214,0.002102571216031875,0.0032435754783802944,0.09868029552687907,0.10691005783701393,0.15129281860255855,0.002102571216031875,0.038134080305302416,0.003783142887430795,0.351234950180417,0.025876697350026637,0.0014939321798121217,0.03336732026713961,0.0172997195522288,0.02979225023851751,0.035750700286221015,0.0007527719613973356,0.001945616342107266,0.09384558825133019
223,0.08370512070853695,0.12053537382029322,0.030370054993914864,0.05777541414318566,0.0895344092535436,0.019917105833218585,0.06697765205196456,0.04650279285221366,0.0016341043748675935,0.07973665637012967,0.045152214414422395,0.030398175415205526,0.0007085211341782561,0.019371756506832837,0.0005482156612459022,0.04643914231090064,0.06593194319869422,0.04810480808359345,0.07340876149957706,0.0732477773734815
224,0.004795547061545704,0.004770284065803852,0.007372257192605952,0.026704615009391766,0.00844737803319432,0.03911566895765688,0.015476538244079317,0.0037436241703819053,0.0058764368926569185,0.0027396901729278876,0.007650455577232592,0.17636177413348833,0.004313554740354547,0.07044493269718861,0.0022997719182627266,0.3823738013972097,0.22183038149847017,0.003556790750818661,0.005479380345855775,0.00664711714087422
225,0.030440200763378274,0.013470798686425117,0.008491467877749867,0.6238533123575423,0.012454134634619448,0.005366415736868542,0.09431333268044338,0.009566219357026534,0.006804836449843616,0.0035873322588849503,0.008800921808464411,0.01679063119689711,0.020521882573985364,0.05804875494411671,0.004853449526726697,0.02638527759512404,0.005238643933609767,0.010690050950053891,0.014349329035539801,0.025973007632700232
226,0.009417697345505096,0.017068054770094158,0.014113968367577862,0.014678527102280974,0.014390712845373504,0.009060819198938874,0.028227936735155723,0.02542960040959096,0.034948874053049944,0.005897623747463828,0.016309474558089974,0.02096932443182997,0.01033699091709928,0.02293519859731403,0.007977460381674444,0.0083400722172051,0.007195356422686751,0.6900752721222435,0.0222401925792136,0.020386843197612466
227,0.009102411357186277,0.021558342688072763,0.02925775079095589,0.007656233851838923,0.0227560283929657,0.010240212776834562,0.005409126927035106,0.019505167193970593,0.004313226753294623,0.003150834700564481,0.010779171344036382,0.012227119733533805,0.0033437429475378167,0.7748326425042869,0.010188342243797888,0.005851550158191179,0.005251391167607469,0.007877086751411203,0.016718714737689086,0.01998090297918939
228,0.034844869627697166,0.017950387383965205,0.021939362358179695,0.03949085224472346,0.02869475077675227,0.019108476892608126,0.013462790537973904,0.04955788819784303,0.031176988614255358,0.5559593538764545,0.026925581075947808,0.015588494307127679,0.005815421583995633,0.04556636797468091,0.008984676766304128,0.007693023164556518,0.016009804964077074,0.008114558680422627,0.031176988614255358,0.021939362358179695
229,0.035977230938618654,0.015989880417163847,0.07195446187723731,0.020558417679210662,0.026600913589879496,0.011992410312872882,0.07195446187723731,0.020558417679210662,0.0014835971521079856,0.134675422908482,0.15708569892897326,0.13449406345144144,0.015989880417163847,0.07195446187723731,0.017988615469309327,0.007574153881814452,0.023984820625745768,0.010279208839605331,0.02806872905440134,0.1208351530222871
230,0.3178609241178614,0.1897533962840921,0.008392979733678734,0.012550375448091285,0.021178758568654046,0.003986589848217232,0.030805467008951336,0.030805467008951336,0.011295337903282156,0.007880468304615458,0.017834744057813934,0.018825563172136926,0.004840859101406639,0.014733049439063685,0.005842416156870082,0.004356009611714052,0.01825561574132895,0.24756450093098095,0.01540273350447567,0.017834744057813934
231,0.023746428721806125,0.12840735865805172,0.006949032476981355,0.0050959571497863265,0.048706239490985126,0.0021839816356227114,0.010919908178113558,0.14224439351550108,0.008992865558446458,0.3765811699111851,0.019754978255084876,0.010919908178113558,0.008046248131241569,0.01528787144935898,0.00363996939270452,0.0037287491339899957,0.0058799505574457615,0.14316737364321025,0.0061151485797435925,0.02963246738262732
232,0.12647026010969578,0.07737862956206498,0.0031005947506288975,0.006046159763726349,0.006364378698659316,0.006217925589808791,0.0017895506732288006,0.09558536592960967,0.004030773175817567,0.07877125046270757,0.06303690080702706,0.0033589776465146387,0.11335833013034882,0.11906970152438442,0.0015502973753144488,0.11512965577325225,0.06500098313100564,0.0996063849290524,0.008637371091037644,0.005496508876114864
233,0.010259052087392825,0.01436267292234995,0.01436267292234995,0.01837086071463366,0.011448507401873153,0.009633500130844483,0.013952269991421344,0.015191288667870142,0.019267000261688965,0.00699924280619343,0.022569914592264213,0.015191288667870142,0.7438351008631195,0.022569914592264213,0.007669388453682014,0.005602461069001754,0.007867176548240621,0.010127525778580095,0.0175543780162055,0.013165783512154123
234,0.06660671219761387,0.03076409727602401,0.004938622067937256,0.004286351228775731,0.005408967026788424,0.21327545797222555,0.11444244186680931,0.00631046153125316,0.13403168867283968,0.0025525462373608286,0.007833676383624612,0.06357913437044962,0.007099269222659805,0.008292930570058645,0.1700140981982308,0.05180522059814413,0.009536870155567442,0.002944479519813309,0.07084532115564385,0.025431653748179846
235,0.09135687744321958,0.005592318152240077,0.243025718964664,0.1473179802222649,0.004014997647762107,0.10491997771907165,0.019326003086321195,0.003195610372708616,0.0658232322012643,0.01314168209869841,0.003262185588806712,0.08300009746546363,0.0026997397976331406,0.045057195766965985,0.014130840966342378,0.06616790986757241,0.037547663139138314,0.04380560699566136,0.0039146227065680545,0.0026997397976331406
236,0.05742819191857986,0.10265852126286411,0.028548706837681268,0.040973357170704536,0.020021413357406533,0.03618118878083991,0.0666661285284334,0.05261918515180471,0.05525516729474777,0.05111445928322391,0.05288179489624761,0.06269519932980984,0.0626877356156039,0.045650513214635584,0.022865952817322954,0.05838257525262092,0.047265405538705084,0.06801309570153478,0.005955987282868248,0.0621354207643651
237,0.05204794422292047,0.20439098079374182,0.002186658212472023,0.005390531361593191,0.026405791307514463,0.008367391964264056,0.061092688764722805,0.06540511385399736,0.0834248901198946,0.03144476627596028,0.01923679819235216,0.025155813020768216,0.16802065589059473,0.0965504061654247,0.012741255945583905,0.028313352499163863,0.056812626858119886,0.018019721310844644,0.0026494250705074575,0.03234318816955913
238,0.013018862797894505,0.07638090011878573,0.0004926803509517205,0.03919802789074706,0.07386195554040026,0.015176347672170609,0.01462612980998025,0.18027650105208937,0.09480706846396426,0.09491748824601766,0.0546328966431615,0.022426732375303043,0.00025853523366773447,0.07202679019631782,0.024229177004751756,0.04117099494107927,0.07728130750949024,0.10134598155646762,0.0006452704327932461,0.003226352163966231
239,0.0632759636091991,0.0804508680174103,0.010642710840134259,0.009578439756120832,0.007724548190420026,0.03199750432510637,0.1373187617197385,0.0084021401369481,0.008448583594072362,0.003280287587712614,0.009773918118490646,0.4511049052747375,0.004561161788628968,0.010642710840134259,0.004164539024400362,0.12231817762574752,0.003372690054972124,0.005770144431398091,0.010411347561000905,0.01676059750362715
240,0.09884869693123026,0.06826474112857611,0.001638837913069685,0.003175248456572515,0.0011814877977944242,0.0011546358023900051,0.0017124935496121423,0.14381797893487974,0.004740607022817787,0.01993023367724433,0.03139715309622763,0.001239121348906347,0.001112495809602049,0.0022413518516982457,0.0008283256843232647,0.0202521244630578,0.30964459672801037,0.28420398245596235,0.00324280693437193,0.0013730804136529793
241,0.04941807299798769,0.0298446401634906,0.01208245931043276,0.19549608327277337,0.009439421336275594,0.01585496508685438,0.004346676491828796,0.0100687160920273,0.0039518103733316426,0.0024658080225372983,0.03273283114705421,0.008275657061940247,0.0025490420486145066,0.5731302515287603,0.002467170799515683,0.022493743571497853,0.0027839767996388856,0.004474984929789911,0.00805497287362184,0.0100687160920273
242,0.031192319673011212,0.020369204736509477,0.016035331388315973,0.020369204736509477,0.034257298875038665,0.00746198589357278,0.019324630134637196,0.015380828066343891,0.009787799678582476,0.006177545698777464,0.013702919550015466,0.015156265735871076,0.007388829169125986,0.013458224558050905,0.004652225773153399,0.005582670927784078,0.7100144545535206,0.008468096351133153,0.018381965250020747,0.02283819925002577
243,0.06368696013838118,0.08196166668055214,0.005732111926021815,0.0038214079506812097,0.03574268171031598,0.0034659281413155158,0.03752981579583178,0.1023540430795412,0.02570535328481628,0.1399895446077778,0.06001568978723254,0.012509938598610592,0.0013306688399693496,0.07871182992395555,0.023116190888736957,0.014485192061549109,0.15256022681232428,0.03444765701066684,0.008158655607789516,0.11467443715393041
244,0.014507657490910928,0.04455923372208356,0.01834791976791676,0.02399343354266038,0.02399343354266038,0.011552393927947586,0.010197806170960106,0.022279616861041785,0.02151135421066103,0.020343118264717384,0.03119146360545849,0.02599288633788208,0.5853409710691839,0.015215348100223656,0.007516015326616504,0.046618357688943686,0.008356874735505877,0.011770363624701317,0.02835587600496227,0.02835587600496227
245,0.007846421961106022,0.012854110554532533,0.022402878395042413,0.014520384144934898,0.016335432163051757,0.738707556400526,0.0153745243887546,0.021780576217402346,0.010454676584353128,0.006125787061144411,0.015078860458201625,0.016682994549499668,0.009117450509610287,0.027037956683671878,0.006467293981569673,0.007193584805747565,0.008001027998229436,0.006824515150852399,0.016002055996458868,0.02119191199531039
246,0.0028040761564479795,0.07798093140787106,0.003674306687759421,0.004098265151731662,0.10062980486824538,0.0018371533438797105,0.0026638723486255805,0.0998730457757802,0.003228936180152218,0.08606819056846339,0.0031339674689712708,0.002537021284405315,0.0016393060606926645,0.016564576933044504,0.0011972459993822829,0.0010985040612888988,0.05697636424420781,0.12961169708110165,0.30375292950970373,0.10062980486824538
247,0.007884478600056906,0.010893029644815458,0.014524039526420614,0.013797837550099583,0.7820604845140837,0.006224588368465977,0.016895311285836222,0.014273625051827157,0.012543488681908709,0.005184825999939872,0.02438701600332762,0.013352746016225402,0.009198558366733054,0.013797837550099583,0.005017395472763485,0.008385322487570542,0.007458290567621396,0.0071368125259135785,0.010751561727350322,0.016232750058940686
248,0.018157299077847407,0.11780254592029027,0.0016735030420966283,0.0019757840281990936,0.011309044408347867,0.0006862566431619267,0.14375138069286925,0.08964212780029708,0.08989108506272118,0.006588783087836148,0.0744432404430396,0.0009263856597393805,0.0006862566431619267,0.024895014066773868,0.1817104207077367,0.047722563283453756,0.009380795124917804,0.1488416167292235,0.0013067078547877784,0.028609189723499063
249,0.002184727452413859,0.09885792061460434,0.0053935458981467154,0.0066382103361805715,0.004109368303349879,0.0023323441721715523,0.0023323441721715523,0.014724979094770246,0.012222721046930627,0.31623171617292395,0.34853754062841263,0.0029253130295033036,0.00121544696296264,0.0053935458981467154,0.001500812771658216,0.0014503652835352512,0.16211943920222371,0.0027395788688999185,0.005076278492373379,0.004013801598620812
250,0.03070379970448282,0.04666977555081387,0.007122837274201129,0.003655140180182158,0.003805351420463617,0.024056585335471063,0.007292152429814668,0.02437973349669382,0.26246355816727346,0.0011156251152363214,0.04988027435036127,0.0022815214320565714,0.071019223664282,0.12253722366434226,0.17862702475968562,0.05650600627228585,0.040042115117562206,0.06005302001023845,0.0037038753825845865,0.004085156671968294
251,0.025853143080770403,0.052405019758318384,0.3624433820111806,0.20062492488675146,0.007852103643528093,0.024172397837311177,0.04046311852297794,0.007852103643528093,0.00687059068808708,0.0027482362752348326,0.012673109353318826,0.04072445723972407,0.004137129876697596,0.06629011046351385,0.0034048945002909422,0.07633802090778664,0.0433106778414968,0.0057707908662433935,0.00769506157065753,0.008370727032582237
252,0.11455168759940106,0.06220291926851014,0.005584848228775879,0.01944499120483554,0.1313172740112992,0.2948982375642198,0.01010132877009994,0.006950033351365538,0.042151223756713325,0.0046347273180458535,0.021886212335216537,0.005791694459471281,0.004170020010819323,0.06888775030100944,0.1509184519903497,0.0048938114538372365,0.03075900111976377,0.002016328220087868,0.003390367976025762,0.01544909106015285
253,0.007170532893443637,0.05999600128397259,0.28783322275313583,0.3247908525572405,0.00492244582408831,0.0030223224309148832,0.0067820364687438935,0.042724425156768366,0.006228400838642352,0.003417954012541467,0.013856570321114058,0.059116817666959524,0.003051916410934752,0.029416817321053626,0.0018058676987779598,0.04796161275663028,0.08350683098822904,0.0022440561845108475,0.005003141657270085,0.00714817477502794
254,0.0061058506374645286,0.009769361019943244,0.01024207203703727,0.01076285536095442,0.008819562031893206,0.005570249704353604,0.008466779550617478,0.5998178008897367,0.008466779550617478,0.18393269277808363,0.07357307711123343,0.008581195490490686,0.0060476996790124835,0.007650704413208564,0.004044639912715356,0.0036494739442316715,0.022033017707505383,0.00456840623234756,0.01076285536095442,0.007134926587598998
255,0.004995529922478456,0.009262545064595468,0.009880048068901833,0.008479577732280566,0.005774054066241331,0.8435262751351955,0.009561336840872743,0.007732211532184043,0.013472792821229772,0.0034200166392352504,0.011255750964571709,0.008892043262011649,0.011548108132482662,0.01710008319617625,0.004477528486394804,0.003368198205307443,0.007001608867725708,0.004229944201832342,0.008550041598088124,0.007472305262194663
256,0.23061300926657652,0.7068326156873221,0.006985218380860097,0.003624692456635438,0.0040079121857394,0.0022848845171037704,0.0040079121857394,0.0040079121857394,0.004365761488037561,0.001373497996236536,0.004215217988450058,0.004701589294809681,0.0017463045952150241,0.0023736178964087707,0.0016519097522304284,0.0011404152958745248,0.0028893409964200244,0.003176625148915371,0.005556423712047804,0.004445138969638243
257,0.011802092356996875,0.025964603185393124,0.019670153928328122,0.02093919611725252,0.02032669746307878,0.009142465910349694,0.01803097443430078,0.03860726074068448,0.03606194886860156,0.00746109286936584,0.030910241887372767,0.017081975779863895,0.013247246523159756,0.04056969247717675,0.00889198739225792,0.006979732039084173,0.010818584660580468,0.6094011300632501,0.030910241887372767,0.02318268141552958
258,0.7126567659193912,0.02225613428373872,0.03176550634990367,0.01759787361970038,0.011641670240724865,0.0060056235368818765,0.01940278373454145,0.016100182247810988,0.01759787361970038,0.005732640648841791,0.023647142676472388,0.019913383306503066,0.007346685103370062,0.027025305915968443,0.007643520865122389,0.004495994185178876,0.007361537906845269,0.00664183032044777,0.01940278373454145,0.015764761784314928
259,0.0043767664725705095,0.008503432003851273,0.007259027320360842,0.007440503003369864,0.007832108424599856,0.006332342981591374,0.005044408815843975,0.5603723649344837,0.007631285131661399,0.279957445358054,0.006544407108937898,0.0090187915192362,0.00330689022371994,0.0043767664725705095,0.0024196757734536146,0.00225469787980905,0.0041336127796499245,0.05822203918075881,0.008503432003851273,0.0064700026116259685
260,0.009220233738977098,0.020983980233534087,0.5711433976139085,0.013586038605800248,0.018440467477954196,0.008579330317183127,0.03202818035644676,0.030426771338624422,0.03579620157485226,0.010866704049508723,0.028977877465356596,0.028977877465356596,0.022538349139721796,0.08693363239606978,0.016446903426283473,0.009362083488807514,0.011481800505141292,0.011269174569860896,0.01383035060846565,0.01911064562814685
261,0.00514168406137816,0.43860042947941713,0.00514168406137816,0.08984960967842857,0.11627069868495618,0.00514168406137816,0.0041133472491025275,0.0031641132685404053,0.006328226537080813,0.05477044421616836,0.12228053388188503,0.012196779594356819,0.0034277893742521064,0.019198634546672772,0.0024929377267288045,0.008200094755528034,0.0020566736245512638,0.002570842030689079,0.021991163208006998,0.07706262995950054
262,0.010560307774669252,0.03285429085452657,0.024640718140894927,0.03696107721134239,0.029568861769073914,0.016896492439470806,0.011584507978230841,0.018480538605671195,0.031125117651656747,0.031536562400009106,0.02688078342643083,0.020392318461430282,0.5550391335445104,0.04928143628178985,0.009098111313561202,0.03112976364583555,0.00922967543096954,0.011372639141951506,0.01971257451271594,0.023655089415259126
263,0.16780761120294124,0.4285149053465668,0.0029726463333118536,0.0033962070519518973,0.002410253783766368,0.03511078683289323,0.004246637619016933,0.0036399751020145146,0.004053608636334346,0.004190378288680964,0.010451583057233338,0.018269027295163966,0.15812858069925254,0.079584450154558,0.0016514701851732519,0.065540020034677,0.0017695548409908772,0.0013615174045703143,0.003715807916639817,0.0031849782142627002
264,0.009733786051255274,0.02064742495720815,0.04008029550516877,0.014812283121475414,0.017930658515470235,0.6409961880228544,0.04258531397424182,0.02620634706107189,0.0158456982229737,0.0050848136088646936,0.019467572102510544,0.03586131703094047,0.011356083726464484,0.01285594384128055,0.004866893025627636,0.006952704322325194,0.011169918419473264,0.0055961726013846105,0.009281655633132652,0.04866893025627635
265,0.008430430303623518,0.02599382676950585,0.038990740154258775,0.03119259212340702,0.01641715374916159,0.009747685038564692,0.01641715374916159,0.01116812531533945,0.014853615296860486,0.008208576874580795,0.01732921784633723,0.01164335030145277,0.007607949298391956,0.03465843569267447,0.005286880020916444,0.37723437172994073,0.29212058343394265,0.01834858360200413,0.028356901930370017,0.02599382676950585
266,0.012330144672718563,0.017570456158623952,0.012117555971464794,0.014642046798853295,0.013015152710091817,0.012117555971464794,0.024235111942929592,0.023427274878165275,0.01597314196238541,0.025360460533353068,0.015278657529238222,0.019522729065137728,0.018824389773523707,0.02811272985379833,0.010489824572312808,0.6612411365197689,0.037485434497925164,0.008896433498037445,0.013015152710091817,0.016344610380115306
267,0.007881834358865766,0.012864567318614895,0.01057361697420402,0.015437480782337873,0.014034073438488977,0.7267040281400655,0.01244958127607893,0.015134785080723403,0.02144094553102482,0.005760254023260399,0.024899162552157857,0.017152756424819855,0.012251968874871327,0.02756692996846048,0.005983519683076694,0.006830743708999057,0.013783464984230241,0.006235634545032409,0.022702177621085104,0.020312474713602462
268,0.01135112301382899,0.0173253982842653,0.020573910462565043,0.028624571078351365,0.01688115730261747,0.028624571078351365,0.015310817088420497,0.032918256740104075,0.03872736087071067,0.008440578651308735,0.025321735953926203,0.02351304052864576,0.007481421986387287,0.043891008986805424,0.007932110057856401,0.6162882603107912,0.009143960205584462,0.016459128370052034,0.01881043242291661,0.012381156606511177
269,0.01047386373093133,0.02639413660194696,0.02537897750187208,0.03142159119279399,0.02537897750187208,0.011576375702608313,0.021995113834955796,0.03665852305825966,0.03142159119279399,0.00956309297171991,0.028689278915159728,0.024439015372173106,0.6179455302128212,0.010454354205044172,0.010817269099158585,0.010310209610135526,0.009420398908820422,0.012938302255856352,0.02639413660194696,0.01832926152912983
270,0.015410047254951816,0.02311507088242773,0.05283444773126339,0.017611482577087792,0.026888453250468396,0.006848909891089696,0.030820094509903632,0.3460734859305753,0.013208611932815844,0.021430895907551543,0.015410047254951816,0.012753142555822194,0.009483106003047272,0.03362192128353124,0.006724384256706248,0.0075477782473233395,0.006848909891089696,0.2962613884592773,0.010877680415260106,0.04623014176485546
271,0.012586855201999191,0.01065041594015316,0.05192077770824666,0.018880282802998784,0.01153795060183259,0.00883757918438241,0.014322973160895626,0.03202019269339853,0.02596038885412333,0.3891346419212469,0.024433307156821956,0.04153662216659732,0.05453901518021207,0.06332334366812595,0.00798781195511487,0.00798781195511487,0.0148345079166419,0.1741391950873464,0.018059400941998836,0.017306925902748883
272,0.021157270545240487,0.026067431746389667,0.36611521668516056,0.03136758729850236,0.010861429894329028,0.06614565500137125,0.023000675070343826,0.024438217262240308,0.04887643452448062,0.01303371587319483,0.03258428968298708,0.07564118435763134,0.024438217262240308,0.03554649783598591,0.010289775689364341,0.06148831752210515,0.026067431746389667,0.013964695578423034,0.04887643452448062,0.0400395218991398
273,0.04767843038388204,0.00992883217755193,0.007770390399823249,0.010512881129172631,0.024974415915366775,0.03210996331975729,0.08428865371436292,0.006873806892151335,0.16724022136543462,0.03507045639179165,0.034964182281513496,0.006382820685569097,0.11238487161915055,0.12986696275990728,0.08237563888510847,0.05886826608622168,0.029275437701823122,0.09858322071855306,0.014893248266327895,0.005957299306531157
274,0.058223748991055015,0.07513570697035717,0.004223916411918414,0.0025888519944016085,0.043991289906800166,0.04145833632780009,0.03805111856616503,0.12021644601947741,0.0033439338261020773,0.11292590026087689,0.13303953359488835,0.06146719152995889,0.0016378451393153036,0.13109919797492486,0.02985320406184041,0.04042402162706039,0.055539998060998574,0.026928483908362943,0.016878889204494617,0.002972385623201846
275,0.12768896139225758,0.06804823251151176,0.015215753853505732,0.1584678998559647,0.010975986856678065,0.19536494267057714,0.10427187513844163,0.018958522752443936,0.0071911638026511465,0.0029372359193927224,0.008020913472187818,0.03749596485328197,0.0067272177508672015,0.018419070454243777,0.014055373455160555,0.1555388171691697,0.008020913472187818,0.004368133735381568,0.017378645856406937,0.020854375027688325
276,0.060272385145429604,0.11522661866038013,0.018835120357946745,0.011978469199125525,0.00876473356033575,0.01637878909858482,0.03348465841412755,0.01128035043817224,0.096114516599213,0.05291087245591147,0.024600973528746777,0.10882513984591456,0.00630445747322396,0.026907314797066786,0.33770305579911386,0.04271271388258791,0.005284618764320084,0.00479138767965021,0.009456686209835943,0.008167138090312859
277,0.006675209129480172,0.21977005977010955,0.023840032605286332,0.011642806621186346,0.020860028529625537,0.012516017117775322,0.027813371372834052,0.04661789146638687,0.012836940633615714,0.005218823261766288,0.01221074840758568,0.023840032605286332,0.009446050654924773,0.015170929839727666,0.007702164380169428,0.007255662097261056,0.016782440927899274,0.4696112482521611,0.02634950972163226,0.023840032605286332
278,0.01127145016141294,0.03478265764465982,0.017132604245347672,0.032947315856437835,0.013816616326893284,0.008923231377785244,0.013816616326893284,0.40174287281651205,0.011576083949559234,0.3506433362299782,0.012262136178784083,0.013384847066677865,0.009518113469637594,0.012597503121579168,0.004199167707193056,0.007259578070062572,0.0076484840381016396,0.010197978717468852,0.015296968076203279,0.010982438618812608
279,0.009218754436532186,0.019814672299957384,0.028429747212982335,0.03269420929492969,0.02179613952995312,0.6134989868722537,0.02615536743594374,0.02421793281105902,0.02179613952995312,0.007784335546411829,0.03632689921658853,0.027245174412441408,0.013344575222420281,0.019231887820546873,0.007884793840471612,0.00871845581198125,0.0152066089743859,0.012144970906305322,0.02179613952995312,0.03269420929492969
280,0.0093283919999072,0.017546261142682595,0.03070595699969454,0.02167479317625497,0.011697507428455062,0.010999148776009982,0.03443630299320384,0.01995185950179994,0.01473885935985338,0.6933525085742054,0.0167487038180152,0.0167487038180152,0.005712736185989681,0.01249055877953676,0.005625518839638692,0.0054588367999456955,0.010235318999898178,0.026513850710651002,0.018895973538273565,0.017138208557969048
281,0.012651879184978756,0.015551268164869719,0.01777287790270825,0.022620026421628685,0.01435501676757205,0.014636487684583269,0.017359555160784804,0.018661521797843666,0.01777287790270825,0.006490964103597797,0.01777287790270825,0.015551268164869719,0.012039691482479783,0.014084167394598994,0.00794107310546539,0.006118531736997923,0.012237063473995845,0.008387200808019626,0.04584638917907077,0.7021492616605184
282,0.010858413501510214,0.038521575828149544,0.10215482321995621,0.03065904988661708,0.03065904988661708,0.48681984090691255,0.04009260369788387,0.02606019240362451,0.02171682700302043,0.009834034869292269,0.028955769337360566,0.019303846224907047,0.011089443576010431,0.04738216800659003,0.011582307734944227,0.00855477300035641,0.010636813225969188,0.0077239963251531174,0.03257524050453064,0.024819230860594774
283,0.013154367216483314,0.014395345255774192,0.020077718383053483,0.03467969538891055,0.013871878155564222,0.01907383246390081,0.015570475480735353,0.009908484396831587,0.011387362665015405,0.008203798909204647,0.01816555472752458,0.7170321601482984,0.01003885919152674,0.020620359420433308,0.008572508972539687,0.006520968363726771,0.007785237740367676,0.01230569836380697,0.02724833209128687,0.011387362665015405
284,0.011055523816199737,0.02809945636617433,0.0421491845492615,0.014348658569961358,0.023254722509937372,0.6335839894936743,0.02593795972262245,0.02247956509293946,0.01926819865109097,0.007841708753350976,0.019834910376123054,0.023254722509937372,0.018226674399680644,0.018226674399680644,0.025078614621585473,0.009113337199840322,0.012488647273855255,0.007620836932581015,0.010037158395329418,0.02809945636617433
285,0.009294868393106379,0.016155366492780137,0.021887915893444052,0.03571186277351398,0.011784538206108194,0.008588929021478045,0.021203918521773925,0.01477316153128336,0.03392626963483828,0.00771051582609961,0.03231073298556027,0.027141015707870624,0.018847927574910158,0.02261751308989219,0.008588929021478045,0.010601959260886962,0.013847456993811545,0.63665808746596,0.018847927574910158,0.02950110403029416
286,0.022641618125598156,0.017725940350802917,0.013402540265241228,0.010567387516824815,0.012211203352775342,0.005784254219735688,0.016651640935602736,0.2713276867149677,0.015264004190969177,0.003459036923089202,0.011005441470394863,0.011945742410323704,0.00785005929821272,0.012779166299416058,0.006244365350851026,0.005845788839094579,0.006244365350851026,0.5166987991243218,0.013402540265241228,0.018948418995685876
287,0.04662724074318952,0.07920243633089727,0.0017130625868362964,0.0020302963992133876,0.007539100232449238,0.060484890017073724,0.019029728862596,0.05123788069152492,0.013796553425382104,0.03589347232619735,0.06591686636571449,0.09031544563732846,0.0357688422139536,0.11411963944451864,0.08010901988931544,0.05501022592735552,0.10317464044199802,0.03454499913759953,0.060903704310245325,0.04258195501661144
288,0.14532481733882885,0.005624421338061532,0.004374549929603414,0.004631876396050674,0.003662413894551696,0.14327798892560586,0.03963404109240787,0.003662413894551696,0.14779366890473222,0.0019685474683215362,0.0035791772151300663,0.003413408822580808,0.1713904479671691,0.027220207976620815,0.10811619274094775,0.16414097826148707,0.010654253393507559,0.002350504439786909,0.0054304757746801,0.0037496142253743555
289,0.008696730228565491,0.023091318193087684,0.04557659757406833,0.02092650711248571,0.01366629035917434,0.07298408671717878,0.0072787850826037245,0.009440919942455515,0.010800777864508752,0.006258394650463015,0.020292370533319476,0.6300874945074327,0.008267262069130157,0.03348241137997714,0.007524137388758907,0.030076536455105336,0.0065014391029081815,0.008267262069130157,0.02678592910398171,0.009994749665664817
290,0.009253343582086147,0.01449108523232359,0.01505936308457157,0.013241853746778453,0.015674030965574494,0.7230748019139541,0.02327356113070152,0.02133409770314306,0.017067278162514448,0.006144220138505202,0.027429554189755366,0.02194364335180429,0.010971821675902146,0.01873237847105244,0.005265438281906327,0.006982068339210456,0.009721867307761395,0.007283463314288297,0.01476975994832981,0.01828636945983691
291,0.09597448228667824,0.042064174783369025,0.01343642752013495,0.07198086171500868,0.0034205435880433634,0.024429868218427186,0.007021115785983746,0.003939679861300985,0.0030318454530384354,0.0017552789464959364,0.035190643505115346,0.009736541681257212,0.0020523261528260185,0.4676403695733244,0.0021802623324509367,0.12512712691099842,0.07997873523889855,0.0014988898868954065,0.004600041377023833,0.004940785182729303
292,0.008468541098418936,0.018066221009960397,0.010036789449978,0.015055184174966997,0.5425727049255993,0.008468541098418936,0.013598862239392122,0.011291388131225249,0.012317877961336633,0.004105959320445545,0.015055184174966997,0.008211918640891089,0.0047542686868316825,0.010839732605976237,0.00694854654229246,0.0038713330735629424,0.0063021701197536265,0.007324143652686648,0.038713330735629436,0.25399730235766677
293,0.006567331806711979,0.011492830661745968,0.01532377421566129,0.019154717769576612,0.006428529295168521,0.005970301642465437,0.022985661323491936,0.3414399630844448,0.018388529058793547,0.0037681412005724476,0.01768127794114764,0.017026415795179207,0.007414729459190947,0.015852180223097884,0.005746415330872983,0.004463235208445035,0.010215849477107526,0.43170405586188765,0.01998753158564516,0.018388529058793547
294,0.016805041533252893,0.01560468142373483,0.038552742340991944,0.016805041533252893,0.01820546166102397,0.04136545114488216,0.031209362847469665,0.00762712464326644,0.019860503630207967,0.008738621597291506,0.018725617708481797,0.019902895923387322,0.014247752604279629,0.027308192491535956,0.006129228358547113,0.6150823567739783,0.008738621597291506,0.016805041533252893,0.02849550520855926,0.02979075544531195
295,0.6575942607030876,0.015908669433920115,0.01340267946543473,0.023332715169749503,0.02187442047164016,0.006795936457208593,0.024137291554913277,0.04999867536374893,0.017499536377312126,0.00853635920844494,0.03181733886784023,0.026922363657403272,0.006930509456361238,0.02258004693846726,0.009721964654062295,0.006780993339559725,0.007152926470239378,0.006421848211857662,0.016666225121249642,0.025925239077499447
296,0.012266208150554389,0.021261427460960946,0.02657678432620118,0.03357067493835939,0.028992855628583107,0.016354944200739185,0.020575574962220268,0.5977969277685808,0.01723899523861698,0.01328839216310059,0.019370201406728144,0.030373467801372775,0.01328839216310059,0.024532416301108778,0.007874602763318868,0.0096642852095277,0.014496427814291552,0.03504712913567123,0.021994580132028565,0.03543571243493491
297,0.03349073534540167,0.01462352091807569,0.016451461032835152,0.032902922065670304,0.010671217967244422,0.008583370973653122,0.02322559204635551,0.0775294290611883,0.02467719154925273,0.00918221080902427,0.014101252313858703,0.03774749118939132,0.009630123531415699,0.018801669751811603,0.0058063980115888765,0.2512676989837105,0.3696547845378166,0.01128100185108696,0.015185964030309371,0.015185964030309371
298,0.02130957675705966,0.020018087256631806,0.04718549139063213,0.024466551091438873,0.03885863996875587,0.016514921986721238,0.007023983195613877,0.025407572287263445,0.013285086060961515,0.004857329996094482,0.02130957675705966,0.030027130884947708,0.009174956659289578,0.6206020926245794,0.013504509807514707,0.012952879989585284,0.010654788378529833,0.01348156896875203,0.028721603455167374,0.020643652483401546
299,0.00791301676147518,0.04410314213029086,0.01210226092931498,0.010461276396526508,0.015054031887684486,0.5810118021836171,0.07972491077398731,0.029612109716052427,0.0457245811791986,0.007347801278512666,0.014695602557025329,0.018703494163486784,0.010641643230949377,0.016681494794461186,0.018593628904178372,0.023134460715665963,0.007619942066605727,0.006162720664818581,0.03307735659771814,0.017634723068430395
300,0.005801510671687461,0.04143683080952699,0.012203177619756384,0.006553558351350652,0.007372753145269481,0.00388892473596632,0.12373498088955978,0.04834296927778149,0.3333313852167608,0.0023130205945943475,0.004537078858627374,0.0035302762123704213,0.005128871753230944,0.05302927752409706,0.27426768127832846,0.014742891340032652,0.02162562994957127,0.009280123566716985,0.02024754232738251,0.008631515877388663
301,0.04841579732267976,0.1204490567539838,0.011938763730621142,0.008877542261231107,0.15735134129870926,0.004121716049857299,0.010491640854182215,0.07867567064935463,0.02977890108450921,0.014239940389023459,0.0039060460088419322,0.011540804939600437,0.03521148896194892,0.008444491419219833,0.3256389454718451,0.0024218601207782217,0.005096399718176817,0.07076154993314734,0.004222245709609916,0.04841579732267977
