site,A,C,D,E,F,G,H,I,K,L,M,N,P,Q,R,S,T,V,W,Y
207,0.0025297706628086935,0.021109807155819955,0.003322432137155417,0.0037191404520396463,0.3039462832077816,0.001962066222729577,0.004410308146666483,0.03510652711783102,0.003038809881544589,0.5083606880255621,0.004885929613463849,0.004410308146666483,0.0023397409416587448,0.004019071133655747,0.0017425343376689252,0.0022319541091989936,0.0031342071759732685,0.08172322504201948,0.004113721329026244,0.0038934751607290047
208,0.024242597915834843,0.27369830638817433,0.0025582574434981804,0.0018656905112804413,0.001907853008710508,0.0009485673666903367,0.001963313851986976,0.1560837115923344,0.0020100594198914274,0.09472651934221209,0.0642305614633725,0.0024120713038697133,0.0009788115435993038,0.001740670013101855,0.0007571524272236769,0.0007908430504490865,0.018144962913462362,0.3471248788394945,0.001608047535913142,0.0022071240689003914
209,0.14577194206656713,0.20399572067624552,0.006717896782736317,0.004770680323972166,0.005675464523346198,0.004636294962733514,0.004220217209667686,0.010286779448564983,0.0038726699100479936,0.002299601023486419,0.005675464523346198,0.006095869302853323,0.004619521065956411,0.0043890258980543925,0.0022241685294194556,0.331992399542709,0.2212875269238153,0.013076648761297792,0.013167077694163181,0.005225030831017135
210,0.0070464384386174205,0.0394080621184197,0.013969255150241552,0.008381553090144933,0.009710335897119128,0.0061249811043366815,0.029366525723836537,0.008208737562513075,0.007173401293367285,0.0030982394691197223,0.008381553090144933,0.008124974934324168,0.005007846185935652,0.010340877189139853,0.003922401692432358,0.002982200537692017,0.004767949362657297,0.005769909735969338,0.009953094294547105,0.8082616631294411
211,0.1538393777400072,0.13284769244844663,0.015503193105582123,0.005101816098520648,0.018534432113278997,0.09370899481526497,0.04761695025285937,0.015284453167584486,0.0017585634538228485,0.02972618859716076,0.10158282720609998,0.10421823074210732,0.0014654695448523738,0.024760814131486873,0.002204937931386322,0.07107662565818944,0.05876134286523071,0.07635131678475728,0.01317802017566288,0.0324787531676988
212,0.003746017320351653,0.00678445359130355,0.01221201646434639,0.008219045691207415,0.007018400266865741,0.6210456956419919,0.009692076559005072,0.008034221358122625,0.00480788049777417,0.002452212141435018,0.005706549749694574,0.005451793064440353,0.003300544990363889,0.005004924780469831,0.0056814045068763015,0.0024230191397512676,0.0023945130322247823,0.128728920494888,0.1484470234158829,0.008849287293004632
213,0.06478419781472107,0.02667171741017769,0.0017398304835194377,0.0012103168581004784,0.0236711492015327,0.3103651087018522,0.11613538792177865,0.0018076160867734417,0.013095065251712288,0.024149497460500883,0.01028320600233668,0.061086836649116634,0.14099801199236264,0.005358494442904968,0.03056909801038694,0.05502552454519663,0.03449252793313034,0.006678783279868152,0.0063425088769657,0.06553512107706241
214,0.0022166399319819606,0.20244687690301433,0.004451907090283098,0.0035555499580113338,0.004204578918600704,0.001783760753345753,0.004567042618480074,0.00477276525895215,0.0029108623282620254,0.20118558757576221,0.003270228047800547,0.003679006553775616,0.0023971807409216683,0.003485374629892689,0.0012246787489898772,0.0013480329357345767,0.0016201129778094455,0.0019194816802307558,0.543138607691627,0.005821724656524051
215,0.024916210751211306,0.010197926606446426,0.006171113247433099,0.0038354356810276456,0.005019172107912254,0.004869280271546492,0.005791352432206447,0.010809802202833212,0.3821222529607444,0.005572062991151141,0.037754823870189524,0.009383388388055356,0.0020130369416760377,0.04211611247857095,0.39191747822245243,0.02016754142319629,0.006456366503398677,0.02144802024371669,0.00413668030871889,0.005301942367512945
216,0.0031674564526498554,0.10439962357734314,0.003642574920547334,0.003937918833024146,0.3034100793016061,0.0019171446950249126,0.007107463259604553,0.003885413248583823,0.0029140599364378674,0.29547256456783416,0.23787576925038026,0.0036886834638454017,0.013768646008026408,0.0031674564526498554,0.0013617102506719005,0.0011087154490521897,0.0020378041513551518,0.0017041286177999222,0.002158562915879901,0.0032742246476829967
217,0.01095037601074342,0.005259198688152431,0.29695835197612946,0.1603741122720669,0.010362794858947434,0.02084664778504852,0.004531001946715941,0.010155694018501249,0.005663752433394926,0.00939988029240807,0.005556889179934645,0.0041987007381672665,0.0037280395764118504,0.015736095896920176,0.002300899426066689,0.0327923340670719,0.0030052563932299607,0.003970790553428455,0.0708124315361408,0.32339675235051973
218,0.43764145306965435,0.039964682784274924,0.005148496847846102,0.034585407257454945,0.006091179369282713,0.0338014545958566,0.058730707743847504,0.007863158822164956,0.0044584921156605424,0.0023504007348862637,0.00831680260036678,0.004859255451899691,0.004281918170485867,0.014612087143000519,0.0214982431529203,0.13351534364101703,0.0649066778136182,0.09357039742107504,0.00878097255541815,0.015022868709269608
219,0.032228945428020475,0.04679378684652262,0.011821222552458774,0.07523706904735009,0.03257795286783221,0.0002513190057166067,0.03281642194431457,0.07511634204310211,0.051552477034304586,0.08850798498931087,0.05147316553117488,0.06296516906554146,0.00021758491098954546,0.10413911386431994,0.06760895409894131,0.032094937186521975,0.10712768604310437,0.08297187976001417,0.027482065290814876,0.01701592248964459
220,0.00402463546706507,0.2790408265981489,0.005719218821618783,0.01086651576107569,0.005927190415132195,0.002546839631502115,0.006791572350672306,0.005257991497294688,0.004591485532848883,0.29522448200451995,0.004591485532848883,0.004289414116214088,0.003227677948834363,0.005620611600556391,0.001620702534986358,0.0020123177335325355,0.002628995748647344,0.002566893486868273,0.3292439306384153,0.02420721257921804
221,0.0069029268738040285,0.01984591476218658,0.47983214726742285,0.012873025791688593,0.008986829326273168,0.006255301133052181,0.00780822875889308,0.0116171208364019,0.018319305934326072,0.005292243936583087,0.01984591476218658,0.005013704782026083,0.005013704782026083,0.015364579170725095,0.00661530492072886,0.003528162624388725,0.005880271040647877,0.005006130822235366,0.01984591476218658,0.3361532677122173
222,0.005364929531877693,0.005961032813197438,0.0018904895341189762,0.0019015113489156575,0.17945846153415443,0.09122863037832366,0.24917117159165286,0.001440372978376363,0.017173451676116423,0.004211004831341308,0.0838703453949872,0.08159991584288045,0.007913784941658666,0.034878383481474366,0.016385253213145816,0.0207067455616332,0.03921424527113216,0.0931197709016816,0.008941549219796155,0.055568949953535424
223,0.06374567027642047,0.05697901678477662,0.019699828132071627,0.058502519907364235,0.07726651861744092,0.041369639077350424,0.03861166313886039,0.06751390277549407,0.0028549363060179677,0.07444855602975786,0.09800853191377398,0.044471427734459806,0.0007720556323552337,0.0436168787309349,0.0008693668699194724,0.04300303153568047,0.06884587083693201,0.06332097341589625,0.040220482436312904,0.09587912984818028
224,0.004835277283915688,0.009552620975540752,0.011868407878702145,0.007679558039160212,0.00910831302319002,0.04097277212781759,0.009791436499929269,0.08785498932432088,0.012239295624911587,0.004452776167477531,0.00870349911104824,0.20748466813727806,0.004957689367052795,0.042841104035579274,0.04996212529801699,0.39459791873743877,0.07278745992579606,0.003765937115357412,0.006752714827537427,0.009791436499929269
225,0.015916260821646024,0.04310182607632586,0.38695437358714735,0.23409533579423517,0.005986364732823038,0.0026690288886981103,0.04966465556119851,0.004940542836526289,0.00928672058740426,0.0014696551475742758,0.008380910625952255,0.04705072632113543,0.014418770969380212,0.07337181043960475,0.0019846625069806457,0.011804099473172184,0.0022765246403601527,0.01598336879230146,0.0064501531476871,0.06419420904984703
226,0.008135875496308493,0.012465952947266141,0.01869892942089921,0.020508503235824937,0.01630163077719418,0.010961441384665054,0.04541168573646951,0.027359958561042896,0.033461242121609114,0.0055213765881439525,0.031788180015528654,0.02192288276933011,0.01199553962850138,0.02192288276933011,0.010422354103452018,0.010254251617912468,0.0094890089598593,0.6392280538450947,0.02649015001294055,0.017660100008627035
227,0.008251105711195557,0.030134473032192466,0.028878869989184444,0.008663660996755335,0.031504221806383036,0.011001474281594075,0.06681785439800746,0.017771612301036584,0.008758083383050364,0.003066782653718702,0.010829576245944168,0.01155154799567378,0.003300442284478222,0.7005445635307346,0.006377045996754306,0.0062440799976615025,0.004880935772819906,0.0075336182580481165,0.016118439063730856,0.017771612301036584
228,0.0707906295502715,0.021237188865081448,0.0283162518201086,0.03861307066378446,0.008168149563492866,0.011798438258378582,0.028789220641098515,0.07697752656491662,0.04247437773016289,0.42631809635511186,0.025590418347643126,0.014646337148332035,0.0817119791704905,0.04247437773016289,0.012086186995630669,0.007199047072908966,0.008848828693783938,0.008014033533993,0.03267259825397146,0.013273243040675906
229,0.021268343795312405,0.06151796169842414,0.08507337518124962,0.017014675036249923,0.16215363677842273,0.0106341718976562,0.08507337518124962,0.028357791727083203,0.0017014675036249923,0.08511389161975833,0.1107323310571635,0.08507337518124962,0.017014675036249923,0.08507337518124962,0.009452597242361069,0.0053170859488281,0.028357791727083203,0.009452597242361069,0.006544105783173047,0.08507337518124962
230,0.288307999997979,0.06927042071824456,0.09537002874975514,0.01197729321383189,0.026132276102905937,0.0038327338284262053,0.05749100742639306,0.02395458642766378,0.012498045092694143,0.010266251326141621,0.01690911983129208,0.031939448570218375,0.005749100742639309,0.009581834571065512,0.0077690550576206855,0.016287721679371012,0.0642810995502336,0.20573754852801265,0.02053250265228324,0.022111925933228103
231,0.0029812276230525526,0.04204871449551458,0.006635078431943374,0.003939577818966379,0.07008119082585765,0.0020010554001099064,0.009004749300494578,0.21920076988702958,0.008404432680461607,0.428742976063095,0.007879155637932757,0.009004749300494578,0.009697422323609548,0.021011081701154018,0.004669129266923115,0.0030747924440713194,0.009004749300494578,0.1261882943813159,0.005042659608276964,0.011388193509201866
232,0.10448922470448449,0.18730661021100187,0.0040164331961465086,0.006797040793478706,0.003841805665879269,0.006940709370466965,0.17961078228686952,0.03511998941456284,0.005522595644701449,0.021051042271430013,0.00672152907455748,0.0040164331961465086,0.08849211881446264,0.04020470168670494,0.0022018802140791748,0.121474421281797,0.06688526811157286,0.08900933956307938,0.022090382578805797,0.004207691919772533
233,0.005421564788578204,0.007923825460229683,0.007186725417417619,0.008352140349971829,0.007186725417417619,0.00475429527613781,0.35123563092265786,0.00882940551282736,0.014046781497679893,0.004275016292252403,0.009657162279654928,0.006867315398865724,0.31071425752808723,0.00882940551282736,0.0037232432885416582,0.00470713167522855,0.2135804099603749,0.00468226049922663,0.01030097309829859,0.007725729823723942
234,0.019975954129085663,0.010327704175581705,0.00416760028115505,0.0039482528979363635,0.021688178768721582,0.1504729918420709,0.267912796554796,0.00750168050607909,0.02409797640969065,0.0024198969374448673,0.008825506477740106,0.07973595135559405,0.007144457624837229,0.008675271507488633,0.15138068580062444,0.05072235357201014,0.0061381638024683716,0.15460638839688037,0.012512410828108606,0.007745778131686281
235,0.0788188186212253,0.011582882863984007,0.29872758588775256,0.11278742819791268,0.0033034272299678853,0.06097117921214035,0.04292480120182309,0.0035098914318408775,0.04107289992258499,0.011780880861658943,0.002739427458997758,0.09034648633907526,0.0017017655427107286,0.04864810802873284,0.014892277967979437,0.05801426675840265,0.06891815304070484,0.043242762692206956,0.0028079131454727024,0.0032090435948259454
236,0.05310516561284937,0.06018585436122929,0.04309262917959341,0.0472159389134757,0.022035591708320264,0.02982839263638455,0.07927842580775371,0.031631291105113854,0.07011260675089727,0.10114353402350662,0.07201231989765004,0.05833270535286426,0.05923471706667079,0.03699659871028507,0.023058372621015226,0.06307940359065937,0.0749541480364217,0.030510182053287035,0.010558851017217735,0.03363327155480461
237,0.04539403494104259,0.15152170284653527,0.012983553568231623,0.0032829702283415974,0.03939564274009918,0.01641485114170799,0.036477446981573305,0.07295489396314661,0.025253617141089216,0.07879128548019834,0.04924455342512397,0.010943234094471992,0.1294247878480822,0.13861429852997856,0.009925258829869948,0.08206408752926064,0.07894575416081553,0.01163062652595466,0.0032439333451184217,0.0034934666793583003
238,0.01252414746493817,0.08778345552874851,0.0009288671075764599,0.04319489002460996,0.025419835018841958,0.007781692303376716,0.01945715766874323,0.18605690615476655,0.10419476892318053,0.1172988648029949,0.04648098776421994,0.015715396578600292,0.00042757374793202127,0.07900785235186644,0.026706710852731713,0.03071179254498094,0.10383768837502763,0.0840763418530097,0.0006122078663572123,0.007782863067497289
239,0.012766164450267101,0.02006111556470544,0.01495605885156985,0.014582157380280607,0.012410346706621793,0.08287542823452085,0.04557398722990635,0.012410346706621793,0.011091594877652322,0.0047810352066493785,0.014582157380280607,0.5876831416754733,0.007383370825458534,0.01495605885156985,0.006075898908450251,0.09693843734999294,0.004629256311200192,0.009113848362675378,0.013564797563051728,0.013564797563051728
240,0.11332176557048809,0.04692571180476773,0.002390530723420504,0.0021764533452037424,0.0012791436327074625,0.002053836255333109,0.0016761192428580544,0.14698877091305826,0.0021444466783625106,0.006832945048313288,0.08538488547167593,0.0021080295215058996,0.0013019854832915247,0.0020831767732664387,0.0009407895105074242,0.027001316231199224,0.3232108478791824,0.2268397902965113,0.003314144866560244,0.0020253107517868157
241,0.019615446042808016,0.010062406280986457,0.0070436843966905196,0.12025448867217002,0.0058697369972421,0.02079075169413329,0.12092427481434397,0.007414404628095284,0.3659759257703529,0.0013610984341430959,0.0034783626650323556,0.00414334376275913,0.0014448583377826708,0.28469918358183355,0.0015124133476200087,0.001943085350811178,0.00991645609259474,0.0030295416759959235,0.003968272899543955,0.00655226455506095
242,0.020735126232078363,0.015149570714595648,0.021013920668632672,0.019740349719018568,0.028323110466417948,0.0085714676411528,0.016703372839169558,0.018095320575767022,0.01628578851819032,0.005567790946389852,0.01628578851819032,0.08047541606054302,0.007944287082044059,0.011632706084421659,0.005567790946389852,0.00845577319284404,0.6558832528558488,0.009722858816830042,0.017142935282305597,0.016703372839169558
243,0.0603911976613466,0.10245679051511215,0.005770058393168711,0.0034620350359012273,0.10932889231795505,0.0028179354943382085,0.043731556927182,0.023547761422328777,0.006478749174397334,0.12162544852811528,0.2132937877245648,0.006058561312827146,0.0017317315568975093,0.06761317667097742,0.026761102000215864,0.0168198295873777,0.09408910732817949,0.06374430331758736,0.0040390408752180975,0.0262389341563092
244,0.007014353190638541,0.011503539232647209,0.009916844166075179,0.02054203434401287,0.023965706734681683,0.009277047768263876,0.4305925395837122,0.019172565387745345,0.011982853367340843,0.009928074165957614,0.011503539232647209,0.013694689562675248,0.2886045277625268,0.009277047768263876,0.005045411944143512,0.00514848355263904,0.032277172765864885,0.00611890384715277,0.05751769616323602,0.016916969459775305
245,0.0057802337875914244,0.009757096851406608,0.009757096851406608,0.009506914880857722,0.00823932623007669,0.3730205009399041,0.008827849532225025,0.013241774298337542,0.006078191481204115,0.0037451482863984954,0.007269993732420609,0.009269242008836278,0.006741266915517293,0.012785161391498313,0.012759297096582654,0.0034651371995649636,0.005533875826170912,0.475201889606934,0.008426583644396614,0.01059341943867003
246,0.002277932968098696,0.07631547114276081,0.0021477653699216274,0.003268338606402477,0.1440209916950564,0.0020316699445204586,0.008753028948273645,0.07533904074987613,0.002424896385395386,0.12641181486371816,0.0016704841766057106,0.003132157831135707,0.0020881052207571385,0.00471902430254753,0.0007830394577839268,0.0009891024729902233,0.03287726416371201,0.07148944575595184,0.3569215881138353,0.0823388378306569
247,0.003924669424597524,0.005253019075999762,0.009755606855428131,0.006968290611020094,0.3439194329050627,0.0030760922517115733,0.008536155998499615,0.011381541331332819,0.006208113453454264,0.54612228237099,0.005887004136896285,0.009755606855428131,0.00437751589666647,0.008129672379523443,0.0025106341172057693,0.0026885530703935796,0.004877803427714066,0.003104056726727132,0.006828924798799692,0.006695024312548719
248,0.015361272620176017,0.110297137677993,0.0017085469756209155,0.0023338095744369815,0.010332284559999343,0.0006537049298027851,0.17100806564134508,0.06435787416609762,0.07550140166306354,0.004314902927045183,0.05252364752506624,0.08449816664970485,0.0006537049298027851,0.040069866059897145,0.18131901957236174,0.0380036274908958,0.005682155181053853,0.11792281291303601,0.0011220308496614967,0.022335968092939758
249,0.00425830803648146,0.13750722817355282,0.006916256285051911,0.005379310443929264,0.004841379399536337,0.002964109836450819,0.0030258621247102103,0.024721704482381104,0.04719837954254347,0.3238462535621054,0.27021979641736993,0.0032275862663575586,0.0011619310558887211,0.004034482832946948,0.0014380334850107937,0.001561735290173012,0.14584589996925973,0.0022006269997892442,0.005379310443929264,0.004271805352532063
250,0.022720465542438433,0.06571457726120655,0.006800797938254115,0.003867120396262143,0.00303420215706722,0.0147291293861325,0.008542895043956852,0.01311409326923201,0.19869428617302826,0.00471462198893866,0.009830262443319837,0.17909027431656116,0.05261928106785016,0.1161272689665958,0.1491282651065442,0.06600470784514123,0.031936056239091036,0.04537435096607118,0.005057003595112033,0.0029003402971966076
251,0.018061925631241246,0.02097513944273177,0.22624230052828972,0.25858851728072296,0.005920123224456593,0.016060016534094345,0.007986987246978265,0.008034452947476806,0.007256925242882276,0.0028476542092322854,0.0053563019649845375,0.030888503151187963,0.003570867976656357,0.014343293883632752,0.0029995291003913406,0.03572688586399368,0.04892502185549814,0.007388969576416874,0.006427562357981444,0.27239902198115057
252,0.05578657481658922,0.10430242879972905,0.005259269794803122,0.009692208136564164,0.06533229056686327,0.20123504917621723,0.006661741740083954,0.004344614178315623,0.012933022170345278,0.0013595391306293785,0.013128977051714149,0.005401412221689693,0.0024981531525314826,0.022465138510710875,0.09386768557307462,0.01470931688201307,0.002172307089157811,0.12031834826822932,0.215206298470082,0.043325624270656685
253,0.0013260265798831672,0.00883411042517883,0.1414167238692679,0.16160587132637927,0.002990613137608845,0.0011811665333413086,0.003904411596322659,0.003513970436690394,0.008964023813784402,0.001434273647628732,0.005019957766700563,0.1358060032073942,0.0014490599738929456,0.015050706650304679,0.0013780276222315265,0.006524274213090787,0.04740972594845973,0.008791638740442394,0.003268809708549203,0.44013060480284855
254,0.010835360890082633,0.015021750324887288,0.011802803826697154,0.01101595023825068,0.011395810591293803,0.006676333477727683,0.016120902787683918,0.666991636762734,0.01066059700475872,0.10693703188791052,0.041512822937853466,0.009865030064105084,0.00806045139384196,0.011395810591293803,0.0059545676963517185,0.0045583242365175225,0.005697905295646902,0.020389127306480098,0.016523925357376016,0.00858385732850702
255,0.004164786830862405,0.005460498289352932,0.005714474953973999,0.006527374321053597,0.00434906943399791,0.497127681085881,0.0067321211786542995,0.0067321211786542995,0.00832957366172481,0.002507371663478387,0.008473187000720065,0.006300574949253383,0.0067321211786542995,0.014892268061871631,0.019788523650621698,0.002264722792819188,0.004095373717014699,0.37672309102623375,0.007800711841932758,0.005284353183244773
256,0.19908800911117652,0.6913796426410194,0.008234052280857225,0.041094327215509804,0.0038748481321681056,0.002670503442440181,0.0040330051987872125,0.0043914945497905205,0.003466969381413568,0.0014638315165968398,0.005341006884880362,0.006374750152921722,0.0020165025993936062,0.003952345094811468,0.001733484690706784,0.0011742340053895193,0.0018082297509731484,0.00921524152440449,0.004296027276968987,0.0043914945497905205
257,0.012689189509456222,0.040995843030550864,0.019738739236931906,0.022206081641548393,0.009614777969254808,0.009516892132092166,0.021317838375886453,0.08586643760595387,0.029608108855397854,0.00783744057937002,0.038067568528368664,0.025378379018912448,0.014024893668346352,0.040995843030550864,0.008327280615580647,0.00783744057937002,0.012112408168117305,0.5351773359730763,0.033309122462322586,0.025378379018912448
258,0.5639360718899139,0.014736969860921297,0.10972070780308209,0.014736969860921297,0.011200097094300185,0.007567633171824451,0.019310512231552047,0.014359098838846394,0.025454766123409515,0.00691364018166678,0.02333353561312539,0.009491607707034057,0.006747046442349508,0.016470731021029687,0.008000069353071562,0.06921305422169535,0.019670351068131295,0.024777865295599735,0.020000173382678902,0.014359098838846394
259,0.003425808581602092,0.006988649506468267,0.008319820841033651,0.008735811883085335,0.005823874588723557,0.0041599104205168255,0.003176658866576485,0.25251827554008044,0.0035656375033001363,0.17549352025734827,0.4638994700143106,0.005459882426928333,0.004396954383226749,0.002607705039726965,0.0016328620342215573,0.002105014911586827,0.0027732736136778834,0.03423976617492617,0.004853228823936295,0.005823874588723557
260,0.004828080346093144,0.009875618889735973,0.21787214568923477,0.005002654426865361,0.010345886455913882,0.004332861063788491,0.013578975973386968,0.016712585813399346,0.027157951946773937,0.003621060259569858,0.012780212680834792,0.014484241038279432,0.009875618889735973,0.03103765936774164,0.007242120519139716,0.004828080346093144,0.00557086193779978,0.004433951338248806,0.012780212680834792,0.5836392203365303
261,0.007387884077547799,0.4365168475710507,0.01074601320370589,0.03285246976504485,0.0726651772657192,0.00622137606530341,0.009850512103397066,0.014775768155095596,0.007880409682717651,0.028472140463038864,0.19412823042981042,0.005628864059084036,0.004925256051698532,0.02372678371919906,0.004221648044313028,0.005024495375830388,0.003693942038773899,0.0059103072620382375,0.006953302661221457,0.11841857200541
262,0.007520287982415855,0.007900620295521568,0.010395553020423116,0.02194616748755991,0.009875775369401957,0.010973083743779956,0.31667769402540374,0.02194616748755991,0.01234471921175245,0.007315687146181493,0.015193500568310706,0.00940550035181139,0.1979796200362547,0.014108250527717085,0.0038728530860399836,0.0145265328640998,0.28277942468221845,0.004937887684700978,0.01795595521709447,0.01234471921175245
263,0.16227084248481902,0.37715117872925163,0.003936897393854128,0.05378486100398587,0.0027358100533562586,0.03217079020013581,0.00448368869855609,0.00448368869855609,0.003164956728392534,0.0049102785042312545,0.004247705082842611,0.029154778618873077,0.0840343619014577,0.13690069960166487,0.0017934754794224359,0.08171858041231404,0.0025447101380640675,0.0015520460879617235,0.0037537858871632378,0.005206864295097395
264,0.005500983398567982,0.023696543870754386,0.012322202812792282,0.010859058230338888,0.014002503196354866,0.3094854851594464,0.025671255859983918,0.019253441894987938,0.008557085286661307,0.0034228341146645223,0.009335002130903243,0.012322202812792282,0.007001251598177432,0.010622588631717486,0.0029061799086774246,0.004667501065451622,0.004667501065451622,0.16622663560894896,0.3289427386653404,0.020537004687987134
265,0.009343761289169554,0.017441687739783166,0.02012502431513442,0.0523250632193495,0.013081265804837375,0.010062512157567212,0.02012502431513442,0.010836452716770665,0.023784119645158863,0.0104650126438699,0.01635158225604672,0.010288368744571851,0.00726736989157632,0.023784119645158863,0.006884876739388092,0.4101510917356269,0.26215393005340226,0.01635158225604672,0.021802109674728957,0.03737504515667821
266,0.014346341617273039,0.023056620456331667,0.02934478967169485,0.012415103322640128,0.01574598470188504,0.01344969526619347,0.032279268638864336,0.028068929251186373,0.01574598470188504,0.007173170808636517,0.017448253318305046,0.030742160608442218,0.019191465028845552,0.023910569362121725,0.009781596557231615,0.6488696138503618,0.008966463510795646,0.012911707455545733,0.016989088757297013,0.01956319311446323
267,0.0057957676440593625,0.007381619450737679,0.008065102733213389,0.009266288246670702,0.008375298992183136,0.4380532460231078,0.012097654099820084,0.013197440836167368,0.011770690475500624,0.005184708899922894,0.011770690475500624,0.012443301359814946,0.012443301359814946,0.016750597984366275,0.008486743393347564,0.004839061639928034,0.009073240574865063,0.37918140725174804,0.016750597984366275,0.009073240574865063
268,0.009152356497578566,0.010628543029446076,0.01830471299515713,0.019381460818401666,0.017509356012666615,0.017341307048043597,0.014976583359674016,0.029953166719348032,0.014976583359674016,0.004706926198754691,0.02059280211955177,0.01830471299515713,0.005314271514723038,0.02059280211955177,0.00716271378071366,0.3305884938114338,0.006101570998385711,0.011361545996994082,0.016474241695641417,0.4065758489291033
269,0.0036928500374536787,0.009320050094525951,0.010873391776946942,0.013980075141788924,0.015055465537311151,0.004660025047262976,0.00559203005671557,0.009786052599252248,0.005436695888473471,0.0036244639256489803,0.007828842079401798,0.007828842079401798,0.19632725214958133,0.33965441713814737,0.0032085418358204095,0.003495018785447231,0.3384116899297407,0.00444820572693284,0.006990037570894464,0.009786052599252248
270,0.016659012401630865,0.034877999355276634,0.03516902618122072,0.024347787356229725,0.019782577226936653,0.007360958968162474,0.06330424712619727,0.31744254106734276,0.013761792853521148,0.016918432523081953,0.012660849425239457,0.015826061781549317,0.009591552594878375,0.031652123563098634,0.007536219895975867,0.0064596170536936,0.007913030890774659,0.28620005323642206,0.019782577226936653,0.05275353927183107
271,0.003333282668569597,0.004492685335898152,0.004492685335898152,0.007948597132742884,0.005166588136282876,0.0038271023231725002,0.007948597132742884,0.6689970743049376,0.0064582351703535955,0.10351514244684779,0.11918037819073453,0.0057406534847587514,0.004920560129793215,0.0074487736369209115,0.0019135511615862506,0.0025832940681414377,0.008276415152134346,0.018621934092302273,0.0057406534847587514,0.00939379661142341
272,0.007902586600970662,0.010402994979886667,0.10408280035807248,0.030755624667175827,0.010402994979886667,0.020671345445878418,0.01733832496647778,0.0061194088116980384,0.011558883310985184,0.0069353299865911105,0.02080598995977333,0.20485438109924278,0.00866916248323889,0.011558883310985184,0.004953807133279364,0.0038529611036617274,0.0074307106999190456,0.003467664993295555,0.009457268163533332,0.498778876945448
273,0.08019789336976658,0.10663431805398327,0.01688376702521402,0.020852119149309335,0.02532565053782103,0.03732201131889415,0.11480961577145533,0.06085551113065203,0.14077225875089103,0.027627982404895658,0.018994237903365768,0.050947100435168306,0.036837309873194224,0.050651301075642044,0.07746325661021791,0.07367461974638846,0.011859415263336394,0.018182518334845865,0.008782249634161977,0.021326863610796654
274,0.0661465250720394,0.08042987640613997,0.006693884250605349,0.00723477617975431,0.050056190842298495,0.016596920370206433,0.05787820943803448,0.04766440777249898,0.01929273647934483,0.10786393577088245,0.131833699275523,0.07441484070604436,0.02195380357994411,0.05064343325828018,0.03089651328131013,0.0746104659797524,0.019731207762966302,0.09646368239672413,0.011631911716323707,0.02796297946132697
275,0.16846975836003691,0.015119080878464851,0.029905790142212077,0.042901933998385475,0.00910176221719498,0.2097928917122608,0.03489008849924742,0.019030957363225864,0.009515478681612934,0.004757739340806467,0.013956035399698969,0.05815031107101864,0.009968596714070693,0.06479606090770648,0.017441730067096567,0.0713956597038618,0.010799343484617752,0.1799476282898988,0.016103117768883422,0.013956035399698969
276,0.021705605018574377,0.034021324480524105,0.0054771449049212766,0.004279019456969747,0.003912246360658054,0.004149352200697937,0.0609381959077623,0.5317418362009944,0.009865857596040336,0.010666144972272421,0.027625315478185572,0.0649091059167894,0.0022447315184103587,0.04185653860331148,0.13740784968360895,0.025496880256752338,0.0016904768225065668,0.003112014150523452,0.0054771449049212766,0.003423215565575797
277,0.00621692974388934,0.24642023172002045,0.028494261326159474,0.012664116144959768,0.024423652565279553,0.008548278397847843,0.026302395070301052,0.12321011586001021,0.020113596230230218,0.02634518297287083,0.012664116144959768,0.028494261326159474,0.007951886881718925,0.013677245436556549,0.006704532076743406,0.004884730513055911,0.01680137943545594,0.3431740828626236,0.02279540906092758,0.020113596230230218
278,0.01679278365469228,0.03769408594156951,0.03134652948875893,0.027658702490081406,0.021372633742335632,0.012373630061352208,0.024747260122704416,0.4720551104561426,0.015167675559076901,0.18648463711295704,0.013379475340304934,0.01679278365469228,0.013829351245040705,0.024747260122704416,0.0068144629323388965,0.007836632372189732,0.008106861074679032,0.019263278116214096,0.026122107907299106,0.01741473860486607
279,0.007494650400110833,0.012848154598878087,0.020557047358204936,0.009344112435547699,0.010632955530106002,0.3094117711620959,0.017130872798504112,0.01622924791437232,0.012334228414922965,0.00489453508528689,0.012848154598878087,0.014683605255860668,0.007341802627930334,0.019272231898317126,0.004158907437989306,0.004166969059095595,0.011012703941895503,0.4748024784446961,0.015417785518653705,0.015417785518653705
280,0.010167952546590527,0.027730779672519624,0.022595450103534503,0.027730779672519624,0.019679908154691342,0.009839954077345671,0.016879213036180306,0.09666928775103976,0.016488571697173826,0.6136391111239236,0.016946587577650878,0.020335905093181054,0.006040367849459718,0.012450554138682278,0.005701655633602165,0.006162395482782137,0.008971722835226936,0.012450554138682278,0.027730779672519624,0.021788469742693984
281,0.015179903152781515,0.027829822446766107,0.01964458055065843,0.02903981472706029,0.014519907363530146,0.013914911223383059,0.02473761995268099,0.023854133525799525,0.01964458055065843,0.00967993824235343,0.017576729966378598,0.0171260445826253,0.020239870870375352,0.0171260445826253,0.007339733392553701,0.0055659644893532225,0.012143922522225214,0.009276607482255372,0.023854133525799525,0.6717057368501365
282,0.004063987562339581,0.5696206158563939,0.007006875107482036,0.022577708679664334,0.0135466252077986,0.2036787457581026,0.018472670737907183,0.011288854339832169,0.011952904595116413,0.004838080431356643,0.02902848258813986,0.018472670737907183,0.007257120647034965,0.0203199378116979,0.0053473520557099745,0.006108955225900644,0.004725566932953001,0.01793414920637015,0.01563072139361377,0.008127975124679162
283,0.020975732047086543,0.021631223673557996,0.019227754376495997,0.027687966302154234,0.0173049789388464,0.0173049789388464,0.012585439228251928,0.013311522260651076,0.013572532501055999,0.009107883652024423,0.024721398484066282,0.6963544030065539,0.014727641650082043,0.020358798751583997,0.010031871848606608,0.008240466161355429,0.009613877188247999,0.011934468233687174,0.020975732047086543,0.010331330709759043
284,0.0035526897767531244,0.011842299255843751,0.016579218958181242,0.0073309651763593395,0.011842299255843751,0.24959407209934026,0.01776344888376562,0.01912986802867067,0.00777150888664746,0.0038857544433237297,0.010812534103161683,0.010812534103161683,0.006908007899242187,0.011842299255843751,0.010520818680612045,0.004362952357416117,0.004876240870053308,0.2257754176226418,0.3523626561245027,0.012434414218635937
285,0.03211414541909709,0.02995775340032585,0.020739983123302514,0.020739983123302514,0.010201651200326055,0.01348098903014663,0.03594930408039101,0.09151377235282632,0.03171997418858031,0.008048351659789033,0.019258555757352327,0.024510889145721148,0.01283903717156822,0.02995775340032585,0.00781506610443283,0.010573324729526769,0.013826655415535006,0.5415019384284269,0.020739983123302514,0.024510889145721148
286,0.015855526844074336,0.0167930303627682,0.01728694302049668,0.015467264807812818,0.014693901567422176,0.009479936495111082,0.022606002411418736,0.14144256270988637,0.0167930303627682,0.005011289426626857,0.012737653766641955,0.032653114594271504,0.00794264949590388,0.020267450437823693,0.008163278648567876,0.006604000704459407,0.007633195619440091,0.5913331608538458,0.015467264807812818,0.02176874306284767
287,0.05640981351270876,0.1066236704199111,0.0014237636830791132,0.005276428134692145,0.0013488287523907387,0.024985439108395156,0.022160998165707012,0.051259259032040844,0.012311665647615004,0.03077916411903751,0.06015128073549047,0.12123653644265317,0.019522784098360935,0.06547567639867982,0.10325010509022585,0.0417550851391727,0.07814342424728943,0.02692980570852478,0.07386999388569004,0.09708627767833548
288,0.021133511635410312,0.0029405378501213006,0.004143485152443651,0.004662377491776352,0.0020717425762218256,0.11002844153039021,0.06827749912978719,0.002762323434962434,0.09131897171870632,0.0016277977384600059,0.0032555954769200117,0.2723890441147617,0.17648336032377734,0.013166611216462704,0.05693523125118248,0.151990507923355,0.006972260556108649,0.001787385752034516,0.0032555954769200117,0.004797719650197913
289,0.013993428782128234,0.023681187169755476,0.023681187169755476,0.04736237433951095,0.01759173904038978,0.06095019291046975,0.010093620760879383,0.012278980180866825,0.01620291753720111,0.007696385830170529,0.017103079622601172,0.6194713066747358,0.007418203209802918,0.030785543320682115,0.007696385830170529,0.030349524928914236,0.00655011560014513,0.010994836900243613,0.02677003767015836,0.009328952521418823
290,0.007797260783840212,0.01539959004808442,0.01539959004808442,0.01579445133136863,0.012832991706737015,0.6198267872727338,0.020532786730779223,0.02281420747864358,0.018117164762452256,0.00699981365822019,0.019249487560105524,0.021240813859426784,0.009058582381226128,0.018117164762452256,0.00596377089132853,0.007246865904980902,0.007797260783840212,0.10741269845600199,0.017599531483525048,0.03079918009616884
291,0.0725167305118626,0.01581999965777917,0.010580514293002333,0.05788616207525874,0.01417620295720622,0.041539571455999624,0.0068773342904515184,0.029807810355291967,0.0037174779948386583,0.0019649526544147193,0.0661556138002957,0.018901603942941627,0.0034386671452257584,0.34947422072764905,0.021249667854742756,0.13796874875831552,0.130657337255584,0.005725005040410204,0.005290257146501167,0.006252122082228652
292,0.007608179898553383,0.012257623169891565,0.011031860852902406,0.016972093619849856,0.36038228347102214,0.010028964411729461,0.03490165870966486,0.010028964411729461,0.011031860852902406,0.0040115857646917845,0.011612485108318325,0.012257623169891565,0.007879900609216004,0.013789826066128007,0.005963168028595896,0.005515930426451205,0.014709147803869877,0.008171748779927709,0.2206372170580481,0.22120787778661605
293,0.009646027455017784,0.015658929203461392,0.013701563053028713,0.016441875663634458,0.0064476393046715,0.0058720984512980225,0.011744196902596041,0.46004346771189897,0.01494715969421314,0.005059038665733679,0.020552344579543073,0.020552344579543073,0.010276172289771537,0.013701563053028713,0.004765761061923032,0.005480625221211487,0.007829464601730696,0.33015340165523377,0.012179167158247746,0.01494715969421314
294,0.015542410046718195,0.016456669461231033,0.024327250507906743,0.03108482009343639,0.023313615070077297,0.04273029176878469,0.025433034621902502,0.03132615281265061,0.020723213395624263,0.009172569863636968,0.018049250376834036,0.04809644643080927,0.020723213395624263,0.02664413150865977,0.009952870838294006,0.5618814716387353,0.00948350443528568,0.009647013132445778,0.024327250507906743,0.03108482009343639
295,0.47585497246328134,0.019727896081195354,0.16043113789875366,0.016326534687885808,0.022546166949937545,0.006070121871137033,0.02959184412179303,0.023673475297434424,0.020585630693421234,0.008306482560503306,0.02959184412179303,0.03642073122682219,0.0062298619203774806,0.014347560786323894,0.008163267343942905,0.06700563524890313,0.011469258905252081,0.006763850084981264,0.022546166949937545,0.014347560786323894
296,0.01424703885853064,0.023960928989346982,0.0329462773603521,0.021085617510625345,0.025101925607887317,0.012857083847942282,0.031008261045037275,0.5291936428311873,0.04054926444351028,0.009584371595738793,0.02493255501836331,0.021964184906901402,0.012259079948037991,0.01700453025050431,0.008236569340088026,0.00908862823733851,0.07596295648932623,0.03452861658605739,0.027744233566612292,0.027744233566612292
297,0.010061117719256813,0.04005107474407837,0.018533637903894132,0.032012647288544416,0.016768529532094685,0.007655198264651924,0.023475941344932565,0.048165263441598244,0.017606956008699423,0.007655198264651924,0.019563284454110475,0.07785293281110092,0.010061117719256813,0.022008695010874282,0.008588759028633864,0.2442251919302776,0.35322577444074266,0.0071865126566120095,0.016768529532094685,0.018533637903894132
298,0.006360686848094662,0.009126202869005385,0.009541030272141992,0.009126202869005385,0.014993047570508847,0.009541030272141992,0.2533796039264777,0.009541030272141992,0.37609212755348614,0.002306622703155207,0.007774172814337921,0.01894544465192527,0.0031328756117481172,0.21054619052247647,0.008601109101154032,0.0041980533197424775,0.006360686848094662,0.011047508736164413,0.008396106639484955,0.020990266598712386
299,0.024861877130083778,0.05627273652857986,0.01377599336393046,0.00929078622218566,0.011414394501542378,0.4017123480661299,0.017369730763216667,0.01377599336393046,0.010513258093525876,0.007690607325572581,0.019889501704067027,0.011097327987610648,0.007682765529884293,0.02102651618705175,0.0035309308066258276,0.017132541071820103,0.011384122685880465,0.2761425421203171,0.04806629578482863,0.017369730763216667
300,0.006416615067629372,0.06659405908026157,0.008137600104193682,0.013528335702796561,0.007120400091169471,0.00508600006512105,0.1347489164202168,0.12109304332756968,0.28666266650687566,0.00684438940547133,0.003516246958602208,0.08505938892561263,0.0060599149712080615,0.029333097452019983,0.1442507779153436,0.0038024385585951836,0.01715132093246727,0.04227416985732291,0.005373886861259979,0.0069467317962629005
301,0.004524322298776077,0.031844268487539316,0.011956260347416972,0.005978130173708486,0.18398910681689382,0.003887403153940816,0.011252950915215974,0.03066485113614897,0.01599186214926693,0.02874829794013966,0.2905606293023329,0.017998934362522218,0.024531880908919175,0.004665857696552965,0.19216888903087692,0.06257986458971135,0.003797940278330377,0.04691722223830792,0.013415872372065178,0.01452545580133372
