site,A,C,D,E,F,G,H,I,K,L,M,N,P,Q,R,S,T,V,W,Y
207,0.00312,0.03669,0.00482,0.00422,0.10400,0.00238,0.00507,0.07604,0.00379,0.61951,0.00504,0.00489,0.00268,0.00405,0.00179,0.00208,0.01000,0.10067,0.00441,0.00475
208,0.03598,0.25893,0.00234,0.00166,0.00167,0.00080,0.00199,0.14579,0.00182,0.10806,0.06778,0.00205,0.00096,0.00172,0.00064,0.00069,0.01973,0.34396,0.00153,0.00189
209,0.14182,0.19220,0.00627,0.00421,0.00580,0.00360,0.00376,0.00790,0.00318,0.00216,0.00451,0.00570,0.00459,0.00334,0.00188,0.30933,0.26744,0.01688,0.01009,0.00531
210,0.00602,0.02238,0.01361,0.00774,0.00901,0.00526,0.01979,0.00756,0.00658,0.00322,0.00778,0.00822,0.00523,0.00961,0.00405,0.00290,0.00417,0.00499,0.00927,0.84259
211,0.16436,0.11478,0.02232,0.01009,0.01539,0.10559,0.04545,0.01816,0.00259,0.03289,0.08270,0.13813,0.00114,0.04562,0.00593,0.06810,0.03086,0.06862,0.00853,0.01874
212,0.00396,0.00795,0.01364,0.00791,0.00894,0.78504,0.01113,0.00936,0.00553,0.00322,0.00694,0.00859,0.00422,0.00586,0.00396,0.00297,0.00328,0.04520,0.05257,0.00976
213,0.06439,0.03468,0.00150,0.00112,0.02792,0.37587,0.06698,0.00165,0.01389,0.02047,0.01422,0.03623,0.14019,0.00893,0.03046,0.03949,0.02944,0.00418,0.00883,0.07957
214,0.00283,0.06989,0.00568,0.00459,0.00545,0.00515,0.00566,0.00554,0.00362,0.06851,0.00395,0.00512,0.00312,0.00433,0.00148,0.00166,0.00219,0.00267,0.79191,0.00663
215,0.01761,0.01756,0.00606,0.00331,0.00435,0.01319,0.00469,0.00612,0.37217,0.00442,0.05282,0.00494,0.00185,0.04657,0.38712,0.02432,0.01033,0.01418,0.00363,0.00477
216,0.00378,0.15483,0.00464,0.00366,0.10288,0.00197,0.00563,0.00512,0.00333,0.37702,0.30940,0.00453,0.00641,0.00389,0.00148,0.00119,0.00251,0.00187,0.00235,0.00348
217,0.01634,0.00675,0.39314,0.22741,0.02145,0.01263,0.01902,0.00872,0.00710,0.00600,0.01053,0.00601,0.00409,0.01522,0.00603,0.03071,0.00600,0.00363,0.08827,0.11094
218,0.46245,0.03401,0.00689,0.01435,0.00604,0.03714,0.04611,0.00724,0.00578,0.00221,0.00705,0.00490,0.00371,0.01751,0.01805,0.12683,0.11833,0.05657,0.00806,0.01677
219,0.03097,0.05893,0.01219,0.06297,0.03541,0.00161,0.03978,0.08579,0.05459,0.08166,0.08027,0.06208,0.00020,0.09384,0.06873,0.02899,0.07321,0.07894,0.03179,0.01807
220,0.00706,0.09765,0.00846,0.01873,0.00876,0.00416,0.00922,0.00924,0.00726,0.10040,0.00840,0.00689,0.00623,0.01013,0.00467,0.00340,0.00435,0.00497,0.61885,0.06117
221,0.00808,0.01986,0.66110,0.01164,0.01149,0.00838,0.00951,0.01317,0.02088,0.00701,0.02005,0.00862,0.00718,0.02405,0.00691,0.00483,0.00753,0.00623,0.02698,0.11647
222,0.00247,0.00766,0.00184,0.00370,0.16751,0.10373,0.17397,0.00207,0.02951,0.00462,0.19154,0.06060,0.00374,0.05083,0.01828,0.02974,0.03270,0.03153,0.00407,0.07988
223,0.07295,0.09751,0.02789,0.05134,0.08242,0.03309,0.05862,0.05948,0.00210,0.07848,0.07353,0.03256,0.00112,0.03366,0.00067,0.04114,0.06475,0.05725,0.05481,0.07664
224,0.01296,0.00625,0.00904,0.02792,0.00737,0.03385,0.01166,0.03146,0.00841,0.00299,0.00725,0.27177,0.00430,0.05458,0.01793,0.34670,0.12880,0.00326,0.00623,0.00728
225,0.02320,0.04995,0.13375,0.44966,0.00841,0.00443,0.06002,0.00775,0.01807,0.00253,0.00831,0.02505,0.02549,0.07385,0.00356,0.02087,0.00683,0.02531,0.01048,0.04251
226,0.01394,0.01491,0.01554,0.01762,0.01425,0.00996,0.03246,0.02413,0.03431,0.00592,0.02154,0.02221,0.01241,0.02199,0.00864,0.00854,0.00913,0.67143,0.02369,0.01737
227,0.00838,0.02564,0.02671,0.00833,0.02603,0.01094,0.02599,0.01753,0.00609,0.00318,0.00983,0.01174,0.00353,0.75127,0.01167,0.00550,0.00501,0.00812,0.01596,0.01854
228,0.05712,0.01872,0.02510,0.04064,0.02455,0.01517,0.02278,0.04468,0.03290,0.48514,0.05737,0.01295,0.03407,0.04395,0.00986,0.00770,0.01179,0.00840,0.03005,0.01705
229,0.02604,0.03153,0.06799,0.04382,0.06398,0.01201,0.10843,0.02882,0.00177,0.12945,0.12869,0.08571,0.01796,0.07674,0.01187,0.01383,0.02371,0.01105,0.01667,0.09993
230,0.32882,0.09376,0.03694,0.01198,0.02360,0.00441,0.04509,0.02765,0.01315,0.00940,0.01799,0.02397,0.00641,0.01225,0.00705,0.00877,0.04763,0.24203,0.01838,0.02073
231,0.00988,0.06639,0.00576,0.00416,0.04811,0.00220,0.01169,0.22586,0.00799,0.39372,0.01275,0.00930,0.00889,0.01841,0.00382,0.00344,0.00716,0.13514,0.00591,0.01942
232,0.13418,0.13036,0.00351,0.00901,0.00450,0.01053,0.06086,0.06393,0.00456,0.04069,0.03466,0.00337,0.09683,0.08979,0.00183,0.12332,0.07209,0.09891,0.01298,0.00410
233,0.00818,0.01417,0.01410,0.01462,0.01045,0.00800,0.12515,0.01316,0.01736,0.01462,0.01825,0.01213,0.58868,0.01687,0.00585,0.00516,0.07620,0.00859,0.01539,0.01307
234,0.05626,0.02283,0.00571,0.00451,0.01561,0.18633,0.15375,0.00667,0.05658,0.00263,0.00756,0.11153,0.00708,0.01092,0.19359,0.05244,0.00695,0.05309,0.03342,0.01253
235,0.08706,0.02134,0.24114,0.13579,0.00335,0.08249,0.04477,0.00367,0.05323,0.01140,0.00860,0.08053,0.00224,0.05435,0.01536,0.06200,0.04850,0.03766,0.00348,0.00302
236,0.06081,0.08482,0.03523,0.03483,0.02823,0.03872,0.07155,0.03962,0.05790,0.07039,0.04966,0.07779,0.05327,0.04507,0.02277,0.05168,0.07172,0.04548,0.00795,0.05253
237,0.05538,0.12410,0.00600,0.00449,0.03049,0.02046,0.03833,0.05231,0.05579,0.05404,0.03761,0.01590,0.16029,0.10689,0.01106,0.05476,0.11767,0.01909,0.00347,0.03185
238,0.01375,0.07910,0.00071,0.05411,0.04518,0.01080,0.02288,0.14086,0.10372,0.10882,0.04873,0.02298,0.00036,0.07533,0.02596,0.04146,0.10032,0.09936,0.00057,0.00498
239,0.02743,0.06644,0.01215,0.01108,0.00958,0.04720,0.08524,0.00935,0.00889,0.00384,0.01159,0.49666,0.00544,0.01186,0.00484,0.15297,0.00379,0.00692,0.01178,0.01293
240,0.09848,0.05635,0.00207,0.00278,0.00124,0.00163,0.00184,0.14644,0.00318,0.01668,0.06183,0.00161,0.00125,0.00213,0.00088,0.01936,0.31476,0.26267,0.00335,0.00151
241,0.02659,0.02030,0.00958,0.15827,0.01106,0.01554,0.04334,0.00925,0.12452,0.00230,0.01593,0.00719,0.00226,0.51345,0.00485,0.00940,0.00540,0.00457,0.00743,0.00879
242,0.02168,0.01798,0.01765,0.02182,0.03087,0.00805,0.01802,0.01658,0.01279,0.00581,0.01360,0.03627,0.00796,0.01412,0.00532,0.00665,0.69953,0.00936,0.01747,0.01848
243,0.04903,0.07994,0.00704,0.00352,0.08429,0.00306,0.04555,0.07635,0.01900,0.14211,0.10187,0.01870,0.00154,0.08611,0.02556,0.02365,0.11087,0.04764,0.00555,0.06865
244,0.01177,0.02494,0.01646,0.02385,0.02671,0.01243,0.15081,0.02132,0.01843,0.01263,0.02361,0.02508,0.49373,0.01593,0.00727,0.02390,0.01631,0.01205,0.03934,0.02343
245,0.00750,0.01432,0.01626,0.01333,0.01279,0.61588,0.01655,0.01745,0.00996,0.00529,0.01348,0.01496,0.01022,0.01849,0.00877,0.00541,0.00702,0.16250,0.01274,0.01706
246,0.00386,0.09071,0.00268,0.00400,0.12507,0.00185,0.00515,0.08355,0.00242,0.09635,0.00232,0.00263,0.00163,0.00934,0.00150,0.00122,0.05525,0.12773,0.30423,0.07852
247,0.00654,0.00923,0.01322,0.01135,0.64004,0.00517,0.01369,0.01298,0.00981,0.18501,0.01504,0.01343,0.00739,0.01202,0.00423,0.00546,0.00684,0.00553,0.00976,0.01326
248,0.01592,0.10904,0.00162,0.00291,0.00930,0.00070,0.15934,0.08738,0.08744,0.00549,0.07749,0.02875,0.00070,0.02865,0.18976,0.03998,0.00638,0.12565,0.00122,0.02227
249,0.00271,0.11281,0.00535,0.00553,0.00393,0.00237,0.00275,0.01416,0.02700,0.34847,0.30808,0.00289,0.00105,0.00417,0.00132,0.00127,0.14519,0.00225,0.00496,0.00375
250,0.03573,0.07062,0.00726,0.00420,0.00332,0.01485,0.00749,0.02529,0.23196,0.00319,0.02246,0.06126,0.07767,0.12465,0.14989,0.05647,0.03691,0.05932,0.00397,0.00348
251,0.02288,0.02699,0.28530,0.24554,0.01163,0.01854,0.02573,0.00804,0.00635,0.00259,0.00842,0.08068,0.00388,0.03776,0.00291,0.05164,0.05416,0.00522,0.00664,0.09510
252,0.07753,0.10491,0.00538,0.01547,0.09851,0.23709,0.00920,0.00502,0.03641,0.00307,0.03001,0.00572,0.00302,0.04463,0.15241,0.00806,0.01159,0.04122,0.07347,0.03727
253,0.00358,0.03839,0.24473,0.26245,0.00458,0.00210,0.00595,0.01907,0.00795,0.00234,0.01432,0.08881,0.00276,0.03984,0.00195,0.02847,0.07170,0.00530,0.00501,0.15069
254,0.00813,0.01166,0.01043,0.01124,0.01004,0.00587,0.01123,0.63128,0.00923,0.15858,0.04836,0.00874,0.00703,0.00985,0.00495,0.00393,0.01720,0.01156,0.01308,0.00762
255,0.00480,0.00788,0.00779,0.00864,0.00584,0.72780,0.00915,0.00788,0.01082,0.00304,0.01025,0.00777,0.01005,0.01608,0.00952,0.00306,0.00560,0.12835,0.00836,0.00731
256,0.20550,0.72041,0.00716,0.01580,0.00366,0.00236,0.00359,0.00418,0.00374,0.00137,0.00437,0.00480,0.00173,0.00292,0.00162,0.00111,0.00199,0.00464,0.00496,0.00409
257,0.01109,0.02817,0.01931,0.02254,0.01394,0.00963,0.02003,0.04544,0.03711,0.00748,0.03568,0.02203,0.01428,0.03860,0.00989,0.00748,0.01272,0.58711,0.03178,0.02570
258,0.65447,0.01670,0.06711,0.01696,0.01338,0.00685,0.02136,0.01649,0.02227,0.00680,0.02105,0.01531,0.00694,0.02001,0.00754,0.02601,0.01094,0.01489,0.01999,0.01492
259,0.00410,0.00903,0.01090,0.00855,0.00855,0.00635,0.00524,0.43770,0.00640,0.26004,0.15871,0.00798,0.00480,0.00564,0.00220,0.00254,0.00407,0.04308,0.00667,0.00743
260,0.00830,0.01595,0.45169,0.01003,0.01615,0.00754,0.02685,0.02620,0.03052,0.00742,0.02390,0.02497,0.01779,0.06553,0.01372,0.00817,0.01106,0.00823,0.01840,0.20759
261,0.01094,0.35699,0.00932,0.14524,0.07458,0.00589,0.00632,0.00764,0.00620,0.07168,0.10830,0.00755,0.00480,0.03847,0.00508,0.00655,0.00334,0.00413,0.01843,0.10855
262,0.01135,0.02996,0.02055,0.02931,0.02049,0.01413,0.11185,0.02234,0.03223,0.01526,0.01978,0.01919,0.44272,0.03000,0.00724,0.02003,0.10033,0.01039,0.02269,0.02019
263,0.17478,0.38498,0.00322,0.02085,0.00285,0.03980,0.00542,0.00412,0.00387,0.00349,0.01306,0.03246,0.13170,0.08935,0.00185,0.07577,0.00224,0.00146,0.00448,0.00426
264,0.00757,0.02454,0.02443,0.01364,0.01905,0.53683,0.03630,0.02624,0.01265,0.00499,0.01502,0.02767,0.00941,0.01270,0.00428,0.00751,0.00862,0.05940,0.11547,0.03367
265,0.00908,0.02458,0.02889,0.03794,0.01705,0.01165,0.02060,0.01779,0.01849,0.00785,0.01471,0.01158,0.00702,0.03211,0.00658,0.37938,0.27546,0.01688,0.02682,0.03555
266,0.01399,0.01922,0.02076,0.01402,0.01439,0.01231,0.02665,0.02272,0.01715,0.02300,0.02132,0.02257,0.01658,0.02428,0.00914,0.66213,0.01865,0.01032,0.01454,0.01628
267,0.00686,0.01039,0.01038,0.01496,0.01151,0.62498,0.01354,0.01449,0.01954,0.00548,0.02069,0.01424,0.01300,0.02324,0.01484,0.00589,0.01121,0.12999,0.02044,0.01432
268,0.01074,0.01416,0.01931,0.02568,0.02084,0.02662,0.01559,0.02797,0.04694,0.00644,0.02983,0.02410,0.01294,0.02931,0.00927,0.49768,0.00756,0.01351,0.01877,0.14273
269,0.00934,0.01883,0.02448,0.02186,0.02329,0.00977,0.01592,0.02389,0.01776,0.00838,0.02339,0.01981,0.48262,0.12070,0.00786,0.00783,0.11848,0.00894,0.02055,0.01630
270,0.01489,0.02654,0.03879,0.02407,0.02138,0.00852,0.05029,0.35643,0.01740,0.02136,0.01356,0.01673,0.00965,0.03122,0.00746,0.00703,0.00821,0.26268,0.01818,0.04561
271,0.00982,0.00892,0.02496,0.01484,0.01009,0.00730,0.01226,0.23644,0.01928,0.28582,0.12706,0.02705,0.02567,0.03112,0.00581,0.00561,0.01222,0.10453,0.01640,0.01479
272,0.01352,0.03591,0.26331,0.02411,0.01501,0.06386,0.02258,0.01717,0.03202,0.01182,0.02572,0.15672,0.01802,0.02560,0.00879,0.02431,0.01466,0.01038,0.03429,0.18219
273,0.06626,0.07726,0.01385,0.03027,0.02359,0.03837,0.08015,0.03333,0.15319,0.02639,0.02557,0.02897,0.06681,0.07724,0.08699,0.06094,0.02135,0.05451,0.01192,0.02306
274,0.06032,0.07251,0.00800,0.00505,0.05177,0.02830,0.04109,0.08930,0.01154,0.12163,0.14613,0.06914,0.00847,0.07286,0.02761,0.05856,0.03579,0.06172,0.01008,0.02014
275,0.15009,0.05239,0.04355,0.09158,0.01159,0.20544,0.07014,0.01623,0.01117,0.00439,0.01106,0.05564,0.00870,0.03322,0.01423,0.11840,0.00828,0.06289,0.01418,0.01683
276,0.06110,0.06641,0.01147,0.01583,0.00672,0.01723,0.08354,0.18261,0.05287,0.02764,0.03170,0.08129,0.00470,0.03198,0.26153,0.04044,0.00452,0.00437,0.00792,0.00615
277,0.00709,0.20846,0.02903,0.01369,0.02757,0.01129,0.02885,0.06819,0.01803,0.01218,0.02601,0.03546,0.00829,0.01502,0.00770,0.00647,0.01450,0.41652,0.02287,0.02276
278,0.01519,0.04614,0.02321,0.02671,0.01618,0.01055,0.01850,0.44346,0.01362,0.25711,0.01232,0.01338,0.01092,0.01791,0.00553,0.00745,0.00748,0.01802,0.01879,0.01753
279,0.01022,0.01947,0.02432,0.02560,0.01675,0.51634,0.02370,0.01958,0.01800,0.00720,0.02531,0.02197,0.01119,0.02083,0.00627,0.00781,0.01210,0.16428,0.02013,0.02892
280,0.01001,0.02203,0.02470,0.02403,0.01492,0.01073,0.03460,0.04369,0.01608,0.66052,0.01880,0.02371,0.00602,0.01386,0.00600,0.00578,0.00885,0.01603,0.02135,0.01829
281,0.01254,0.01909,0.01862,0.02382,0.01537,0.01432,0.02161,0.02095,0.01834,0.00839,0.01912,0.01461,0.01489,0.01718,0.00820,0.00593,0.01331,0.00886,0.02874,0.69613
282,0.00929,0.20692,0.05274,0.03193,0.02419,0.40664,0.02945,0.01866,0.02025,0.00781,0.03738,0.01968,0.01148,0.03912,0.00978,0.00758,0.00944,0.01151,0.02470,0.02143
283,0.01634,0.01952,0.01984,0.02789,0.01587,0.01810,0.01435,0.01178,0.01243,0.00845,0.01926,0.70760,0.01287,0.02418,0.00957,0.00715,0.00846,0.01149,0.02381,0.01105
284,0.00776,0.01896,0.02636,0.01316,0.01988,0.50826,0.02853,0.03213,0.01526,0.00673,0.01646,0.02385,0.01354,0.01487,0.01550,0.00696,0.00950,0.07957,0.12356,0.01916
285,0.01701,0.02129,0.02443,0.03204,0.01171,0.01104,0.02842,0.04152,0.03165,0.00748,0.02696,0.02970,0.01648,0.02478,0.00859,0.01032,0.01458,0.59480,0.02219,0.02503
286,0.02441,0.01625,0.01775,0.01279,0.01342,0.00729,0.02060,0.17535,0.01488,0.00401,0.02053,0.02147,0.00902,0.01675,0.00710,0.00655,0.00742,0.56581,0.01604,0.02258
287,0.04863,0.10544,0.00142,0.00584,0.00329,0.04358,0.02489,0.05034,0.00933,0.03586,0.06327,0.08932,0.02294,0.11094,0.09443,0.04565,0.08788,0.03798,0.04739,0.07159
288,0.09410,0.00424,0.00490,0.00445,0.00304,0.11730,0.05701,0.00331,0.13341,0.00173,0.00377,0.09254,0.16737,0.03504,0.09705,0.15541,0.01272,0.00216,0.00528,0.00515
289,0.01048,0.01991,0.03339,0.02968,0.01398,0.07420,0.00957,0.01135,0.01450,0.00679,0.01837,0.63478,0.00743,0.02854,0.00723,0.02728,0.00617,0.00956,0.02682,0.00995
290,0.00807,0.01445,0.01613,0.01496,0.01489,0.69067,0.02188,0.02199,0.01746,0.00633,0.02182,0.01938,0.01027,0.01778,0.00604,0.00685,0.00873,0.04047,0.01551,0.02633
291,0.08474,0.02611,0.00992,0.06501,0.00703,0.02885,0.00600,0.01271,0.00358,0.00233,0.04417,0.01232,0.00253,0.42769,0.00971,0.13063,0.11039,0.00603,0.00462,0.00564
292,0.00809,0.01786,0.00940,0.01460,0.48772,0.01009,0.02224,0.01087,0.01229,0.00369,0.01265,0.00940,0.00591,0.01197,0.00635,0.00435,0.01130,0.00713,0.09465,0.23945
293,0.00809,0.01351,0.01393,0.01655,0.01453,0.00579,0.01835,0.34547,0.01742,0.00481,0.01864,0.01984,0.00880,0.01747,0.00543,0.00579,0.00863,0.41862,0.01580,0.02254
294,0.01497,0.01662,0.02811,0.02569,0.02078,0.03180,0.02823,0.01641,0.02089,0.00921,0.01962,0.02861,0.01683,0.02733,0.00804,0.61083,0.00877,0.01229,0.02599,0.02897
295,0.60089,0.02042,0.06130,0.01912,0.02335,0.00690,0.02381,0.03281,0.01873,0.00926,0.02821,0.02763,0.00654,0.01981,0.00846,0.02663,0.00864,0.00791,0.02161,0.02799
296,0.01466,0.02381,0.02598,0.02731,0.02452,0.01542,0.02388,0.57948,0.02738,0.01112,0.02110,0.02618,0.01325,0.02293,0.00787,0.00920,0.03998,0.03098,0.02605,0.02889
297,0.01743,0.02226,0.01651,0.02802,0.01347,0.00758,0.02195,0.05601,0.01960,0.00757,0.01673,0.04287,0.00889,0.01826,0.00639,0.30755,0.34952,0.00891,0.01456,0.01590
298,0.01291,0.01674,0.03763,0.01762,0.03293,0.01225,0.08866,0.02770,0.13186,0.00410,0.01593,0.02702,0.00710,0.47960,0.01204,0.00959,0.00968,0.01186,0.02069,0.02409
299,0.02257,0.04093,0.01367,0.01111,0.01658,0.52781,0.05254,0.01909,0.02327,0.00735,0.01825,0.02028,0.01073,0.01997,0.01240,0.01988,0.01165,0.09584,0.03749,0.01860
300,0.00992,0.03869,0.00916,0.00891,0.00797,0.00415,0.12160,0.07051,0.32281,0.01274,0.00440,0.03070,0.00591,0.03271,0.24404,0.00714,0.01402,0.03153,0.01563,0.00745
301,0.01998,0.10102,0.01215,0.00851,0.16044,0.00409,0.01371,0.04639,0.01708,0.02399,0.09946,0.01429,0.03607,0.00659,0.30079,0.02245,0.00713,0.05818,0.01810,0.02959
302,0.02727,0.07010,0.03489,0.04367,0.04885,0.03314,0.02465,0.13104,0.01774,0.05336,0.09250,0.03188,0.01460,0.06673,0.02218,0.04973,0.05893,0.10453,0.02204,0.05217
303,0.09468,0.07418,0.07259,0.09162,0.05027,0.00604,0.03248,0.05296,0.00401,0.06001,0.04135,0.04577,0.09587,0.04846,0.01254,0.04808,0.04671,0.04892,0.04294,0.03052
304,0.03933,0.04779,0.05321,0.07001,0.06130,0.05477,0.03047,0.06261,0.01060,0.06184,0.07832,0.03031,0.04808,0.05063,0.01402,0.05284,0.06004,0.07280,0.06413,0.03690
305,0.07001,0.04610,0.06464,0.06228,0.03315,0.02679,0.03820,0.01937,0.03307,0.06361,0.08993,0.04058,0.04871,0.05305,0.03643,0.07306,0.06123,0.03085,0.02844,0.08049
306,0.09714,0.09410,0.00795,0.01303,0.04568,0.02670,0.05224,0.05152,0.02741,0.05485,0.07948,0.01906,0.13231,0.03297,0.00904,0.05165,0.07231,0.06388,0.01425,0.05444
307,0.04964,0.10486,0.00704,0.01392,0.02689,0.03302,0.06438,0.05449,0.01490,0.04795,0.08768,0.03685,0.05185,0.04398,0.01852,0.05790,0.12153,0.10128,0.01143,0.05188
308,0.08687,0.04793,0.06360,0.04535,0.02932,0.02156,0.09758,0.04017,0.00608,0.03854,0.05765,0.15387,0.04164,0.07779,0.01887,0.04906,0.04501,0.03484,0.00873,0.03555
