site,A,C,D,E,F,G,H,I,K,L,M,N,P,Q,R,S,T,V,W,Y
207,0.00341,0.04448,0.00556,0.00447,0.00403,0.00259,0.00540,0.09650,0.00417,0.67508,0.00511,0.00513,0.00284,0.00407,0.00181,0.00201,0.01344,0.11015,0.00456,0.00518
208,0.04185,0.25154,0.00223,0.00155,0.00156,0.00073,0.00201,0.14064,0.00172,0.11473,0.06956,0.00186,0.00095,0.00170,0.00059,0.00065,0.02053,0.34238,0.00149,0.00174
209,0.13984,0.18631,0.00605,0.00394,0.00586,0.00309,0.00354,0.00671,0.00283,0.00209,0.00393,0.00550,0.00457,0.00282,0.00171,0.29800,0.29052,0.01878,0.00856,0.00535
210,0.00551,0.01387,0.01343,0.00742,0.00866,0.00483,0.01500,0.00724,0.00628,0.00328,0.00748,0.00827,0.00535,0.00924,0.00412,0.00286,0.00386,0.00461,0.00893,0.85975
211,0.16962,0.10575,0.02573,0.01259,0.01382,0.11153,0.04437,0.01960,0.00301,0.03447,0.07326,0.15508,0.00098,0.05604,0.00779,0.06661,0.01691,0.06475,0.00621,0.01187
212,0.00406,0.00853,0.01435,0.00775,0.00989,0.86704,0.01185,0.01003,0.00588,0.00360,0.00756,0.01016,0.00467,0.00629,0.00310,0.00324,0.00372,0.00344,0.00463,0.01022
213,0.06419,0.03869,0.00138,0.00107,0.03005,0.40862,0.04240,0.00157,0.01428,0.01863,0.01618,0.02380,0.13978,0.01072,0.03040,0.03172,0.02692,0.00293,0.01007,0.08659
214,0.00313,0.00362,0.00629,0.00511,0.00607,0.00683,0.00621,0.00593,0.00398,0.00218,0.00430,0.00585,0.00349,0.00476,0.00160,0.00181,0.00248,0.00304,0.91629,0.00704
215,0.01396,0.02123,0.00601,0.00304,0.00402,0.01735,0.00414,0.00377,0.36719,0.00384,0.06035,0.00271,0.00177,0.04880,0.38472,0.02640,0.01227,0.01055,0.00338,0.00450
216,0.00409,0.18005,0.00515,0.00352,0.00262,0.00200,0.00490,0.00574,0.00354,0.41780,0.34516,0.00495,0.00274,0.00426,0.00154,0.00123,0.00274,0.00195,0.00245,0.00358
217,0.01904,0.00750,0.44123,0.26092,0.02700,0.00853,0.02626,0.00800,0.00782,0.00430,0.01302,0.00691,0.00427,0.01497,0.00790,0.02967,0.00750,0.00346,0.09701,0.00471
218,0.47486,0.03103,0.00777,0.00423,0.00601,0.03881,0.03980,0.00692,0.00644,0.00214,0.00641,0.00492,0.00343,0.01896,0.01633,0.12349,0.14503,0.03807,0.00769,0.01765
219,0.03034,0.06499,0.01238,0.05683,0.03682,0.00228,0.04326,0.09113,0.05611,0.07824,0.09467,0.06163,0.00019,0.08868,0.06929,0.02744,0.05625,0.07692,0.03394,0.01860
220,0.00858,0.00695,0.00984,0.02266,0.01018,0.00497,0.01044,0.01123,0.00859,0.00298,0.01031,0.00819,0.00774,0.01239,0.00619,0.00409,0.00521,0.00617,0.76365,0.07965
221,0.00867,0.01987,0.75174,0.01102,0.01275,0.00945,0.01037,0.01394,0.02216,0.00787,0.02015,0.01042,0.00827,0.02840,0.00705,0.00549,0.00836,0.00685,0.03055,0.00663
222,0.00102,0.00851,0.00181,0.00461,0.16153,0.10998,0.13637,0.00238,0.03567,0.00482,0.24538,0.05010,0.00165,0.05881,0.01923,0.03425,0.02944,0.00074,0.00164,0.09204
223,0.07755,0.11778,0.03199,0.04776,0.08499,0.02895,0.06862,0.05546,0.00172,0.08050,0.06128,0.02661,0.00130,0.02868,0.00057,0.04021,0.06270,0.05421,0.06210,0.06702
224,0.01702,0.00459,0.00762,0.03805,0.00650,0.03030,0.01259,0.00326,0.00649,0.00226,0.00652,0.30391,0.00398,0.06045,0.00191,0.32275,0.15680,0.00300,0.00598,0.00602
225,0.02685,0.05337,0.00714,0.55744,0.00962,0.00531,0.06519,0.00916,0.02246,0.00307,0.00827,0.01404,0.03102,0.07408,0.00435,0.02540,0.00911,0.02998,0.01249,0.03166
226,0.01685,0.01613,0.01396,0.01617,0.01323,0.00946,0.02599,0.02251,0.03474,0.00611,0.01641,0.02236,0.01262,0.02202,0.00775,0.00769,0.00895,0.68753,0.02229,0.01723
227,0.00845,0.02339,0.02563,0.00816,0.02329,0.01092,0.00558,0.01741,0.00476,0.00324,0.00932,0.01183,0.00364,0.77664,0.01432,0.00513,0.00508,0.00841,0.01588,0.01893
228,0.05029,0.01746,0.02349,0.04166,0.03275,0.01686,0.01978,0.02853,0.02811,0.51455,0.07326,0.01210,0.01024,0.04469,0.00874,0.00795,0.01326,0.00859,0.02874,0.01894
229,0.02842,0.01653,0.05945,0.05722,0.01490,0.01270,0.12011,0.02906,0.00181,0.15162,0.13767,0.08602,0.01843,0.07258,0.01308,0.01809,0.02138,0.01185,0.02173,0.10736
230,0.34907,0.10600,0.00772,0.01199,0.02233,0.00470,0.03889,0.02949,0.01348,0.00897,0.01852,0.01998,0.00673,0.01358,0.00670,0.00501,0.03931,0.26018,0.01731,0.02004
231,0.01334,0.07856,0.00532,0.00427,0.03712,0.00229,0.01303,0.22919,0.00779,0.37621,0.01518,0.00945,0.00848,0.01711,0.00340,0.00363,0.00623,0.13961,0.00635,0.02343
232,0.14903,0.10189,0.00325,0.01011,0.00483,0.01232,0.00148,0.07833,0.00407,0.05051,0.04863,0.00305,0.10100,0.11458,0.00164,0.12424,0.07469,0.10386,0.00843,0.00405
233,0.00956,0.01729,0.01755,0.01775,0.01208,0.00962,0.01211,0.01532,0.01902,0.01979,0.02254,0.01476,0.72767,0.02090,0.00691,0.00539,0.00750,0.01054,0.01794,0.01575
234,0.07440,0.02908,0.00649,0.00479,0.01257,0.20426,0.09667,0.00625,0.07282,0.00274,0.00693,0.12743,0.00705,0.01204,0.21469,0.05330,0.00735,0.00234,0.04388,0.01493
235,0.09118,0.02623,0.21235,0.14729,0.00337,0.09325,0.04570,0.00375,0.05932,0.01121,0.01152,0.07563,0.00252,0.05721,0.01560,0.06400,0.03830,0.03487,0.00381,0.00292
236,0.06466,0.09713,0.03130,0.02863,0.03132,0.04316,0.06769,0.04361,0.05179,0.05502,0.03849,0.08751,0.05028,0.04911,0.02262,0.04598,0.07010,0.05296,0.00665,0.06199
237,0.06037,0.11039,0.00251,0.00509,0.02604,0.02249,0.03926,0.04199,0.07105,0.04167,0.03179,0.01838,0.17572,0.09103,0.01163,0.04112,0.13703,0.02283,0.00358,0.04604
238,0.01436,0.07476,0.00061,0.05957,0.05507,0.01231,0.02460,0.11827,0.10348,0.10458,0.04986,0.02661,0.00033,0.07350,0.02558,0.04683,0.09856,0.10700,0.00055,0.00358
239,0.03476,0.08963,0.01075,0.00933,0.00817,0.02937,0.10508,0.00782,0.00778,0.00337,0.01009,0.45115,0.00447,0.01032,0.00422,0.18099,0.00337,0.00582,0.01088,0.01261
240,0.09106,0.06106,0.00191,0.00308,0.00122,0.00142,0.00192,0.14616,0.00369,0.02160,0.05005,0.00136,0.00122,0.00215,0.00084,0.01554,0.31053,0.28058,0.00337,0.00125
241,0.03008,0.02542,0.01085,0.17727,0.01365,0.01291,0.00454,0.01017,0.00379,0.00276,0.02215,0.00871,0.00266,0.62783,0.00652,0.01313,0.00314,0.00534,0.00916,0.00990
242,0.02215,0.01940,0.01597,0.02286,0.03215,0.00779,0.01867,0.01582,0.01104,0.00592,0.01226,0.01417,0.00796,0.01536,0.00520,0.00575,0.72135,0.00918,0.01764,0.01937
243,0.04335,0.06868,0.00768,0.00354,0.07176,0.00318,0.04646,0.10275,0.02525,0.15235,0.04616,0.02502,0.00144,0.09536,0.02496,0.02706,0.11925,0.03959,0.00631,0.08985
244,0.01415,0.03166,0.01973,0.02550,0.02808,0.01401,0.01092,0.02240,0.02165,0.01398,0.02967,0.03077,0.59630,0.01925,0.00838,0.03327,0.00833,0.01501,0.03026,0.02668
245,0.00835,0.01661,0.01951,0.01524,0.01507,0.73731,0.02041,0.01955,0.01190,0.00606,0.01659,0.01781,0.01196,0.02135,0.00678,0.00639,0.00777,0.00615,0.01490,0.02029
246,0.00465,0.09791,0.00294,0.00436,0.11560,0.00176,0.00334,0.08766,0.00242,0.08132,0.00264,0.00237,0.00140,0.01165,0.00186,0.00133,0.06643,0.15585,0.27789,0.07661
247,0.00785,0.01121,0.01495,0.01354,0.78810,0.00622,0.01627,0.01378,0.01162,0.00445,0.01962,0.01527,0.00890,0.01397,0.00509,0.00685,0.00782,0.00674,0.01122,0.01654
248,0.01620,0.10842,0.00158,0.00319,0.00878,0.00072,0.15351,0.09890,0.09341,0.00609,0.08997,0.00088,0.00073,0.02294,0.19398,0.04096,0.00673,0.12951,0.00128,0.02224
249,0.00194,0.10046,0.00456,0.00560,0.00347,0.00207,0.00261,0.00887,0.01689,0.36078,0.32701,0.00273,0.00099,0.00424,0.00126,0.00113,0.14487,0.00228,0.00475,0.00348
250,0.04224,0.07307,0.00749,0.00437,0.00346,0.01490,0.00697,0.03138,0.24859,0.00243,0.02877,0.00235,0.09020,0.12891,0.15027,0.05171,0.03940,0.06630,0.00343,0.00377
251,0.02529,0.03000,0.31483,0.23901,0.01449,0.01978,0.03461,0.00804,0.00590,0.00246,0.00995,0.10558,0.00404,0.04947,0.00286,0.05959,0.05678,0.00413,0.00675,0.00645
252,0.08840,0.10521,0.00544,0.01836,0.11510,0.25502,0.01047,0.00536,0.04815,0.00392,0.03845,0.00587,0.00328,0.05572,0.18168,0.00474,0.01630,0.00167,0.00261,0.03425
253,0.00471,0.05317,0.29639,0.31288,0.00537,0.00257,0.00698,0.02685,0.00744,0.00280,0.01897,0.06531,0.00342,0.05224,0.00223,0.03944,0.08385,0.00356,0.00588,0.00597
254,0.00678,0.00998,0.00974,0.01135,0.00936,0.00547,0.00879,0.61343,0.00851,0.18440,0.05179,0.00818,0.00652,0.00907,0.00444,0.00362,0.02294,0.00715,0.01135,0.00714
255,0.00511,0.00908,0.00883,0.00970,0.00659,0.84313,0.01036,0.00845,0.01206,0.00331,0.01114,0.00851,0.01171,0.01667,0.00439,0.00346,0.00636,0.00416,0.00864,0.00832
256,0.20870,0.73492,0.00662,0.00315,0.00355,0.00221,0.00336,0.00407,0.00388,0.00132,0.00389,0.00402,0.00159,0.00240,0.00156,0.00108,0.00208,0.00235,0.00530,0.00394
257,0.01029,0.02176,0.01909,0.02270,0.01610,0.00968,0.01939,0.02522,0.04086,0.00730,0.03448,0.02035,0.01441,0.03741,0.01067,0.00730,0.01302,0.61308,0.03102,0.02586
258,0.69974,0.01768,0.04580,0.01807,0.01446,0.00649,0.02238,0.01756,0.02068,0.00675,0.01991,0.01822,0.00704,0.02178,0.00731,0.00441,0.00657,0.00995,0.01998,0.01520
259,0.00444,0.01006,0.01220,0.00846,0.00991,0.00745,0.00627,0.53029,0.00781,0.30231,0.00612,0.00924,0.00501,0.00715,0.00248,0.00276,0.00471,0.04751,0.00758,0.00823
260,0.01003,0.01899,0.56859,0.01255,0.01905,0.00914,0.03349,0.03094,0.03219,0.00932,0.02947,0.03021,0.02175,0.08278,0.01696,0.00984,0.01381,0.01013,0.02121,0.01956
261,0.01271,0.31723,0.00861,0.20144,0.07553,0.00572,0.00455,0.00408,0.00536,0.09329,0.06539,0.00851,0.00473,0.04584,0.00551,0.00731,0.00316,0.00324,0.02418,0.10361
262,0.01326,0.04099,0.02562,0.03299,0.02579,0.01570,0.00943,0.02254,0.04217,0.01924,0.02207,0.02408,0.56509,0.03794,0.00892,0.02278,0.00910,0.01311,0.02506,0.02411
263,0.18103,0.38890,0.00287,0.00438,0.00291,0.04361,0.00589,0.00393,0.00422,0.00278,0.01747,0.03411,0.15553,0.06557,0.00187,0.07279,0.00209,0.00142,0.00485,0.00379
264,0.00860,0.02495,0.03049,0.01503,0.02158,0.65050,0.04161,0.02973,0.01470,0.00578,0.01786,0.03535,0.01062,0.01374,0.00497,0.00894,0.01060,0.00598,0.00873,0.04024
265,0.00895,0.02815,0.03327,0.03075,0.01903,0.01245,0.02083,0.02126,0.01584,0.00655,0.01389,0.01223,0.00690,0.03627,0.00643,0.36399,0.28212,0.01715,0.02933,0.03464
266,0.01381,0.01730,0.01647,0.01482,0.01372,0.01174,0.02383,0.02004,0.01785,0.03091,0.02326,0.01848,0.01527,0.02447,0.00881,0.66877,0.02349,0.00902,0.01332,0.01463
267,0.00740,0.01190,0.01153,0.01781,0.01307,0.71845,0.01426,0.01514,0.02342,0.00563,0.02515,0.01514,0.01328,0.02648,0.01802,0.00642,0.01228,0.00539,0.02229,0.01694
268,0.01154,0.01592,0.01982,0.02883,0.02250,0.03125,0.01590,0.02697,0.06293,0.00730,0.03444,0.02700,0.01676,0.03367,0.01032,0.58123,0.00829,0.01458,0.01992,0.01081
269,0.01216,0.02359,0.03128,0.02580,0.02741,0.01233,0.02109,0.03094,0.02393,0.01076,0.03116,0.02580,0.62577,0.01123,0.01018,0.00999,0.00852,0.01118,0.02733,0.01955
270,0.01401,0.02237,0.04060,0.02394,0.02217,0.00910,0.04378,0.37592,0.01921,0.02358,0.01401,0.01719,0.00968,0.03100,0.00742,0.00732,0.00836,0.25092,0.01739,0.04203
271,0.01307,0.01113,0.03520,0.01828,0.01255,0.00904,0.01442,0.02016,0.02569,0.37698,0.13100,0.03771,0.03604,0.04296,0.00776,0.00712,0.01419,0.14748,0.02173,0.01749
272,0.01633,0.04867,0.34293,0.02078,0.01731,0.08546,0.02521,0.02270,0.04226,0.01426,0.02817,0.13265,0.02270,0.03262,0.01071,0.03454,0.01827,0.01384,0.04671,0.02390
273,0.05929,0.06257,0.01234,0.03498,0.02273,0.03889,0.06282,0.01956,0.15939,0.02576,0.02886,0.01797,0.08180,0.09054,0.09176,0.05457,0.02609,0.07267,0.01348,0.02393
274,0.05740,0.06855,0.00866,0.00395,0.05263,0.03415,0.03269,0.11011,0.00766,0.12851,0.15327,0.06650,0.00173,0.08398,0.02596,0.05054,0.04382,0.04435,0.00930,0.01623
275,0.14091,0.07103,0.05037,0.11591,0.01284,0.20327,0.08777,0.01482,0.01199,0.00420,0.00961,0.05438,0.00807,0.01743,0.01263,0.14191,0.00703,0.00437,0.01321,0.01827
276,0.08079,0.08260,0.01447,0.02161,0.00812,0.02377,0.09484,0.00805,0.07437,0.03613,0.03374,0.08948,0.00592,0.02704,0.32359,0.04791,0.00593,0.00500,0.00913,0.00752
277,0.00753,0.18948,0.02930,0.01421,0.02914,0.01266,0.03012,0.04069,0.01700,0.00509,0.03269,0.03895,0.00847,0.01569,0.00820,0.00726,0.01336,0.45319,0.02291,0.02408
278,0.01439,0.05037,0.01915,0.02624,0.01359,0.00964,0.01537,0.42917,0.01284,0.29242,0.01179,0.01167,0.00946,0.01449,0.00489,0.00726,0.00717,0.01739,0.01512,0.01758
279,0.01158,0.02279,0.02621,0.03373,0.01981,0.61981,0.02699,0.02126,0.02083,0.00835,0.03154,0.02561,0.01311,0.02161,0.00732,0.00963,0.01264,0.00902,0.02249,0.03567
280,0.00994,0.01917,0.02575,0.02218,0.01254,0.01117,0.04346,0.01720,0.01588,0.68396,0.01972,0.02540,0.00600,0.01457,0.00616,0.00559,0.00879,0.01782,0.01816,0.01654
281,0.01122,0.01473,0.01810,0.02122,0.01579,0.01452,0.02004,0.01949,0.01769,0.00775,0.01989,0.01336,0.01221,0.01720,0.00863,0.00611,0.01389,0.00865,0.03118,0.70834
282,0.01191,0.02557,0.07560,0.03661,0.02952,0.50813,0.03494,0.02234,0.02440,0.00930,0.04156,0.02029,0.01360,0.04852,0.01200,0.00831,0.01179,0.00830,0.02924,0.02809
283,0.01402,0.01846,0.02015,0.02800,0.01515,0.01850,0.01523,0.01102,0.01186,0.00813,0.01652,0.71323,0.01194,0.02608,0.00934,0.00660,0.00788,0.01127,0.02522,0.01141
284,0.00987,0.02253,0.03125,0.01607,0.02390,0.63759,0.03391,0.03862,0.01900,0.00816,0.01929,0.03036,0.01685,0.01638,0.01799,0.00826,0.01181,0.00647,0.00916,0.02253
285,0.00946,0.01695,0.02627,0.03769,0.01246,0.00982,0.02465,0.01653,0.03162,0.00719,0.03081,0.03230,0.01830,0.02218,0.00898,0.01019,0.01495,0.62144,0.02291,0.02529
286,0.02868,0.01597,0.01798,0.01145,0.01278,0.00620,0.01960,0.19230,0.01392,0.00351,0.02443,0.01588,0.00956,0.01499,0.00656,0.00652,0.00731,0.55304,0.01632,0.02299
287,0.04474,0.10484,0.00142,0.00612,0.00425,0.05287,0.02625,0.04988,0.00783,0.03840,0.06483,0.07336,0.02465,0.13368,0.09003,0.04760,0.09274,0.04350,0.03415,0.05884
288,0.13059,0.00489,0.00528,0.00435,0.00352,0.12094,0.05138,0.00359,0.15445,0.00178,0.00403,0.00262,0.16282,0.04598,0.11711,0.15712,0.01560,0.00235,0.00630,0.00532
289,0.00872,0.01803,0.03824,0.02084,0.01217,0.08083,0.00931,0.01089,0.01365,0.00634,0.01900,0.64243,0.00743,0.02742,0.00700,0.02574,0.00598,0.00885,0.02684,0.01026
290,0.00820,0.01398,0.01650,0.01454,0.01591,0.72609,0.02255,0.02158,0.01712,0.00600,0.02310,0.01845,0.01087,0.01761,0.00608,0.00665,0.00920,0.00700,0.01447,0.02410
291,0.09085,0.03125,0.00958,0.06857,0.00346,0.02250,0.00556,0.00417,0.00351,0.00251,0.03318,0.00903,0.00208,0.46680,0.00394,0.12696,0.10026,0.00618,0.00429,0.00534
292,0.00833,0.02066,0.00858,0.01341,0.55139,0.01012,0.01591,0.01128,0.01292,0.00352,0.01317,0.00797,0.00493,0.01106,0.00655,0.00376,0.00959,0.00660,0.03166,0.24857
293,0.00732,0.01244,0.01404,0.01661,0.01857,0.00576,0.02165,0.28818,0.01865,0.00468,0.01769,0.01948,0.00806,0.01935,0.00576,0.00594,0.00903,0.46285,0.01761,0.02633
294,0.01469,0.01669,0.03000,0.02299,0.01952,0.02633,0.02963,0.00896,0.02098,0.00923,0.02041,0.01887,0.01488,0.02768,0.00708,0.63530,0.00842,0.01361,0.02682,0.02792
295,0.66340,0.02076,0.01174,0.02051,0.02374,0.00731,0.02091,0.03738,0.01781,0.00973,0.02752,0.02324,0.00670,0.02255,0.00861,0.00644,0.00723,0.00848,0.02114,0.03481
296,0.01487,0.02374,0.02250,0.03042,0.02423,0.01670,0.02031,0.60462,0.02079,0.01189,0.01918,0.02829,0.01374,0.02590,0.00768,0.00926,0.02200,0.02921,0.02520,0.02947
297,0.02112,0.01337,0.01550,0.02602,0.01183,0.00754,0.02118,0.05993,0.02060,0.00752,0.01531,0.02538,0.00831,0.01639,0.00530,0.33922,0.34767,0.00977,0.01346,0.01458
298,0.01618,0.02054,0.05167,0.02186,0.04189,0.01361,0.00630,0.03677,0.00975,0.00500,0.02002,0.03106,0.00908,0.61413,0.01377,0.01229,0.01134,0.01226,0.02684,0.02564
299,0.02142,0.03326,0.01362,0.01202,0.01917,0.59085,0.07013,0.02174,0.02965,0.00718,0.01743,0.02487,0.01225,0.01943,0.01683,0.02125,0.01178,0.00568,0.03220,0.01922
300,0.01167,0.02474,0.00967,0.00660,0.00839,0.00368,0.11503,0.04522,0.34089,0.01568,0.00484,0.00352,0.00583,0.03440,0.29393,0.00881,0.01245,0.02616,0.02076,0.00770
301,0.02770,0.13560,0.01224,0.00977,0.14867,0.00419,0.01494,0.05425,0.01762,0.02161,0.00391,0.01243,0.04183,0.00755,0.35510,0.00239,0.00880,0.06381,0.02045,0.03713
302,0.02604,0.08293,0.01998,0.04313,0.05358,0.02188,0.02375,0.14692,0.02001,0.04858,0.10445,0.02206,0.01267,0.06575,0.01855,0.04307,0.05993,0.09237,0.02865,0.06569
303,0.09824,0.05035,0.06336,0.09667,0.05445,0.00687,0.04158,0.06536,0.00390,0.04863,0.04572,0.03094,0.08221,0.04498,0.01529,0.06058,0.04775,0.04823,0.05385,0.04104
304,0.04306,0.04943,0.01725,0.07184,0.05311,0.06188,0.02949,0.07219,0.00818,0.07880,0.09046,0.03399,0.05033,0.05673,0.01367,0.05537,0.05083,0.06516,0.07230,0.02594
305,0.06283,0.03799,0.05848,0.07731,0.02865,0.02828,0.03437,0.01565,0.03221,0.07141,0.09533,0.04144,0.04594,0.06838,0.02859,0.06563,0.05706,0.03375,0.02164,0.09504
306,0.12228,0.10414,0.00778,0.01584,0.04764,0.02961,0.07203,0.04830,0.03201,0.05130,0.08668,0.01948,0.13511,0.00748,0.01119,0.05128,0.02769,0.05386,0.01741,0.05889
307,0.05220,0.11082,0.00670,0.01216,0.01917,0.03554,0.06794,0.05140,0.01323,0.04203,0.08828,0.03808,0.04929,0.05652,0.01517,0.05577,0.12218,0.09933,0.00987,0.05434
308,0.06900,0.04134,0.07671,0.04578,0.02960,0.01905,0.10560,0.03488,0.00343,0.04224,0.05329,0.14433,0.04575,0.07538,0.02192,0.05766,0.05049,0.03815,0.00945,0.03595
