site,A,C,D,E,F,G,H,I,K,L,M,N,P,Q,R,S,T,V,W,Y
207,0.0034091445280505063,0.044483210341936766,0.005564733276780575,0.004470714892283399,0.004025574858732279,0.002593525511524645,0.005396529606189712,0.09650335429807136,0.004167920978611366,0.6750838032161308,0.005111711348090905,0.005129247702355337,0.002842863909209137,0.004069438449610031,0.001807017338697141,0.0020087996756064652,0.013437383526441206,0.11014752222912243,0.004562983727790325,0.005184520584765618
208,0.041845945900956624,0.25154084611987504,0.002228532481652135,0.0015544949281161191,0.001555421473059229,0.0007252713589885996,0.002007031830462417,0.1406370954312702,0.001721875541748688,0.11472984553576487,0.06955899221762299,0.0018644265641989464,0.000951969798792927,0.0017046973954168829,0.0005873249487555587,0.0006453837012734519,0.020528763446279012,0.342381508999129,0.0014930053747566102,0.001737566951880651
209,0.1398439033890182,0.18630631660757233,0.0060516432547241,0.0039365665137163705,0.005860075921330802,0.003086529917936046,0.003535537638765491,0.006712532958238156,0.0028269925223825794,0.0020924826981471344,0.003927571979259011,0.005503518959937139,0.004570265126865957,0.002819923944032874,0.0017128942518355476,0.2979998873502208,0.29052285691168095,0.018782589905540104,0.008557782035909367,0.005350128112886974
210,0.00550783089401235,0.013868229213712092,0.013432252082474512,0.007419416968581905,0.008659960496837864,0.00483232826198921,0.014998530976981863,0.0072417571500585,0.006279261365609573,0.003279275765818529,0.0074847883997767335,0.008272552618785779,0.005345801488558614,0.009240155037767955,0.004118338914109895,0.0028644541704546077,0.003864888252610838,0.004606182064437972,0.00893013125963064,0.8597538646177906
211,0.16962048428156729,0.10575239727921859,0.025731155950216578,0.0125895405310596,0.013822093973514062,0.11153358248590366,0.04437254929637664,0.01959994356770957,0.003012359495890719,0.03446807512186373,0.07325986226530004,0.15508260491748468,0.0009769648021679264,0.05604212131496475,0.0077933639713371645,0.06660619550680878,0.016907081742008827,0.06475252739211498,0.006210818904587396,0.011866277199904981
212,0.0040600428355537805,0.008529915613850733,0.01435043803532702,0.007749680356532491,0.00989481427346494,0.8670421146222073,0.01184853416650822,0.010027094850685037,0.00588427397714557,0.003599986933702785,0.007560323850879038,0.010157535055397446,0.004672832354924463,0.0062872622367319145,0.0030958608190323,0.0032397014450748366,0.0037187762418361197,0.003437423121875783,0.00462547695902401,0.010217912250246302
213,0.06418715284915325,0.03869058133006966,0.0013794988537111463,0.001069935958214967,0.030045257904929387,0.40862291796491323,0.04240238655112999,0.001572980823120662,0.014281768200318987,0.018628585718488723,0.01618425052073122,0.0237995067898265,0.13978176347381893,0.010719919036482225,0.030399871574611013,0.03172163536894658,0.026917431925428684,0.0029319711608826564,0.01007235734687509,0.08659022664834709
214,0.0031315369206410953,0.003615559507312068,0.006290140538433013,0.0051132320017445755,0.006074615199903851,0.006827314361266842,0.006210182898718266,0.005925692016736771,0.003980232631860387,0.0021775024899366195,0.0042961089025851,0.005847915939407245,0.003486013471889959,0.004757666602516426,0.0016010535124279818,0.0018122130877443582,0.002480499754197884,0.003042417624266398,0.9162931261076256,0.0070369764307855725
215,0.013957145864593724,0.02123466333491167,0.006005815943473264,0.0030409794192936906,0.004019372191822726,0.017351217825891326,0.004141800497926826,0.0037718035471502407,0.3671880496698867,0.003838307306292303,0.0603494813397963,0.0027145742482742605,0.001768376776865122,0.048799580409993146,0.38472307005653156,0.026396860869862347,0.012268657026294243,0.010550293681832384,0.0033788731805974572,0.004501076808710818
216,0.00409096914630804,0.1800500197707351,0.005145736194251986,0.0035227611021588574,0.002619072465270759,0.0020014600515952056,0.004895060897196111,0.005740193259068065,0.0035445445778092893,0.41779894363538117,0.345157989514684,0.004947461344329933,0.002735846198148572,0.0042566758488344235,0.001538891615211914,0.0012308221660453085,0.0027448188782603013,0.0019524581730435914,0.002445648026265775,0.0035806271354016962
217,0.019042125022462136,0.007499582021008207,0.44122945941286895,0.260921621079614,0.027000269973292548,0.00852641850324373,0.026259595151804524,0.00799742238726759,0.007817460025743468,0.004299237787351532,0.013016290847899795,0.006912086954616262,0.004266731470531027,0.014966932629172067,0.00790024444666506,0.029672983012629647,0.007496651766556313,0.00345731408464314,0.0970054761759297,0.0047120972467002194
218,0.47486130317543446,0.031029666229994445,0.0077663359498301434,0.004232301988332204,0.006009138963822866,0.038807160181317975,0.03980359307844293,0.006924407350141105,0.006436410267244135,0.002140034350617265,0.006414026731639754,0.0049220870222335365,0.0034287925406963453,0.018957099737964223,0.01632974759377335,0.12349253048941841,0.1450348237817461,0.03806745862295026,0.007693265594945554,0.017649816349454797
219,0.030339673931699937,0.06499458410088513,0.012375707549828245,0.056831327788900744,0.036822494722147193,0.0022841795353259744,0.04325630713186203,0.0911322162914085,0.056106349033926965,0.07823595821499266,0.09466854302959991,0.06163264824257495,0.00019438640036272665,0.08868476945663933,0.0692859929705108,0.0274365344515184,0.0562492546613292,0.07692268528610323,0.033944577391985954,0.018601809808398137
220,0.008577409239810287,0.006951811797332763,0.009835020489475061,0.0226618158076938,0.010175093297043906,0.0049701364861864435,0.010436997582697994,0.01123236788319747,0.008591499978551834,0.0029827827968049673,0.010306405029935921,0.008193593733830055,0.007735811788263724,0.012386968567749495,0.006191188159376853,0.004088789469904427,0.005210557136490802,0.006169041178589369,0.7636507385531984,0.07965197102386636
221,0.00867274574872205,0.01986563898611779,0.7517376379183197,0.011022399286051192,0.01274869120097516,0.009445227284266696,0.010368137667535523,0.013942379580214492,0.022162554471278163,0.0078735699043637,0.020149172316843406,0.010420665058140282,0.00826945489931072,0.028397380545746594,0.007050552953084247,0.005485544534583737,0.008358386732430667,0.006845028567112846,0.0305527878435304,0.006632044501372637
222,0.0010206813327400496,0.008512752072628665,0.0018144633574922854,0.004605614633155725,0.16152900354899496,0.10998459427770886,0.13637351133843567,0.0023827872134853105,0.03567210711593616,0.004821877378412741,0.2453788026945123,0.05010206997379391,0.00165393095160259,0.05881308717184705,0.01922506542236992,0.034252888893602354,0.029439593206826813,0.0007401626809061859,0.0016385589737883193,0.09203844776176005
223,0.07755144259702249,0.11777711912587088,0.0319897317158379,0.047761458957062186,0.08498925211976267,0.028947516384065418,0.06862146788709203,0.05546419184558583,0.0017199414904580147,0.08049506291791633,0.061284378890871766,0.026609689337706785,0.001295561639849627,0.02868452996753961,0.0005730777985117649,0.04020678260477811,0.06269873927550387,0.05421016800135235,0.062098156013874556,0.06702173142933786
224,0.017019287914938425,0.004591438440337032,0.007621684350106139,0.038047068588221794,0.006498932186764613,0.0302950474742387,0.012592121218396892,0.0032605719212613522,0.006489817541223996,0.002263192098063435,0.006521812286592537,0.3039090441324289,0.003976971906311235,0.060451746070291766,0.0019088816607906458,0.32274992396504454,0.15680466803830684,0.003002055567768297,0.005975591570499376,0.006020143068413352
225,0.026849130508151325,0.05337012728180741,0.007143792692664576,0.557437884865793,0.009615436281254906,0.005314950753051889,0.06519309421891167,0.009155198664248987,0.022460692330220026,0.003066292970360854,0.008272882577312415,0.01404259720502386,0.03101865477544994,0.0740825975069211,0.004349203608154942,0.025395502543870428,0.009106107431947773,0.02997551751048983,0.012489753088664306,0.031660583185700863
226,0.016846054455498218,0.016131636689027146,0.01396390173286172,0.016173692974373127,0.013225205076639188,0.009463922134521428,0.025985232905046722,0.02251323687506873,0.03474173089920694,0.006112426339823719,0.016413008261632014,0.02235592675338384,0.012617132031079118,0.02201983444307378,0.00774992291557983,0.007687447823408137,0.008948107298653283,0.6875302842143046,0.02229305114840102,0.017228245028417407
227,0.008450538983250908,0.023394661447340932,0.02562699497271781,0.008160709486650318,0.0232926437384927,0.010916412652097751,0.005581566903426776,0.01741198830256306,0.004757966228775527,0.003237923798004545,0.009324692676718692,0.011832582046931632,0.00363942497611916,0.7766370788895716,0.014315371159873287,0.005125398994543562,0.005076705089588619,0.008406529453959297,0.015884386553271818,0.018926423646102086
228,0.05028894471355595,0.01745687366610063,0.023490256378978367,0.041656432722166646,0.032747934702547284,0.016857907312905703,0.019779064600853772,0.028532532711333713,0.0281090695070162,0.5145503373723654,0.07326460830903014,0.012104609107623822,0.01024476166895289,0.04469419058714537,0.008741097993509011,0.007954825319741681,0.013263544065991718,0.008590591050515777,0.02873509826701063,0.018937319942655267
229,0.02842021094044731,0.01652988195769482,0.05944832074867912,0.05722138845972627,0.01489951823140146,0.012702230816453716,0.12011148766701937,0.0290560806876537,0.0018086662946931052,0.15162060192144527,0.13766792752103268,0.08602390357376909,0.01842653567971991,0.07257846973552812,0.013076236397273873,0.01808763948429947,0.021380846236897066,0.011845630079819942,0.021734667435181113,0.10735975613126449
230,0.3490708006868244,0.10600012302151178,0.007721091439047075,0.01198721671620372,0.022330772212651957,0.004702847138337449,0.03888551936112554,0.02949240501846559,0.013475264237191035,0.008972259693018417,0.018523966242991005,0.01998003522156091,0.006733594299883909,0.013582556269821517,0.0066952272339680565,0.005008988982625792,0.03931077524988055,0.26017779910019656,0.017307960966321874,0.020040796908372693
231,0.01333640562894661,0.07856343406714347,0.005322060323680329,0.004269553745183521,0.037117346179374885,0.002294360778014146,0.013034884838334353,0.22918946623008857,0.007789880931083044,0.37621136058778404,0.015179552415462788,0.009446759746571293,0.008478965682842888,0.01711259916127646,0.0033980952691184214,0.0036259863691525734,0.0062334234305826955,0.13961275563944417,0.006351022441731611,0.023432086534184226
232,0.14902778293697494,0.10189188834523835,0.003252097230760943,0.010113673314966605,0.004827262542927937,0.01232067392167124,0.0014825406472128203,0.07832950535003694,0.004071728079906632,0.05051013581170021,0.04862591392465196,0.003050383151255885,0.10100397331662189,0.1145822535439199,0.0016409766842878973,0.12423949666525824,0.07469332445196633,0.10385802511812331,0.008431368529514519,0.004046996433003441
233,0.00955723414687406,0.017285593414580375,0.017551494913354206,0.01775208299172576,0.012080157268401264,0.00962243325057847,0.01211385704474096,0.015322429063009789,0.019016024444720926,0.019794062961486746,0.022543986472783842,0.014760481082713446,0.7276666365754016,0.02089632366644456,0.006913335017331715,0.005393770147545684,0.00750446255370445,0.01053690207238464,0.017941515082121603,0.015747217830095913
234,0.07439894432623029,0.02908057804715313,0.006485355103995528,0.004787887562942166,0.01256742468797582,0.20426361821739397,0.0966729856317311,0.006253321905361618,0.07281757443911491,0.002741586495582122,0.006928871244332482,0.12743020887813739,0.007047479446514623,0.012036818224694608,0.21469444770816115,0.05329966911735431,0.007350177694229586,0.002337691996302522,0.04387661015603473,0.014928749116757806
235,0.09117661890819315,0.026225350634524858,0.21234576943113406,0.1472875806690815,0.0033675516188392774,0.09325466275224323,0.0456993295115642,0.003745256967867293,0.0593158296095907,0.011207868545283493,0.01152341811906317,0.07562857110280816,0.002515629437352191,0.05720549915742636,0.015600833927014834,0.06399747157334812,0.03829815786823984,0.03487350978016435,0.0038119288009543324,0.0029191615853068286
236,0.06465770175462782,0.09713350164495997,0.031296199741435465,0.028634548381027906,0.031322402150275284,0.04316103376658882,0.06768624502436263,0.04360800274590492,0.05179111877537289,0.05501679490885962,0.03848739647845051,0.08751232376482607,0.0502821597653183,0.04911064491621733,0.02262444890304509,0.04598277661743533,0.07009758187442172,0.052964414270255326,0.006645131450301224,0.061985573066313894
237,0.0603666006296687,0.11039328856788036,0.002508291155822894,0.005089445150670956,0.02603892173731146,0.022489796135191212,0.039256504939058925,0.0419933948541427,0.0710519332509284,0.04166754224303658,0.03178971687686066,0.018384680214849118,0.1757231949834653,0.09103417308831832,0.011629592837213092,0.04111525431852734,0.13702820899139395,0.02282640039925253,0.0035780579186648915,0.04603500170774248
238,0.01436211157847787,0.07476378640713324,0.0006066535575365488,0.05956727783146068,0.05506723611926359,0.012313941546993924,0.02459855313045642,0.11826778998532256,0.10347905069020208,0.10457647927803403,0.04985633211558368,0.026608254138457445,0.00033104311078785284,0.07349775557889601,0.02557954691356474,0.0468281301031143,0.09855917817380289,0.10700401047568392,0.000551925550435243,0.0035809437147928955
239,0.03476030238663155,0.08963385646540273,0.01075147817142713,0.00933077708828878,0.00816892317387484,0.029368090003777242,0.10508039291645674,0.007821151902714051,0.007783271022840078,0.0033747663394296406,0.010090826695965324,0.45114737237445557,0.004471683057143958,0.010317068351318327,0.004217189568290439,0.18098846364662066,0.003374085882638494,0.005823726881140928,0.010882620293285907,0.012613953778297642
240,0.09105529265074502,0.06105580266212684,0.001914130149110133,0.0030804122181616535,0.0012174869480815389,0.0014151070791862965,0.0019225239104313542,0.1461582784340485,0.003694550921782229,0.021601728794887694,0.050049556213244896,0.0013592303991662078,0.0012237547295420553,0.0021469676688884577,0.000844023258094338,0.015535750363817212,0.31052881720373515,0.28057941151829624,0.0033682830298061095,0.001248891846848043
241,0.030083643814966813,0.025423475914492486,0.010849305679586155,0.17727135765136537,0.013648994713395955,0.012909782756044468,0.0045424849808849525,0.010171754346025193,0.0037869758017797742,0.0027636384190271902,0.02215095056614208,0.008711364261468204,0.0026635207646807445,0.6278250314295494,0.006515137168867247,0.013131444297813462,0.003144464707767306,0.005336913373166382,0.009164882736822463,0.009904876616154462
242,0.022147246656816062,0.01940032573565288,0.015968485854266183,0.022856221998427177,0.03214686529550148,0.007785911228441569,0.018673244582107888,0.015819942261985506,0.011037715417556663,0.00592438003935739,0.012258017483881306,0.014166905508049048,0.007962749617884235,0.015356597984674774,0.005201941455126473,0.005751129830063704,0.7213545997496933,0.009179070470268016,0.017638729045125333,0.01936991978512108
243,0.043347333373945876,0.06867529499987213,0.007675784584834507,0.0035425761863164687,0.07176326624680439,0.003183517147080748,0.04645936955751196,0.10274601911281156,0.025253181863122802,0.1523512434318005,0.04616307155216355,0.025015733649354246,0.0014397822489223729,0.09536148848481457,0.024958641408689163,0.02706065116332954,0.11925427805036294,0.03959243215346871,0.006308226433520327,0.08984810835127363
244,0.01414530335293427,0.031659679521221264,0.0197265303766603,0.025504007001988648,0.028076824188780734,0.014012349543643585,0.010924574565948123,0.022395883622736278,0.021648653097797017,0.01398291387855743,0.029665825792998472,0.030769193472439012,0.596299769175078,0.01925188976619671,0.008383791988876219,0.03327230792019728,0.008326039832462863,0.015011729265498264,0.030258045419931677,0.026684688216053784
245,0.008354271751068537,0.016605811439443785,0.019510627901339585,0.01524353023888119,0.015068567716900468,0.7373097748978027,0.020410707397099197,0.01955305931055438,0.011901932496883134,0.006056645342977359,0.016587213484369718,0.01781010765817078,0.011961457009116067,0.021348790774280185,0.006782090132221517,0.006385492721278583,0.007770423688810095,0.006147606919755288,0.014901879633604023,0.02029000948544331
246,0.004651936133028968,0.09790647472604296,0.0029424471838852724,0.004363453917923921,0.11560116093830981,0.0017585999903440824,0.0033417415503106057,0.08765734605574242,0.0024221828193109426,0.08131748757938084,0.0026439367067987475,0.0023738044822082193,0.0013950114676095015,0.011651668067459767,0.0018575120813601022,0.0013285643192966633,0.06643375632470734,0.15585454335869703,0.2778912618299149,0.07660711046766788
247,0.007854567122840906,0.011212050561289238,0.01494940074838565,0.013538020534973954,0.7881003953651743,0.006219958837814512,0.016272311288543014,0.013775914285837739,0.011615411611137216,0.004448427856881576,0.01962029980090101,0.015268151756249852,0.008895168557435103,0.013966349680775515,0.005086231360822888,0.006848301947754936,0.00782429216376392,0.0067436288437900845,0.011218190412408423,0.016542927263220236
248,0.016198439568250754,0.10841815208962849,0.0015807366778744648,0.003190749335030084,0.008779084889628112,0.000717722246696228,0.153505831637264,0.09889552687528991,0.0934148533478022,0.006085031499629056,0.08997236913364617,0.0008786824695795273,0.0007285019279945089,0.022935433336281275,0.19397874876929477,0.04096415107789711,0.006732952567444795,0.12950727653145458,0.001276225221480899,0.02223953079783316
249,0.0019416062418496048,0.10046014365525235,0.004560687893161207,0.005603904131810876,0.0034712595091817055,0.0020742332126926777,0.0026116571447661503,0.008873172739017512,0.016894275639848987,0.36077948812345817,0.327011991868254,0.0027274559410969796,0.0009905816862128785,0.004236528772450277,0.001256326156367239,0.0011276188228775024,0.1448671795283073,0.0022778505610568612,0.004751538242291013,0.003482500130046621
250,0.04223685896868725,0.07306559941027492,0.007487181836776923,0.0043677698075287215,0.0034635213197416856,0.014903419627655632,0.006966645379885478,0.03137966762037177,0.24859221906887213,0.002428926928359813,0.028773980327800736,0.00234855967004639,0.09019630503886866,0.12890977262841408,0.1502731139506636,0.05170875828365435,0.03939862556262616,0.06629734242257279,0.003431818003357169,0.003769914143841744
251,0.025292047451158962,0.029996865798075784,0.3148288282515145,0.23901112109224437,0.014486545410050134,0.019783463591325427,0.034608392507698885,0.008036604067257022,0.005901626691339324,0.0024622054967184982,0.009945820062945927,0.1055797559240075,0.004041630016185426,0.04946581805001725,0.00285854006919037,0.05959001165285999,0.056780458899178224,0.0041289238435229325,0.006749097076264983,0.0064522440484444795
252,0.0884032020863066,0.1052069844711753,0.005438193400713902,0.018361144361455153,0.11510362765770842,0.25501737149865933,0.010466068123132603,0.005364851880201314,0.048152630568769825,0.003921927729565929,0.0384499188054883,0.0058723376768523485,0.0032756061842563445,0.05571867555011506,0.1816802584803913,0.004735104489488745,0.016302443334181637,0.0016725966638006886,0.002608085035419363,0.03424897200231789
253,0.004709824526368684,0.05317084154783053,0.2963936094246548,0.31287536112606384,0.005369562773199842,0.0025654344151263783,0.006980033382181094,0.026845072256999114,0.007439423802578353,0.0027972590188322173,0.018969075043005504,0.06531173430411312,0.0034212808116137793,0.052235537127491224,0.0022311520536963023,0.03943584708313575,0.08384762851057753,0.003558854616084281,0.005875245067575641,0.005967223108871914
254,0.00677589882201423,0.009976394271813134,0.009737523162588272,0.011351023125394846,0.0093560172417355,0.005469129005705661,0.008789133667482723,0.6134294858859719,0.00850791490870655,0.1843987562083466,0.051787716825610786,0.008180895900360205,0.006521188585013544,0.009071360324865234,0.004443554472478118,0.003618708660225799,0.022944791728603718,0.007152571961154554,0.011351023125394846,0.007136912116533755
255,0.005114013714367557,0.009083926660218063,0.008831419238683807,0.009702301901779651,0.0065916352675503805,0.8431334446381571,0.010359897689155823,0.008451016947316916,0.01205910939111735,0.003306822213768364,0.01114068535494912,0.008508092063494545,0.011710926236801771,0.016674182463065568,0.00438940204452401,0.003458336762821209,0.006359298441910473,0.004160762573068041,0.008643662584928158,0.008321063812322225
256,0.20870374324247726,0.7349185387694668,0.006623229255211426,0.003152588443924163,0.0035459032889560505,0.0022074985692507043,0.0033633042788931934,0.00407016533562541,0.0038764948774250995,0.0013244679002033634,0.0038888238586696064,0.004017092423820735,0.0015856382433853426,0.0024022261498253916,0.0015586531891491535,0.0010817244474529998,0.0020832927093715906,0.0023542252712048482,0.005297979225238182,0.00394441052044888
257,0.010291690266372276,0.02176358976844424,0.019091029365627826,0.022700678017703382,0.016103415195724516,0.009682729057475734,0.01939337324303401,0.025220045058124155,0.04086232369124474,0.007297944756080413,0.03448124532447302,0.02035030647110986,0.014407037780992591,0.03740835818129634,0.01067272531165913,0.007295090895699413,0.013019742082604889,0.6130757915564669,0.03102194998251181,0.025860933993354766
258,0.6997412424432907,0.017684754204429734,0.045804138179316445,0.01807425021542341,0.014463740793737473,0.0064916911228308635,0.022377653521554117,0.01755728736461804,0.020682932110740872,0.0067468085859362205,0.019914802181395807,0.01822381881908853,0.00703872175193726,0.02177978012382122,0.00731063978695112,0.004410563954637667,0.006569285625965229,0.00995283858746637,0.019979441857230232,0.015195608769628655
259,0.004437471612656279,0.010055815037721827,0.012197469379689086,0.008455174399308141,0.009913623215955993,0.007450149350550019,0.006270685035207027,0.5302947919318901,0.007814021901601409,0.3023132057885143,0.006121123151114557,0.009244318657241308,0.005008373414118238,0.007149215159551002,0.0024769299297527363,0.0027630495772652695,0.004712792714967344,0.047505115485634436,0.007583698781734562,0.008232975475526372
260,0.010032537320018967,0.01899200055273365,0.5685935175946355,0.012547445119829472,0.019048370805563486,0.009136741741214486,0.03348633385215474,0.03093840497585043,0.032193572884279056,0.00931607284118355,0.02946514759604803,0.030213958039216518,0.021752520774219714,0.08277936446438042,0.016959573550107413,0.009836785779334318,0.01380501271746204,0.010127449943941366,0.02121064740108575,0.019564542046741133
261,0.01270942832414548,0.31722771111875825,0.00860643223136083,0.2014392307444475,0.07552999889225735,0.005719845613648255,0.00455415922482923,0.0040795422345481685,0.0053588733415119525,0.09328603301555077,0.06539193216077908,0.00851262587744711,0.004731689787461928,0.04584476327244301,0.005506885475603286,0.007314721080567265,0.0031585451183950737,0.003242909729075918,0.024175743785496816,0.10360892897167259
262,0.013261774069993074,0.04098597675852005,0.025623059374878212,0.03299257530141383,0.025793562170962403,0.015704264567606718,0.009429214319904676,0.022542969607266348,0.04216795943468987,0.01923855084463866,0.022069170289062384,0.024077237809251577,0.565090486074215,0.03794341844532567,0.008922546167826326,0.022779357492854327,0.009100461048180172,0.013111082531588263,0.02505937331856454,0.024106960373257942
263,0.18102864789968848,0.3888950154335523,0.0028666406840277144,0.004376553337780446,0.0029140914372006357,0.043610556516382945,0.005891296242422336,0.003931061401105286,0.00422404444786104,0.0027809519873659566,0.017471718185586748,0.03410659937944253,0.15552666167119553,0.06557312330247916,0.0018710240863244847,0.07278985785260152,0.0020856463767060887,0.0014181886088262493,0.0048485919126254485,0.003789729236825216
264,0.008599184733088575,0.024954295971850955,0.030490564533475012,0.015026237130137123,0.021577901234672084,0.6505043564697197,0.04161291183885269,0.029728836591043764,0.014696267395397443,0.0057792615595754614,0.017861887991947982,0.035348019816954616,0.010620806556896727,0.013743263667263715,0.00497347836928029,0.00893552510640397,0.010595433008793783,0.005980487128691316,0.008734007622983153,0.040237273272971746
265,0.008949303603503909,0.028145996430167804,0.03326726375477928,0.030745379107118387,0.019029350478448566,0.012448384041989783,0.020832812745759863,0.02126336161211555,0.015842964895882952,0.006547688928486346,0.013888430662966848,0.012226258321702061,0.006895624250301055,0.03626557165310583,0.006430710771811942,0.3639877994203079,0.2821196113146116,0.017147493403852,0.029327534010599884,0.034638460592488464
266,0.013814139241100577,0.017303507132319325,0.01647000793940805,0.014817108966073116,0.013715350938359822,0.011737630687737298,0.023830189669349904,0.020042621402023158,0.01784984146362227,0.0309062504307765,0.023256173695132592,0.01847774309843685,0.015268511735704409,0.024467594880574817,0.008814476841702341,0.6687661285266453,0.0234870752025363,0.009019000631120228,0.013322199597451788,0.0146344479199253
267,0.007397377823464396,0.01189943213491749,0.011534978173513486,0.017811937576910554,0.013072955030689459,0.7184495507158175,0.014258151663425648,0.015137290429667915,0.02341836599918734,0.005632817153196095,0.02514747450975386,0.01513695638314198,0.013282978805506994,0.026481358217905177,0.018016255136609472,0.0064202168181935965,0.012283988522853792,0.00538948678247585,0.022285385761762637,0.016943042361006803
268,0.011539975808627423,0.015923402563301037,0.019816628471566025,0.028833692381512455,0.022499275688885885,0.031253926855235245,0.01589728810337436,0.026974629876571767,0.06292790096236564,0.007300587746756108,0.03444297824046826,0.027003997448776497,0.016758510777478874,0.033674333096828574,0.010319170522450537,0.5812255746262425,0.00829087697704921,0.014582679678548354,0.019920717717978036,0.010813852455983333
269,0.012162725929924265,0.02358575939766138,0.031279778081851235,0.02580266694746524,0.02740680113791057,0.01232921557884839,0.021089428268546147,0.03094410071796514,0.023925109486801384,0.0107602685603247,0.031164425042693605,0.025804719120216885,0.6257666111329486,0.01122683978333949,0.010181816945354815,0.009993673261059387,0.008518359461606836,0.011178691091760024,0.027325688192469028,0.019553321861252818
270,0.014010354995410583,0.022366674929101875,0.040604219443484704,0.02393853657158711,0.02217468544237452,0.009099253176686055,0.04378403841065785,0.3759189581341187,0.01921496870227727,0.023583377955957302,0.014010354995410583,0.017185710765799108,0.009676160159037727,0.030997956219618632,0.007415619436311128,0.0073206380181249225,0.00835906210305894,0.25092258170261345,0.01738578385213786,0.04203106498623175
271,0.013069564784739085,0.011133325556139002,0.035200575922859,0.01827858120637699,0.012545112484655785,0.009038883126559039,0.014421633563025837,0.020164114012572038,0.02568545164657321,0.3769780217381769,0.13100467311775532,0.037708654042647394,0.036037253326799926,0.042955233806962125,0.007758426635190486,0.007121353908514124,0.01419339114206044,0.14747888953163035,0.021734957690510967,0.01749190275625204
272,0.01632606316136554,0.048667768783415666,0.34292765134606773,0.020782430483905823,0.017308732583904793,0.08545817104610043,0.025205742500641466,0.022699712428243934,0.04225524371735073,0.014263391177949773,0.02817016247823382,0.13265214176163448,0.022699712428243934,0.03262077096391831,0.010712708611904175,0.03453501545362926,0.018274017771756718,0.013835050271946293,0.046709500331128334,0.023896012698658937
273,0.059289487277927475,0.06257110822850394,0.012335053861696366,0.03497504568289769,0.022728397671412805,0.03889006683238343,0.06282365224067356,0.019561086081837882,0.159393003892779,0.025764755644428393,0.028861190822678327,0.017974579263843497,0.08179541009389883,0.09053645566427719,0.09175968889179223,0.05457159870408304,0.02609240492414168,0.0726682390536589,0.013482237463010192,0.02392653770407576
274,0.057400694851286495,0.06854771351269762,0.008660296251273788,0.003953427319656765,0.052628495427221714,0.03414791724395521,0.03269165607330425,0.1101137135375955,0.007659018840195798,0.12851481736134593,0.15327214922177174,0.06650106977800804,0.0017285809168136384,0.08397526741841657,0.025964137276315528,0.050537161202682555,0.04382039355858949,0.04435433314725164,0.009303620032045495,0.01622553702957224
275,0.14090701723016436,0.07102560712259431,0.05036515526176616,0.11591206932545642,0.012837313561951027,0.20326937593371325,0.08776700284839856,0.01482422147339433,0.01199480491116785,0.0042032487070868705,0.00960993874265543,0.05437904770581872,0.008067173760945276,0.01743208875308598,0.012631233880407256,0.14190532608710477,0.007025562431934728,0.004365368467359776,0.013211981471964698,0.018266462323030287
276,0.08079266686762547,0.08260383664901266,0.014471556015244923,0.02160831417382688,0.008117928920020761,0.023770050339837354,0.09483772707838439,0.0080468497249883,0.07436767871865399,0.03613097224741138,0.0337384391212065,0.08947580978355021,0.005923774840373798,0.027035465723980454,0.3235856564940642,0.04790879221754296,0.005930536660952487,0.004999267452449844,0.009134390757052146,0.007520286213821084
277,0.00753186103855218,0.18947607460013283,0.029296221694150408,0.01420991625821736,0.029142850840282106,0.012659768439969276,0.030124477385157118,0.040685151124700676,0.01699529098989922,0.0050947090100719175,0.03268936942349645,0.03894966913387666,0.008465592642556254,0.015694360769233882,0.008195133537961525,0.007258679936408162,0.013355850575808851,0.4531862326427667,0.02290542988006019,0.024083360076698236
278,0.014391936960395221,0.05036917217455275,0.01914672481063108,0.026240201947871755,0.013590680387419635,0.009643863536055355,0.015372646313812436,0.42916981843997504,0.012841657100084445,0.29241729543902495,0.011788643331865259,0.011671445974730577,0.00946146681835535,0.014490046545014547,0.004890025002068768,0.007257362528045198,0.007165428131037316,0.017391435906085204,0.015117017700189106,0.01758313095278601
279,0.0115802430319102,0.022786414156914996,0.026205739337087038,0.03373385995682886,0.01981435453900939,0.6198058317449281,0.026987087965463084,0.021259890252563203,0.020833358513184574,0.00835031016022233,0.03153787676934351,0.025613452936816578,0.013111826614678293,0.021606809640869314,0.007322270319588117,0.009627941636100935,0.012642943707298463,0.009024827088104417,0.022489239971219238,0.0356657216578693
280,0.009938304997461192,0.019174845538647938,0.025754693467153908,0.022184722007007454,0.012535570478924656,0.011173237097444976,0.04346068149800557,0.01720023249810684,0.015879923744086668,0.6839617822304234,0.01972167732788757,0.025395340037327557,0.006003105394028782,0.014566651363613691,0.006156167802167909,0.005587904955873909,0.008788853017822021,0.01782353192633817,0.018156399299905132,0.016536375317772592
281,0.011217666834693394,0.014727035952935303,0.01810108794248262,0.021215760876277474,0.01579120200592788,0.014522423962628457,0.020038973356178713,0.019490502094268634,0.01769154798732135,0.007748094627009414,0.01989282524631316,0.013356336992554934,0.01221093803215435,0.0172018248926463,0.008632064865891815,0.006107188227103003,0.013887745592263124,0.008645621826689872,0.03117798431075466,0.7083431743739055
282,0.011905192301835458,0.02556929594195263,0.07560362971793769,0.03660776318257254,0.029515017102817877,0.5081280617689213,0.034941068616426735,0.022339325431490253,0.024399110562860038,0.009297831189788722,0.041559278791379925,0.020291042232085527,0.013595947067726731,0.04851569528243636,0.01199730668725745,0.008310064316599721,0.011794392164064943,0.008302068996612472,0.02923959135442602,0.028088317290807706
283,0.014017293360449478,0.018464124538373226,0.020149777572732244,0.02799730220437459,0.015151060262511583,0.018498866615291647,0.015225347492575498,0.011020793227139097,0.011855022221054806,0.008125632279775943,0.016522887115970112,0.7132271082239459,0.011937426382903977,0.02608321238489724,0.009341713676872594,0.006602228392600797,0.007875707929446613,0.01127396368666991,0.025221984188790923,0.011408548243623856
284,0.0098690109068507,0.02252550003779117,0.031245518500275557,0.016073889732419886,0.023902617044540005,0.6375938128410394,0.033909122090579946,0.038623045461667276,0.019002057691270967,0.008158740304027492,0.019285413553787007,0.030363277986419645,0.01685208541500485,0.016378284503872326,0.017991896118183876,0.008264818786353163,0.01180654891657713,0.006470382094610656,0.00915847797693768,0.02252550003779117
285,0.009463804833770384,0.016949944946527004,0.026271649518628953,0.03768804577529838,0.01246436567624536,0.009821447209184982,0.024649706952770446,0.016527472303051703,0.031621654148080165,0.007193336572507265,0.030813885823441158,0.032300838109779954,0.018296225487592015,0.022184432177372017,0.008977047074700184,0.010187152740663823,0.014951012892267761,0.6214418134023956,0.02290980157166322,0.025286362784059692
286,0.028679788023216055,0.01597168632351789,0.0179771647123915,0.011453522868098365,0.012779090305231666,0.006195166936265376,0.019601715047572257,0.19229708272512358,0.013920481764972199,0.0035089414027735374,0.024428706153077507,0.015881990684354454,0.009562976938991804,0.014994871118480552,0.006564297862934522,0.0065163113735402095,0.007314502455083921,0.5530437985816415,0.01631894492124872,0.022988959801484236
287,0.044743190355503906,0.10484398431508983,0.0014218952325794696,0.006116944738052708,0.004254147778362895,0.05287041318493859,0.02624754236393939,0.04988388016044762,0.007834051508544274,0.03840431043084269,0.06483429204298538,0.0733642802385524,0.024645672971100145,0.13367787130856465,0.09002653179099987,0.047599817503635226,0.09274231396835947,0.04349877843021276,0.03415065464549602,0.05883942703179286
288,0.13058507242863737,0.004894678159520957,0.00527507158863199,0.004351076881913478,0.0035207560433339266,0.12094050803936268,0.05138215667092112,0.0035870128706303227,0.15444889248099097,0.0017767171154977435,0.004028241159841988,0.0026218384662560525,0.16281558426613457,0.04598018581246163,0.11711050265651118,0.15711556194041243,0.015596683080312023,0.002353490405302378,0.006297081970983179,0.005318887962344032
289,0.008723071344343483,0.01802959868752672,0.0382426980716695,0.020837556901815463,0.012172860136867188,0.0808291682631494,0.009312839683411882,0.010886876695245195,0.013652675684414403,0.006342477122532756,0.01900229787873392,0.6424334931553459,0.007434545735429088,0.02742063560454861,0.007004038489870893,0.025744305529159146,0.005980799379236356,0.008849223464370807,0.0268411355555109,0.010259702616818512
290,0.008199906810008128,0.013975135235212646,0.016502471701020253,0.014538094660507875,0.015912526625648266,0.7260857417412293,0.022549633461108894,0.021579901747329665,0.017124608382173202,0.005998019903622536,0.023104906330762592,0.018449146808180866,0.010869584933191755,0.017606506728241548,0.006084898576852242,0.006645530709785314,0.00920260631133286,0.0070042826608871945,0.014468661678428956,0.024097834994475903
291,0.0908534821790906,0.031248597296013203,0.009583444466621065,0.06856877404467547,0.003457363688261675,0.02250283195779395,0.005557151254815864,0.004166325064147246,0.0035056662727369877,0.0025065566326065254,0.033176268494248214,0.009027208268778113,0.002079556718528299,0.466804699700977,0.003942749741123537,0.12695546536324218,0.10025930251571588,0.006179168807976225,0.004289764234729687,0.005335623297918241
292,0.008334832291248765,0.02065868735213266,0.008579408869391549,0.01341100676084423,0.5513865959599671,0.0101176852225702,0.01591494023848606,0.011283966460916658,0.012924865855033156,0.003523833328562955,0.013165864482787532,0.007972203248654025,0.004930314296006346,0.011058138698292152,0.006549694577675703,0.003764295421744941,0.009594824940224279,0.006603779163023691,0.03165835059393261,0.24856671223850527
293,0.007316737806119944,0.01243541263301808,0.014039768256387596,0.016609381689607506,0.018572176883659027,0.005755341623131192,0.021650196935373706,0.2881846148060092,0.018651122784153634,0.0046825286552652935,0.01768737733792701,0.01948316347310756,0.00806052170400736,0.019353127169380147,0.005760038080046479,0.0059376836770326374,0.009025766015524461,0.4628484298560622,0.01761179049804338,0.02633482011614358
294,0.014688562661949095,0.016694790222323848,0.029999619109575784,0.022986137963774994,0.019519600257046663,0.02633276687489484,0.029627390267146895,0.008957145128804314,0.02097844666142864,0.009230516531028602,0.020411003700565554,0.018869437295905914,0.014881119492112446,0.027676805089180044,0.007076278703337366,0.6353028080846504,0.00842031557563146,0.013610955479893784,0.026819836394924933,0.027916464505824322
295,0.6634037855051664,0.020762013322802413,0.011739524818427154,0.020509754717480184,0.023744888841662433,0.007307680645124595,0.020912042910062073,0.037380093667522075,0.017808857934251875,0.009730277833184652,0.027515628170464747,0.02323546287000238,0.006695017159219127,0.022545256183458734,0.008612726565106182,0.006441910004640102,0.007226179482066806,0.008477095748292526,0.021140791166467176,0.034811012454598445
296,0.014871458755845543,0.023738245751332994,0.02249909033991588,0.03041717077086632,0.024233451601210574,0.016697367913923733,0.020311194320585597,0.6046225796541762,0.020790777352957264,0.011887208889891306,0.019183060615974676,0.02829426592153891,0.01374410925951208,0.025898041452241012,0.0076823105304744425,0.009258062507908858,0.021995197688017144,0.029209853601733674,0.025197116421937844,0.02946943664995593
297,0.02112141483962124,0.013371078255814694,0.015496911872549795,0.026018804922482812,0.011827735194454549,0.00753774859224273,0.021180139912825413,0.059928219291092794,0.020601301861140252,0.007523033370694482,0.015313332243443237,0.025383824320896385,0.00831082203307911,0.016392355410648318,0.005295034978206353,0.3392157903216631,0.3476692581129277,0.009771853968800422,0.013456837947519378,0.014584502549897203
298,0.01617897130192407,0.02053951732603617,0.05167400888923678,0.02186113721220654,0.0418943305395145,0.013606273030297895,0.006302239838860154,0.036773440309849484,0.009746121303967393,0.005000994450925474,0.020015209443170062,0.031060001553285685,0.009080480440672101,0.6141255612715869,0.013765339392170133,0.012286356517672788,0.011344807730819355,0.012264967407770253,0.026841363147104006,0.025638878892930254
299,0.02141965741968549,0.03326248155928482,0.013615019126407266,0.012022701486365094,0.019169115303140846,0.5908542493422807,0.07013191372117002,0.021739619464630176,0.029654353877701142,0.007177175387856229,0.0174329861608457,0.024874546227474856,0.01225438622207865,0.01943445076779693,0.016831770932422427,0.021253457024769416,0.011775617963349276,0.005683494890014433,0.03219529467860546,0.019217708444121143
300,0.011672998259355883,0.024738211165530717,0.009674740597226833,0.00660350670182751,0.008392478926703684,0.00368275242669331,0.11503259907212626,0.0452248676553199,0.3408889992139294,0.015683791571903284,0.004842290215784521,0.003523496530492336,0.005834778190459992,0.03439980094048642,0.29393080384736425,0.008811372509694137,0.012447986131707894,0.026156884048576974,0.02075679288916053,0.007700849105656203
301,0.02770351138223475,0.1356020216733,0.012240922335151366,0.009769580529980232,0.1486690572816407,0.0041931817846745205,0.0149382011532087,0.054247669163507484,0.01762319895218521,0.021611771308888708,0.003908194371596566,0.012433914219006068,0.04183422446907347,0.00755400158421284,0.35509773120758603,0.0023873061606470227,0.00880071082375912,0.06380885815260985,0.020446188791744757,0.03712975465499269
