site,A,C,D,E,F,G,H,I,K,L,M,N,P,Q,R,S,T,V,W,Y
207,0.003116019906303235,0.03669207594656449,0.004817299563572189,0.004220190078868815,0.10399914430841539,0.002383039081926289,0.005067789119681969,0.07603774523799124,0.00379155061292244,0.6195094314859412,0.005036450769881886,0.004889601183792385,0.0026751562533590067,0.004052649344291936,0.001785523005021069,0.0020831844868039744,0.010002991409618559,0.10067275650008811,0.004413229594868964,0.004754172110086747
208,0.035978163239249364,0.25892666620930815,0.0023384408022674836,0.0016582267891708932,0.0016728986516096553,0.0007997033615558453,0.0019924591709706034,0.14578596748495828,0.0018179368344629343,0.10806207013791395,0.06778284863287283,0.0020469748107558687,0.0009609170470617191,0.0017166882679785403,0.0006439341082449314,0.0006938701509986634,0.01973416326867346,0.34396263227925084,0.0015313527618087876,0.0018940859908872312
209,0.1418199162815345,0.1922027846304634,0.006273727764061506,0.004214604450468302,0.005798538788669268,0.0036031182662018685,0.003763764162399556,0.007903948455013765,0.003175551651604384,0.002161522139926896,0.004510202827288074,0.005700969074242533,0.0045866837732294425,0.003342957928706714,0.0018833190110301835,0.3093307247477169,0.2674444135823924,0.016880609524126,0.010094213921993972,0.005308429018930361
210,0.006020700075547373,0.02238150684861463,0.013611253105063526,0.007740129009102914,0.009010085630264952,0.0052632125427717015,0.019787862559266754,0.007564083954210025,0.006577308008195477,0.0032189303335855937,0.0077837099632328,0.008223360057298575,0.005233149721017627,0.009607062421558588,0.004053026506884049,0.002903702959533744,0.004165908622626324,0.004994091288281761,0.009271118937936128,0.8425897974550075
211,0.1643601154343806,0.11478416233562794,0.022321835002005092,0.01009363238687995,0.015392873353435707,0.10559205326235743,0.04545401628187088,0.018161446767667875,0.0025944274818680956,0.03288744628029607,0.08270085057890002,0.13812781352569223,0.0011397997163960754,0.04561501892047212,0.00593055529135355,0.06809633889060233,0.030858502116416123,0.06861879052299574,0.008533219328279225,0.01873710252250292
212,0.0039553676638197375,0.007948094939668339,0.013637630845000142,0.007906135468090799,0.00893600960459854,0.7850433082954688,0.01112971496400717,0.009362803686497565,0.005525476150688436,0.003217395336280196,0.006942399150484217,0.008588954391745082,0.004215403233404272,0.005859816417977886,0.0039577087149803005,0.0029674740099669803,0.003277355171965674,0.04520125557954652,0.05256599244464364,0.009761703931165745
213,0.06438616783767585,0.03468429335677234,0.0014996093969805767,0.0011167295915101374,0.027920555003797157,0.3758703148772262,0.06698005367467953,0.0016511925776715886,0.01388620055078342,0.020468889632492774,0.014217235681266371,0.036228616742923214,0.14018717964666683,0.008932777505289806,0.030456280386536323,0.039489598427696594,0.029442463927995904,0.004180908533877822,0.008829074523571961,0.07957185812458553
214,0.0028265712577547173,0.0698926653058795,0.005677396055716375,0.004594004653833495,0.005451269772802802,0.005146129825293146,0.005662469471972202,0.0055413830974752306,0.0036237758639942664,0.06851353085187847,0.003954148617656915,0.005124946144196702,0.003123069228233862,0.004333569278308514,0.0014755952579486135,0.0016574863704077643,0.0021937041620684046,0.0026681056429211838,0.7919082866356261,0.006631892506031732
215,0.01761016749346625,0.017555751092089924,0.006060915044793208,0.0033057981732050085,0.004352638830519236,0.013190571974443047,0.0046916511426867,0.006117803099044565,0.37216611743350597,0.004416225867911915,0.05281792884992737,0.004937512294867959,0.0018499301651354273,0.046571757766185745,0.3871212061118385,0.024320421054306995,0.010331226851995721,0.014182869202460487,0.0036314755566379344,0.004768031994978193
216,0.0037831315817553122,0.15483322103960442,0.004644682436350436,0.0036611470124472876,0.10288274141071586,0.0019733549327384413,0.005632528351332259,0.005121933255573317,0.0033343830306854817,0.37702348394619883,0.30939724942658275,0.004527868717501756,0.006413446134774518,0.003893602716772901,0.0014798311603652428,0.0011901199270476022,0.0025091473026252514,0.001869681654629035,0.0023499529894704836,0.0034784929728287964
217,0.01634487535188923,0.006752787576722948,0.3931390902672891,0.2274057848104316,0.021454444935177508,0.01263316159717866,0.01901673075010833,0.008716846264345476,0.0070995574949606205,0.005999451955703711,0.010529823625244746,0.006007624882466597,0.004087167505824634,0.015223320385088104,0.006033796106465604,0.030712766697443734,0.005999519975447529,0.003628472907571579,0.08827446129600007,0.11094031561464003
218,0.4624546864735078,0.03400800508142127,0.006893722915835464,0.014350003744706451,0.006036485765642815,0.03713859165283085,0.046112631300244455,0.007237324507482388,0.005777104216716271,0.0022101564787069313,0.007048285354548762,0.004901143165455588,0.003713167750626186,0.017508762206309654,0.018052579446822332,0.12683346820661798,0.11832544179237013,0.056568438222325185,0.008055834581769753,0.016774167136059736
219,0.030969431097140118,0.058927651682764294,0.012190879217371754,0.06296657487505053,0.03540764743737553,0.0016065593587895185,0.03977634540267954,0.08579359154197304,0.0545883917007195,0.08165996713976541,0.08027008386345824,0.06207682185023045,0.0002021192372383329,0.09383621759253287,0.06872698001332096,0.02898933536318626,0.0732087317885876,0.07893908344407354,0.0317904066915956,0.018073180702146956
220,0.007059817982228548,0.09764815006427147,0.008463086600189634,0.01873004912548776,0.008759125669740003,0.004162370867958334,0.009221855838689431,0.009240909087896543,0.007258161829984184,0.10039668253270996,0.008401431864240241,0.006892200527958066,0.006233100508453937,0.010131516245351793,0.0046676929512466875,0.00339663222444713,0.0043500366738763166,0.004968325281349003,0.6188484692482707,0.06117038487565025
221,0.008082806123749377,0.01985906424480739,0.6611024743680208,0.011639274787930325,0.011494737242741164,0.00838191856719519,0.009514834697988042,0.013167293332276961,0.020881471625627465,0.0070131279151034965,0.02004808646529113,0.008618344966102216,0.007184204860215842,0.02405311342073943,0.006905470275632451,0.004833083897852066,0.00753234816850307,0.006232062652153686,0.026983830149749127,0.11647245223832087
222,0.0024687640657859306,0.00766217898615159,0.001839805416367849,0.0037042468717423693,0.16750548954404812,0.10373260631124713,0.17397273142284142,0.0020686491351156614,0.029505888635996246,0.004618253196055596,0.19154265026133724,0.06060135193015609,0.0037405489482879484,0.05083485260838949,0.01827846135262855,0.02973750778294597,0.032697810561595264,0.03153336542116466,0.0040728890557909314,0.07988194849235185
223,0.07294951849015514,0.0975110850121728,0.02789309718791581,0.05134181260716287,0.08241500761898875,0.03308822394849375,0.05861819963768148,0.059480762155555235,0.0020982730956446657,0.07847956062186351,0.07352576323183917,0.03256360213662446,0.001121059637351496,0.03366197955533804,0.0006718408223143341,0.041138865581745565,0.06474778312931324,0.05724710313953365,0.05480559815468733,0.07664086423561867
224,0.012957951037930847,0.006245165952071606,0.00903725885963814,0.02792456507186793,0.007368725798906415,0.03385428902543166,0.011658559645574352,0.03145871105561452,0.008406310235786528,0.0029930534545348,0.007249041228077772,0.2717675854673786,0.004303877726558422,0.05458153205872094,0.017926629539866092,0.34669925555584263,0.12879893200080325,0.0032566827502980016,0.006234632656178726,0.007277240878918657
225,0.023204840612649557,0.04994736021331356,0.13374731965749218,0.4496570351752738,0.008405745765110951,0.004432976798267296,0.06001694799967395,0.007750313388341421,0.0180693684159481,0.002534080362765328,0.008308891926859028,0.025045306910394385,0.0254853601734267,0.07384566848448232,0.0035610232410968425,0.02086503485363768,0.006829579834751899,0.025311467937760374,0.010476553108338572,0.042505125140416246
226,0.013942661469101643,0.014909742108440144,0.015542244295540885,0.017618629728190397,0.01425068031015752,0.009963095217902637,0.032460717182187654,0.024128810770393454,0.034314901306674334,0.005915409755930464,0.02153806551293089,0.022211578758699262,0.012409934563553207,0.021987517218492555,0.008640733311537226,0.008543049088242915,0.009128407852388621,0.6714295407579014,0.023692084103247527,0.017372196688487284
227,0.008384061225899124,0.02564126530895811,0.026710953311540022,0.008328359990018656,0.02602983642778948,0.010944766528596528,0.025993662734953668,0.0175318629687209,0.006091338613533806,0.003180876749909264,0.009826320533127184,0.011738904029845681,0.003526430745572181,0.7512729071032925,0.01166926277216696,0.005498292662249542,0.005011448650665715,0.008115559055322236,0.015962404056758164,0.018541486531080252
228,0.05712283965912781,0.01871697873242757,0.025098921526021778,0.040641978702705917,0.024554672989529142,0.01517141762806333,0.02278244994760202,0.04468086399586135,0.03289750558139843,0.48513959036661425,0.05737321165523448,0.012951851787859894,0.03406716750279876,0.043954252968151204,0.009856127660882896,0.00770289923746411,0.01179197227525579,0.00839840521167485,0.030047598262664243,0.017049294308662147
229,0.026036255225402344,0.03152590853793793,0.06799000555953595,0.04381915065190082,0.06398422441374188,0.012012877843521211,0.10843211683842946,0.02882331770079687,0.0017729333643370677,0.12945169848754964,0.12868939536640964,0.0857070607762626,0.017955915465229916,0.07674343821743529,0.011868356678969605,0.013830788305809014,0.02370649473362578,0.01104795246733365,0.016671146884511757,0.09993096248125953
230,0.3288165337905426,0.0937568889204227,0.036937403875949765,0.011983908882079777,0.023597940176069948,0.004412809368367034,0.04508734871621472,0.02764646548819832,0.013149524522358737,0.009403590237392817,0.01798568410575803,0.023966506337780063,0.006405429780802376,0.01224898237023618,0.0070531698418522665,0.008768566548207532,0.047634216683331565,0.24203104890946858,0.01838280819497566,0.020731173249991162
231,0.009884679626981923,0.06639186087660051,0.005759733026434677,0.0041595617697778075,0.04810529439486914,0.0021965923187127327,0.011691506325721095,0.22585990078240226,0.00799473151420923,0.39372189907955435,0.012746086822952777,0.009299422931212388,0.008885117896431774,0.018412093341235645,0.0038217732683866524,0.0034422550607921556,0.007157198720553323,0.1351379352200681,0.005914901497246729,0.01941745552585677
232,0.13418159685947811,0.13036346230049287,0.0035068758858894655,0.009008129141137305,0.004498776917245048,0.010527352404603148,0.060858621193765054,0.06392633337154557,0.004555350601504905,0.040690437964943475,0.03465778564128713,0.003372399832886093,0.09683335514923547,0.08978973625818158,0.0018279445275516566,0.12331780487077115,0.0720906390051685,0.098908463266442,0.012984373212611611,0.004100561595259805
233,0.008178677694108774,0.014165004096463478,0.01409657174804201,0.014618768777807782,0.010449013318073382,0.007999720592431583,0.12515444833737993,0.013158087879615645,0.01735961012904058,0.014621047405075298,0.018248378408407536,0.012129425854764205,0.5886825102262968,0.016874017615238827,0.005849971107735029,0.005164890656773306,0.0761964450225946,0.00858535488133197,0.015394667754180599,0.01307338849463859
234,0.056257947593848744,0.022829620089962657,0.005712770163048702,0.004508009341273565,0.015607676048224406,0.18633340942561963,0.15375292260608608,0.0066694414389341095,0.05657770842930682,0.002634356642869704,0.00756108298880169,0.11153212303728961,0.007079805505955492,0.010916302652292617,0.19358986040564893,0.05244056393557292,0.006946173063642515,0.05309392412982846,0.03342187704672602,0.012534425455067298
235,0.08705735214587053,0.021344528044344575,0.24113970825000688,0.13578752984535858,0.003346176822548813,0.08249350157220893,0.04477448674165049,0.0036668017891918207,0.05323485304725547,0.011398872650741977,0.0085954212323747,0.08053454284823053,0.0022443414724717036,0.05435303544786185,0.015364648607336369,0.0620030699683663,0.04850482292572817,0.037663260750845216,0.003477256915793789,0.0030157889218132006
236,0.060806856374035,0.08481761921704974,0.035228342887488114,0.03482834522517717,0.028226798669623614,0.03871682005652073,0.07155030528549298,0.039615765532307896,0.05789828143388102,0.07039237461374195,0.04966237095151702,0.07778578429417214,0.05326634553243579,0.04507262951423991,0.02276909014236847,0.05168165227517668,0.07171643726175504,0.045479670197932566,0.007949704639273395,0.0525348058958108
237,0.055375745400126665,0.12410275999409866,0.00600004529329247,0.004487286843227837,0.03049116207157403,0.020464814470696802,0.038330152286563716,0.052313894557144004,0.055785827880982,0.0540421233220905,0.03760799572628176,0.01590419817472341,0.16029039260500427,0.10689421490220508,0.011061481501432045,0.05476486538877177,0.11766739071453447,0.019094475774819906,0.003466683060816068,0.031854490031614426
238,0.013749456873964637,0.07910367611433833,0.0007140580742165193,0.054109815229177106,0.045184769085789715,0.010803191799121523,0.02288475464321869,0.14086416204180388,0.10371762343452823,0.10881727445302099,0.04873121733179577,0.022977301618505058,0.00036321998983590895,0.07533445450321949,0.025955268226620396,0.04145601758373651,0.10031868157421113,0.09936145426812586,0.0005720196557425661,0.004981583499027693
239,0.02742892307451007,0.06644294283183697,0.012153005064808037,0.011081237185619389,0.009582731018123824,0.04720386941402511,0.08524492435427328,0.009350883504016631,0.008886045641110826,0.0038435226285028867,0.01158793692407042,0.4966592954747948,0.00544224564658215,0.011863398518068835,0.004836759348343709,0.1529717882144114,0.0037924760254923937,0.006920434041652411,0.011776679383207847,0.012930901706549003
240,0.09847745029065937,0.056345772376340475,0.0020729303405469233,0.0027790925938423494,0.0012380391762901802,0.0016280168045685675,0.0018403890212402541,0.14643510926038508,0.00317784950730899,0.016678800879362892,0.06182799929938857,0.001608830106612772,0.0012498316474585452,0.0021257040370144514,0.0008762786755653666,0.01935760565294455,0.3147561607622176,0.26266620444436795,0.003350236975390821,0.0015076981484943009
241,0.026594244557580544,0.020303119369990477,0.009580765251954277,0.15826573465830027,0.011055908808011336,0.015536772402074078,0.04333641492537129,0.009252637773381889,0.12451662579130414,0.0022961250907324923,0.015926754599105506,0.007188690761898513,0.00225729995571472,0.5134497488136441,0.0048475625617848345,0.009401991315479368,0.005401795169376451,0.004567789474109562,0.007432679457729627,0.008787339262456626
242,0.021676539848570164,0.01798340739530047,0.01765029745905501,0.021817597905290975,0.030872280352473636,0.008047763366011979,0.01801662066779511,0.01657840169991268,0.012787073117767882,0.005805517008368211,0.013600607828650977,0.03626974235888037,0.007956595439270844,0.014115300684590402,0.005323891285547599,0.00665267761765715,0.6995308174517452,0.009360333252455359,0.017473464457518753,0.01848107080313724
243,0.04902862146974612,0.07993579350495214,0.007040542520945908,0.003515729136178055,0.0842851416038546,0.003061656596166568,0.045550098680735306,0.07634659988265063,0.018995037633547648,0.14210931179723876,0.10187331027629731,0.01869667620384521,0.001537098684914085,0.08611205121353553,0.02555946160586473,0.023647043971345594,0.11086588780963512,0.0476430558748416,0.005551831247419584,0.0686450502862855
244,0.01176831996550236,0.024940966091696576,0.016456634973131923,0.023850016115996724,0.02670645170408105,0.012433915618517014,0.15081389623853614,0.021321444211072637,0.018426719854311626,0.012631300641024157,0.02361173027288138,0.025077692169184426,0.4937346887042276,0.015926942433552433,0.007270998640631983,0.023897699797677866,0.016309750810263535,0.012047454126049767,0.039344595667699794,0.02342878196396096
245,0.007496259096576166,0.014322906576764724,0.01625945088469526,0.013331325119540036,0.012792153887959208,0.6158800169118365,0.016549754775474473,0.017449297639815432,0.009960685491656794,0.005286146324117738,0.013481473567053348,0.014963152441725946,0.010221393644583143,0.018494247646686227,0.00877449245367523,0.005412040880707378,0.007024907734597034,0.1624990344821482,0.012743447637201553,0.017057812803185548
246,0.0038606017447188772,0.09070947353161557,0.0026775532458973906,0.0039984154807501055,0.12507443785722536,0.0018496233084028743,0.005145504016298285,0.08355124428712031,0.0024230873413390902,0.09634893000749328,0.0023194525300677354,0.002626588931850715,0.0016260427186587138,0.009340786812489022,0.0014993545401680436,0.00121541037052785,0.0552482589377089,0.12773284415778197,0.30423470392455504,0.07851768625533088
247,0.0065446012234264455,0.009225706732859412,0.01321813611739981,0.011348110560322667,0.6400400745451371,0.005172003309113532,0.01369359285852855,0.012977789967669434,0.009812978891909565,0.1850063793615844,0.015042534579566101,0.013430636789309279,0.007389284337178892,0.012020790580358159,0.004227698946283848,0.005461718988634484,0.006842129251747302,0.0055304381381024335,0.009755101874538846,0.01326029294632973
248,0.01591938391889251,0.10904448061908334,0.001623340110456615,0.0029051027481657166,0.00929681811308519,0.0006963831410650804,0.15933990963862435,0.08738297597222582,0.08744370278622264,0.005494988642101098,0.0774894619307862,0.028751843862954634,0.0007035695952639343,0.0286469109108199,0.18975883903698376,0.03997730988223001,0.006382686771981148,0.1256457886586484,0.0012248270975410982,0.022271676562868697
249,0.0027138401733935564,0.11280917182801918,0.005345877357124776,0.005529039569183672,0.003927966139299916,0.002370858753945392,0.002749725471414171,0.014156016653472043,0.026995643607413813,0.3484684099363406,0.30808126005129266,0.002894166049517173,0.0010476981427714929,0.004169180125949167,0.0013168952659150905,0.0012723243119760056,0.14519341967529145,0.0022521093739676554,0.0049607956428370965,0.003745601870875102
250,0.03573139449327098,0.0706152586939188,0.007258387203935987,0.004200886670439862,0.0033204149321835303,0.014845322880481253,0.007492061934575936,0.025291142836658512,0.2319595747702575,0.0031908252818860956,0.022459407699640433,0.06126246455221798,0.07767063038186249,0.12464893807447465,0.14989149766929047,0.056474074804149975,0.036911102454781124,0.059323011937072255,0.003973546533942124,0.0034800561949600317
251,0.022882006844519725,0.02698962367962778,0.2852999856771062,0.24553691982173723,0.01163107134818562,0.018542314572248402,0.025734590754125347,0.008035887027330284,0.006353392875186975,0.0025906884008897605,0.008415980696958798,0.08068267166640099,0.0038847093363424032,0.037758309994555754,0.0029055364129240272,0.05163563638990456,0.05416197988461819,0.005215605754487579,0.006641918836837137,0.09510117002601316
252,0.0775309929964008,0.10490546591402654,0.005378552198743642,0.015471498953158157,0.09851318196076003,0.23708993072451198,0.009197959328783053,0.005024772646239417,0.03641276110262831,0.0030677981965870787,0.030009604887563584,0.005715362525131463,0.0030164551736813904,0.044634163203647,0.15240940084461907,0.00805984195366352,0.011592397919173695,0.04122118053194356,0.07347415618030691,0.03727452275843082
253,0.0035818918775401784,0.038391931173613295,0.2447346475728592,0.2624521978595023,0.004576579561336176,0.0021040117878646882,0.005954826120228282,0.01906803831689621,0.007947623806313702,0.002342930561764389,0.01431936928423719,0.08880982393854014,0.002763873865706835,0.03984059363509571,0.0019467772432080436,0.028465322793120765,0.0717016609898716,0.005303115990870318,0.005006433281233495,0.15068835034019745
254,0.008129052844703697,0.01165817962283785,0.010425950050624565,0.011239332163013456,0.010035948358254936,0.005871530496379669,0.011233056707549788,0.631283536178226,0.009225475607390607,0.1585781814348679,0.04836275219635835,0.00874227395494183,0.007034276187956348,0.009846177080341424,0.004947225547102652,0.00393191385232304,0.01719582958428478,0.011564757076263069,0.01307532386938857,0.007619227187191511
255,0.004797604753199173,0.00787611720326302,0.007792437810447204,0.008643992708204299,0.00584411332303289,0.7277981901207317,0.009150638852321981,0.007878051691096044,0.010815930814653171,0.0030403386970050384,0.010251519236872769,0.0077722530254141576,0.010051324550752614,0.01608021099600092,0.009522442579889906,0.003060465439487202,0.005604656866945216,0.12834820539078995,0.008362679003929691,0.0073088269359630744
256,0.2054984985320437,0.7204055733933177,0.0071601702637600255,0.015799834701119377,0.0036555515700267354,0.0023618335269805298,0.003586537918857867,0.004177275073680447,0.003739986378754589,0.0013709224390011888,0.004372884867406525,0.004802978333521064,0.0017292596953880973,0.0029189324648207504,0.0016169303563350302,0.001112560966765173,0.00199160505657211,0.0046412306889380625,0.0049639952424817835,0.004093438530229427
257,0.01109085668073359,0.028174340855813117,0.01930693265606252,0.022535812558985055,0.013940536120234612,0.009627450082347878,0.020034861620651493,0.045435509240734064,0.037110918745962444,0.007477776697176949,0.035676686392438234,0.022026330653710725,0.014279656410110511,0.038604186464381185,0.009890910412966303,0.0074758741235896155,0.01271729744444236,0.5871096396953367,0.0317843408091154,0.02570008233520733
258,0.6544728522588318,0.016702159423260254,0.06710966138723833,0.01696182343058937,0.01337585956059171,0.006850338472495392,0.021355273091553426,0.016491224522694158,0.022273543448297087,0.006802419117846407,0.021054379991972336,0.015313081781737037,0.006941496648741343,0.020010097089557376,0.007540449642324601,0.026011394043656894,0.010936307440020582,0.014894514156844155,0.019986352365713122,0.014916772126034568
259,0.004100250602304884,0.009033426527303974,0.010904919866803942,0.008548720227233872,0.00855037367354518,0.006353403040538955,0.005239342978996846,0.43770261980128683,0.006397893768834318,0.2600399772781256,0.15871390543884656,0.00798283991380365,0.004804567070487742,0.0056353784529429895,0.002195573964575677,0.002543704688705789,0.004066286347870857,0.043083332382065014,0.00667354212913514,0.0074299418465921
260,0.00829771832871036,0.01595320666506776,0.4516863936261686,0.010032514888841436,0.016147542689013618,0.007535448182072487,0.026850547892565486,0.026196465255033403,0.03051503257177735,0.007417735313978986,0.023903502624310288,0.024970719038904157,0.017793553479391797,0.06553212943216749,0.013720422539784847,0.00816721730158726,0.011060295790907953,0.00822961707537718,0.01840050249433543,0.20758943481000416
261,0.010935580241946253,0.3569907566028558,0.009319625888809184,0.1452436437513133,0.07457505835007797,0.00588702243086664,0.006319610184351843,0.007644950874730644,0.006199385455247185,0.07168140216471347,0.10830403158378953,0.007551371937992753,0.004796211875540796,0.038472103421361696,0.005078472998506534,0.00655131251232164,0.003337010758521349,0.004132042240063358,0.01843493007740503,0.10854547664958507
262,0.011347945374134001,0.029957524604187224,0.02054722392339318,0.02931043936346252,0.02048763323710892,0.014127204292997797,0.11184537422173768,0.0223440355673642,0.0322268793603774,0.015264262945152937,0.019777280382145157,0.019186658656771514,0.4427201973948949,0.029998362472789475,0.007239315140564212,0.02002841594993615,0.10032678225952625,0.010386684249292502,0.02269156728474118,0.020186213319422778
263,0.174776046094732,0.3849804031987854,0.003223392920636519,0.02084598922651559,0.00285466430925251,0.0397973010776339,0.005422093727800254,0.004115270500255554,0.0038710152080382045,0.0034907274929877226,0.01306371381800537,0.032455992459252715,0.1316958950812829,0.08934898206887439,0.0018451745506904685,0.07576609870583902,0.0022386676304920815,0.001462807768538074,0.004483656570804712,0.0042621075895826095
264,0.007566450954915044,0.024535045271485433,0.024434443959914103,0.013637177496871045,0.01905276855523301,0.5368313993662953,0.0362990265125631,0.026237038359025158,0.012649873359152063,0.004993785744605148,0.015019592704933069,0.027672747482233837,0.009414288237323628,0.012703038655414972,0.004284378882412668,0.007512850426086521,0.008619455694346396,0.05939586995544386,0.11547025130376891,0.03367051707797688
265,0.00908078949872579,0.024577893533372922,0.02888651727489766,0.037938607144528756,0.017046655587244837,0.011653093413848925,0.020596883268884716,0.017787725313667253,0.018490016478974924,0.007853463500280863,0.01470948119399347,0.011580295129325324,0.007019539464059477,0.03210508765045684,0.006582099427670659,0.3793755635254142,0.2754643842275418,0.016882189687916906,0.02681905923197624,0.03555065544721838
266,0.013991540033158065,0.019221211573656773,0.020761601850170317,0.01401644041826212,0.014392228859534895,0.012308318880556023,0.026646549325854713,0.02271805735174423,0.017148555876376526,0.02299522389006317,0.02132020023619008,0.022565882268438642,0.01657616283341812,0.02428191970775712,0.0091368500802121,0.6621339569678841,0.018646871305289414,0.010316569572595396,0.014544495984066862,0.01627736298477128
267,0.006863507763662718,0.010393494573524219,0.010378353026746787,0.014963387800163937,0.011507069684520685,0.6249841158182475,0.013537985808890459,0.014490673898501066,0.01953580749129177,0.005483447735438361,0.020688546498336114,0.014239071375366301,0.013003086323609645,0.023237771473392208,0.014839751222188835,0.005893165092105076,0.01121373920685755,0.12998679360556656,0.020440456502630516,0.014319775098959556
268,0.01074410270494447,0.014158449385349383,0.019312656646096393,0.02568294852714219,0.020835969130146126,0.026616386919504697,0.015590386522140912,0.02796747549083052,0.046944128428135105,0.006436033897422303,0.02982625286682943,0.02410423596423671,0.012943764356560262,0.02931382277106964,0.009267018275204911,0.4976798810213063,0.007561108317494711,0.013508968451363595,0.018771892377199163,0.14273451794702333
269,0.009339433965767403,0.018830522963282904,0.024477649313549805,0.021861803012239802,0.023289689271044096,0.009772818734986586,0.01592362886460262,0.02389141801172751,0.017762304954025414,0.008381667015432793,0.023385897388263004,0.019812760106611857,0.48262015813849285,0.12070269890160878,0.007857391908843346,0.007827455102522002,0.11848280295098479,0.008935195970150963,0.020547137985277505,0.01629756544058596
270,0.01489324079748401,0.026537116404493463,0.03879248835606338,0.024074953499801318,0.02137731603722856,0.008519821773844862,0.050290774649171,0.35642681911186,0.017397243419358565,0.021361729478332186,0.01356051980535354,0.016732494437715847,0.009647957637651278,0.031216012000778632,0.007455819589532707,0.007033631029981148,0.008210385032297512,0.26268173888054963,0.01818471497707079,0.04560522308143152
271,0.009824137412682588,0.008919778816058719,0.024964612393872054,0.014835253181832287,0.010085604368531483,0.007301622858763526,0.012263954752931521,0.23644176744336054,0.01927637948783334,0.2858237286410672,0.12706324147541506,0.02705265385668451,0.025665022261131026,0.031119747083615052,0.005810134810655741,0.005608667295056561,0.012221065812085074,0.10452657105185433,0.01640352295526023,0.014792534041309162
272,0.013518237641233916,0.035912844182239334,0.263312701016736,0.024106828544995823,0.015006820049232086,0.0638625625126931,0.02258326998925357,0.01717294455606197,0.03202312358189555,0.011820704114163553,0.025715438305413656,0.15671955487417058,0.018022862446575586,0.025600141746273935,0.008793074785695904,0.024307664003640084,0.01465958208114416,0.010379255179062715,0.034292089608596664,0.18219030078092194
273,0.06625895597520717,0.07725884483699706,0.013851291582868916,0.030267403505034905,0.02359414862688221,0.038367381661220334,0.08015230675093414,0.0333258944314426,0.15318608884548301,0.026385831231250812,0.025572206516240804,0.0289654196542851,0.0668093766869973,0.07724140413473214,0.08699421146460079,0.06093927238485151,0.021348075037206583,0.05450633214738789,0.01191557485339412,0.023059979672982723
274,0.06031597159153746,0.0725084344771784,0.008004825584384308,0.005047210273022614,0.05177106056558064,0.02829758495270562,0.041087173861547664,0.08929727828256333,0.011536924719912143,0.12163119016452477,0.14612599923968883,0.06913899342068681,0.008470321804523796,0.07286465603170444,0.02760826261131373,0.05856159612837251,0.03579066496004843,0.06172411623040913,0.010079717260138232,0.02013801784015715
275,0.15009459760678853,0.052390098374551164,0.04354536688858147,0.0915753575497661,0.011592129780365676,0.2054438811932291,0.07014136473201484,0.016226466770004843,0.011168362834649545,0.004388078918326736,0.01105863762833661,0.0556361354942187,0.008700981411987082,0.03322007947129281,0.014234732609303696,0.11840210395935712,0.008283489449495736,0.06289278840820611,0.014175693570937606,0.016829653348586514
276,0.06109697958460844,0.06640966592618315,0.011473418978470375,0.01583188260154117,0.006716034733566525,0.01722981762679088,0.08353788335484369,0.18261184521699034,0.05286707167778277,0.027642696489031726,0.03170073124019952,0.08128690849462994,0.004697427066385985,0.03197582335042413,0.2615263875572458,0.04043815489727942,0.004517183381470513,0.004370183018474381,0.007915308806341856,0.006154595997739321
277,0.0070935506069979,0.20845746030676204,0.02902890157148676,0.013694649553798163,0.02756978474861459,0.011289271759262134,0.028850449946871762,0.06819347270313718,0.01803472607000955,0.012178200331004889,0.026014284997317557,0.03546453319797093,0.008294357388943812,0.01502198899167477,0.007698266384222152,0.006467363461957411,0.014504360195691214,0.41651551604938564,0.022868756273682653,0.022760105461208897
278,0.015192219191827575,0.046144143430225,0.02321332637000703,0.026713035461941637,0.0161846648390583,0.010553785711154307,0.018497517583443094,0.44346491577869757,0.013616996586415263,0.25710640933033563,0.012318920668011817,0.01337855853471781,0.010917428293917135,0.017909117737577838,0.005531504312158811,0.007450452476093376,0.007479239112251221,0.0180153833094615,0.018785381102559104,0.017527000170146027
279,0.01021837882131041,0.019473660970902692,0.024322842010793003,0.025603944116401805,0.016753888202708258,0.516341144883984,0.023701682909810094,0.01958300947316624,0.01800031514709737,0.00719838513524385,0.02530796937918837,0.02197017037649794,0.011188485285762306,0.020828617060018585,0.006267816025721846,0.007807617443765822,0.012099530452164144,0.16428404420696832,0.020132088487030728,0.028916409611464102
280,0.010014854180504304,0.022026823583271835,0.02470161234594744,0.02403340789551151,0.014917016370846886,0.010728809424078542,0.03460019201073048,0.04368991758241781,0.01608280639511572,0.66052089186159,0.018796647411142006,0.023708861722612055,0.006015526212505761,0.013861285621969886,0.006004663745979327,0.005779401798176651,0.00884980962362366,0.016032539330452872,0.021347859424109963,0.018287073459413054
281,0.012538412274056101,0.019094631450878904,0.018615585478541224,0.02382377882653841,0.015367437125128636,0.014319919716213325,0.02160518888834614,0.02094504590477893,0.018342558841767043,0.008392042498790752,0.019120793486334973,0.014612906189245054,0.014887248978228018,0.01717656478930597,0.008201287708112443,0.005926780314519743,0.013306471235583822,0.008855950378545039,0.028736700715769614,0.6961306951993157
282,0.009291457388670167,0.20691973591343304,0.052738044847785805,0.031931078348269804,0.02419221980447812,0.4066449564319818,0.029451602656920216,0.018655835067604227,0.02025037524027883,0.007811247603644696,0.03738234672363324,0.019684918400692746,0.011483004927496142,0.03911710945885687,0.009780655143408291,0.007576361286366695,0.00943811708702763,0.011512762399865031,0.024703301367488602,0.021434869902098194
283,0.016336772922661832,0.019519824250101483,0.019842436507320163,0.027894190236967806,0.01586903315462319,0.018100904056476564,0.014345378071134307,0.01178436957164309,0.012427525647721871,0.00845304940385877,0.019255724238668837,0.7076028731514818,0.01286749813863,0.024175074507126162,0.009571766400783931,0.007148307648852342,0.008455097682380409,0.011494131869009,0.023806566808222795,0.011049475732335584
284,0.007763570530151508,0.018964433110475364,0.026356751986244115,0.01315958154706637,0.019882511114974587,0.5082605659271398,0.028527231021641838,0.03212531965066841,0.015258541423063132,0.006734411683792904,0.016461120403578566,0.02384636335866699,0.01353739290975063,0.014866289421196133,0.0155015369723266,0.006964196643374148,0.009496446234402522,0.07957206060395437,0.12355987069279267,0.019161804764739426
285,0.01701391836221262,0.021285881097793283,0.024427760720186806,0.032038691557966424,0.011710127517605593,0.011041294482838864,0.02841623932864397,0.04152290565297658,0.031654427494913547,0.007478341601601188,0.02696210913474488,0.029704188455093688,0.016477162715584085,0.02477553925168996,0.008589720084611065,0.010315876736951472,0.014576227066690177,0.5947951884110726,0.022186528755542986,0.02502787157128018
286,0.024405034296835482,0.01624546766993466,0.017747090815093226,0.012791436848003183,0.013417360725961835,0.007290090122547278,0.020603144168854417,0.17534557605337783,0.014877997964237532,0.0040097240773913105,0.02053168869093232,0.02147236532099347,0.00902286779129583,0.016752397558261595,0.007097291458145641,0.006545541150513275,0.007420733509869311,0.5658069193390429,0.01603505155010342,0.02258222088860538
287,0.04863206474123886,0.10543721301669691,0.0014225180494126842,0.005836772536932521,0.0032857081030388427,0.04357542182609078,0.024885360964528595,0.050342339784312025,0.009326589554901184,0.0358625949935743,0.06327328827382041,0.08932169897325265,0.022938043346853742,0.11094380633860305,0.09443438955740853,0.045651573382147724,0.08787601739466945,0.03797578752298344,0.047390434392227364,0.07158837724730706
288,0.09410121883089502,0.004243298056387739,0.0048978761099025435,0.004454843751867769,0.0030377515542965596,0.11730315253637186,0.05701393749054314,0.0033121163920743595,0.13340558556022944,0.001727077323151831,0.003770692598867996,0.09254424034909127,0.16737150961868216,0.035042327613795325,0.09705207885473495,0.1554072106013933,0.012721875572244232,0.002164788854213091,0.005283253139628789,0.005145165191628659
289,0.0104798571569384,0.019913461514936306,0.03338886110436483,0.02967916271438063,0.01397915310470805,0.07420284314558952,0.009573100042567716,0.011350911190452404,0.014502756302009973,0.006793780025078681,0.018369225126689672,0.6347794309951426,0.007429098226887032,0.028542271509926446,0.007234820936637438,0.02727937866241084,0.006170571452872614,0.009564427942995076,0.026817436260393387,0.009949452585018616
290,0.008065691467952156,0.014449953506169904,0.016134844483374974,0.014956880217461463,0.014886014986011184,0.6906660902517308,0.02187735121766567,0.02199133699110097,0.017455460508932888,0.006331951155155086,0.021819766740543572,0.019379702491929506,0.01026591741586988,0.01777672607297845,0.006044522681677672,0.00684597577485051,0.008734157802168645,0.04047375459259213,0.01551228494679432,0.02633161669504021
291,0.08474123162334794,0.026105731416601857,0.00991580107541482,0.06500790338820323,0.00703031011124319,0.02884841179052917,0.005997212266694416,0.012713486827862155,0.003576270180104211,0.002326021973209257,0.044169383596264045,0.012318673493499285,0.0025325935274274525,0.427694540043201,0.009711722445663278,0.13062655982826663,0.11039198076233858,0.006027780885454218,0.004623261871986847,0.005641122892688377
292,0.008092614827016972,0.01785833262471896,0.009396892863895168,0.014598035713846104,0.48771849179698545,0.010088111618956619,0.022243846395545663,0.010865632444520925,0.01229386418765624,0.003686417473939232,0.012648071357964462,0.009400676555733204,0.0059135097337429,0.011968701154237435,0.006354185727982434,0.004348173756647029,0.011299599228106144,0.007126435701991697,0.0946513060819711,0.2394471007545422
293,0.00809316768908589,0.013509918156499184,0.013927033188601301,0.01655354634761649,0.014530664357329852,0.005794260565853468,0.018348196924447818,0.34547089910797246,0.017416468420840134,0.004808031992088089,0.018642366418465697,0.019839557175252733,0.008799071899262085,0.01746927246392967,0.005428612407338663,0.005785330858425587,0.008626998877593205,0.4186167537891194,0.015800916051444836,0.02253893330883343
294,0.014973178456872129,0.01661541663529291,0.0281088295756861,0.025685698673662122,0.020784271861390206,0.031798608506191456,0.0282292717187321,0.016413481023419746,0.020893368906160514,0.009211200975231391,0.019623752592655048,0.02861177367420703,0.016828484126616385,0.02733258056233995,0.008035142748322913,0.6108290292693453,0.008774711862182866,0.01228964136407778,0.025988974432585535,0.02897258303502834
295,0.6008875144912047,0.02041730757560006,0.06130339584520265,0.019115348040948724,0.023345314877754136,0.006895161053795407,0.023805309980639056,0.03281122087749286,0.018734448853974996,0.009255679408957537,0.02820770015424084,0.027630552322275653,0.006539965412938578,0.019812691051080453,0.008462906824718423,0.026629818419394446,0.00864053928979523,0.007906013860522105,0.021609249760957298,0.027989861898506926
296,0.014663318790073909,0.023812473497337658,0.025981486013394617,0.02730665301745266,0.024522942936769487,0.015417273225263248,0.023876883228736157,0.5794796007131798,0.027376939716474934,0.011119596458507136,0.02109955875010422,0.026184238916659736,0.013249099489020718,0.02293353771832878,0.007867063467012304,0.009201584417718742,0.03998445062178684,0.030982774596508247,0.02604615547016266,0.02889436895550805
297,0.0174346491328331,0.02226441041856925,0.016509153882997906,0.02801675237783668,0.013474666640334594,0.007576898483045794,0.021945407056861127,0.056007234007927946,0.01960318657699331,0.0075670883353469625,0.016729982980332316,0.04287352715096456,0.008894253928471678,0.01826446861072364,0.0063929429950155235,0.3075522575245346,0.3495214302221994,0.008910073531404284,0.014560735142377814,0.01590088100122951
298,0.012906209817314267,0.016735079173692574,0.03762968268353852,0.017616159097806155,0.03292723621651262,0.012251192110912593,0.08866136120139934,0.027695970297280322,0.13186145672047364,0.004102870535002052,0.015934863900226016,0.02702181591949888,0.00709794549769744,0.4795991043552168,0.012043929295164764,0.009590255451696018,0.009683434103244458,0.011859147850568305,0.02069294431123099,0.024089341461524295
299,0.022567063989818253,0.04093256654904984,0.013668677205581662,0.01111206306497195,0.01658420836927469,0.5278069489168971,0.05254451940185223,0.019085077431063604,0.023273988616309388,0.007348319367095013,0.01825182467525281,0.02028214014752012,0.010730512658013863,0.01996513924088187,0.012398157557156895,0.01987981837378631,0.011645119537526338,0.09583651063344865,0.03748562838067985,0.01860171588381965
300,0.009920870528780379,0.038690160470441,0.009162360432882448,0.00891178303548386,0.00796845264819228,0.004150501639502557,0.12160470485482311,0.07051425954606982,0.3228135549782449,0.012737324183092633,0.004400275796723751,0.030702127328865767,0.005909823784042682,0.032710899777664275,0.24403746187002404,0.00714172785932782,0.014015764398627686,0.03152931265149229,0.015629157546527012,0.007449476669191768
301,0.01997711502108186,0.1010161039447131,0.012146035005906568,0.008505763744556317,0.16044240712672508,0.004091255574429953,0.013709784407211123,0.04638672982105465,0.017079420017879116,0.023990613519305693,0.09945900601517534,0.01428892093351145,0.0360667766156887,0.006591286954992882,0.300788117148683,0.022451492303668465,0.007133120641949539,0.058178312847842535,0.018102749985184897,0.0295949883704397
302,0.027271801246657058,0.07010497928562105,0.0348885356936582,0.04367133586166039,0.048851924956105824,0.03313608593127388,0.02465131713285046,0.13104356126977235,0.01773582261073842,0.053355440896557284,0.09250021707290007,0.03188023246984569,0.014604207508745826,0.06672941835814879,0.022177237776575837,0.049727161232099935,0.058926236575102035,0.10453115698511517,0.022039599295000545,0.052173727841571226
