site,A,C,D,E,F,G,H,I,K,L,M,N,P,Q,R,S,T,V,W,Y,*
104,0.00830586966503737,0.12605378668115536,0.011473212215729934,0.007246239294145221,0.06097723827259141,0.00619339414329376,0.006258115754034508,0.020408708319806106,0.0049613890662615935,0.46555223346115404,0.19836928255457617,0.010590657429904555,0.014343700191749067,0.003990682509819108,0.0015213099070581126,0.01008091439183971,0.020804993918248946,0.010725500505013098,0.0031833189962718893,0.007060438286603034,0.001899014435707024
105,0.007354770848857497,0.014663970164000978,0.02989358474051757,0.01158376408695056,0.01717779362068686,0.006967677646286048,0.014040926166000679,0.02481961089476233,0.00541930483600026,0.003890127755012289,0.7835535642052558,0.014256940414708381,0.01077559449948889,0.009175258682733115,0.0038293434998183658,0.003960261226307883,0.004587629341366557,0.00511989572903892,0.010902366199482877,0.014946792370258786,0.003080823072465305
106,0.16198157188143994,0.1139131160072802,0.019556299925162907,0.0026464080799517044,0.03450411774713269,0.06877611440138796,0.0033308239626978348,0.17041402154689117,0.003942607955846417,0.04215849900830181,0.07831526725500514,0.005519651138184983,0.0016976619531623622,0.0026831637477288113,0.0013799127845462455,0.08127799317643437,0.07336729836644036,0.11170094049452281,0.017086967401092026,0.00411037850715903,0.001637184659631139
107,0.08089141458438569,0.10316586207863684,0.005073933335923663,0.005545927134614237,0.0382581245031517,0.021631551726165783,0.005961871669710304,0.19973362165449673,0.005299441484186938,0.14837678398956886,0.08073850075719403,0.005073933335923663,0.0030573700870309252,0.004416201236822448,0.0016222780053633482,0.03793841379666,0.042561691068186316,0.20117401904008472,0.0034067838112630307,0.004416201236822448,0.001656075463808418
108,0.1602297762354399,0.30368583940736626,0.004808056797464737,0.006556441087451914,0.00457608732169673,0.03779502792462669,0.004242403056586533,0.004564610883669054,0.005723877139838974,0.001297137625215307,0.00621731482430785,0.005463700906209929,0.0019181077649460389,0.006556441087451914,0.005635803726553084,0.3744978905075805,0.05054774160164238,0.005741443743709773,0.0030050354984154605,0.003535335880488778,0.003401926979338257
109,0.004834296616429122,0.2425748421930756,0.01420207670087744,0.019190692628855005,0.01292434401535133,0.5303272967422076,0.013474316101110958,0.010733777233088392,0.02345529099082278,0.0043376223065220215,0.01292434401535133,0.017116023155465277,0.006089354391848222,0.021109761891740502,0.006160689035627103,0.00809772584260176,0.005604361564178895,0.0064261460592774195,0.011110400995652898,0.013474316101110958,0.015832321418805376
110,0.004679286294078415,0.005543937022332034,0.0010087299410722072,0.0002571272398811509,0.009808503962587447,0.0006476726426089489,0.0031877637878409202,0.8928127025059589,0.0013422163317224926,0.013567273399275324,0.010950176532110105,0.0007727912212947687,0.00010575394543498948,0.0012143862048917791,0.0006892462243980367,0.003466306254739641,0.007649345794340669,0.006054166395439723,0.01606982293048573,0.020061660104812192,0.00011113126469439573
111,0.05447813323301356,0.011172048464275507,0.013234911234444344,0.013285679254814114,0.02457850662140611,0.0032340140291323835,0.09884834184695937,0.018600415788948804,0.009011932143983716,0.024995091479396048,0.03072313327675765,0.15836556985061823,0.0013927527306488972,0.0795186978927845,0.028861125199378397,0.19836644835231004,0.1459242008459417,0.018667220218789457,0.040964177702343535,0.02137261445339662,0.0044049853806569774
112,0.0088573400855986,0.02404135166091048,0.025890686404057443,0.014633866228380294,0.018193455310959287,0.010685045182626883,0.014959063255677635,0.017260457602704966,0.011219297441758225,0.004781061765812257,0.01246588604639803,0.016418484061109597,0.5637307938999025,0.09083074746060037,0.0044286700427993,0.028257054490837583,0.07997823127135961,0.008630228801352481,0.014322507372457311,0.0177146801711972,0.01270109144349988
113,0.04187987194981801,0.06503732779698107,0.010274155637689535,0.006339372627510565,0.07499322308474356,0.032819247234765515,0.006014494081984448,0.24760980322911738,0.004318123383956473,0.10809484916057326,0.058639837247031416,0.006477185075934707,0.003724381418662458,0.0051370778188447675,0.0022919270268692044,0.010643627167556746,0.0032855489197645533,0.25224375077473865,0.04487129137480502,0.012801119160980414,0.0025037858276722408
114,0.20508934206527268,0.1339896765193781,0.010209691020402476,0.003920670886084124,0.11212465381452306,0.07004103229471123,0.003800835722526205,0.01650711793445974,0.003574729337311996,0.06876847437601148,0.090816938400361,0.015102256833654655,0.0010661473462158582,0.0024067484647249076,0.0007525745973288413,0.06372516042378455,0.06336297926914636,0.04938545040260399,0.06155499804286343,0.02184018680559288,0.0019603354430420624
115,0.004969481519011963,0.07212118996043199,0.0070719544693631795,0.00942927262581757,0.028915721848937762,0.004377876576272443,0.004377876576272443,0.3085605324884835,0.00548868108069978,0.11309296642994517,0.08271475066506945,0.004540020153171422,0.003014275675466273,0.004775865355933575,0.001925348860769033,0.0053012156723052555,0.057266335005207794,0.26680206188367467,0.00548868108069978,0.005679873934612773,0.0040860181378542795
116,0.013386632564922467,0.029542913246725443,0.047596915786391,0.017134889683100757,0.021967807286026608,0.00892442170994831,0.0110961500430033,0.02141861210387595,0.00758180959429237,0.008876346161868649,0.013818459421855452,0.01679891145402035,0.7206677349095401,0.006853955873240303,0.003599766740147218,0.0048735032207527194,0.004586514146789807,0.008482618655000376,0.011577628164257269,0.014521092951780305,0.006693316282461234
117,0.08694118899627361,0.053698969674168984,0.007793556091320247,0.011968675425956093,0.2813102834783416,0.004220446067780272,0.006093143853214011,0.12121608081211223,0.005001834506369711,0.15106098908660917,0.1177328600991205,0.0047874701703824385,0.00341962155027317,0.006205979850495753,0.002190345829586736,0.0019149880681529749,0.002279747700182113,0.1099740119854033,0.015981836212550296,0.003896778045660124,0.0023111924960466943
118,0.3515531113358882,0.17088188292744946,0.005075557517895868,0.006634960002153569,0.008360049602713495,0.04496989905748588,0.004446834895060371,0.009288944003014997,0.006058006958488041,0.0020900124006783738,0.006741975486059272,0.005500032633364143,0.005769832309761246,0.005971464001938212,0.0022116533340511887,0.31307699213928264,0.01584241993893545,0.01677413703164466,0.007084787798909742,0.006238842987099624,0.005428603638125647
119,0.27278668904115067,0.10307359495060608,0.007213986334287958,0.003989213156429985,0.005235957823273518,0.028839983429826684,0.004918627046105427,0.06480881555422725,0.004109232722062761,0.04162123034844832,0.048341001765858024,0.004271439276881028,0.0018340643222765996,0.010029935740535168,0.001943888533191366,0.12653186882190806,0.09253045423072703,0.11452650350838302,0.0237328056959142,0.03650896609554801,0.003151741602358817
120,0.08150937361922861,0.12531373087037864,0.0028717533726948,0.0037134741888294833,0.09072045422012222,0.1819721298947342,0.002070975989924134,0.05608225123655378,0.002692268786901374,0.0456736339710438,0.08089652118600134,0.0017369476044525,0.0008446333449102352,0.0020910825529331066,0.0008580936372594024,0.09076140869124293,0.07755368973203429,0.10602667881356295,0.02577550233728727,0.01981251299060141,0.0010228829593034523
121,0.19899893933321422,0.07349259974880093,0.007642447381099626,0.0065316755818471016,0.06805223846869488,0.07171076733748259,0.003883866701870301,0.09219980695758662,0.002692225781978277,0.11618674860508883,0.07256466288328575,0.004307561251165244,0.0010436822414717551,0.003076829465118031,0.0012806263179139916,0.06218445548553271,0.11924410777231802,0.06985143172295774,0.01796100135537402,0.005640854019383057,0.0014534715878164932
122,0.007857089253517155,0.013101500944837472,0.02955762147751692,0.015517751275696384,0.14055072373088917,0.005172583758565461,0.025182004668450976,0.01241420102055711,0.008061169493868252,0.040803733976989,0.02166193949974277,0.01410704661426944,0.004774692700214271,0.008867286443255077,0.0027587113379015796,0.0031348992476154308,0.005642818645707776,0.0064657296982068265,0.52260287451054,0.10912202022995424,0.002643601471704562
123,0.06041049727477357,0.03459261691008687,0.004725685046350535,0.003844625122454672,0.16144054972484298,0.013267963356901719,0.0473171104816728,0.033109599467904746,0.005733263977126362,0.13430701724194163,0.18159402072231443,0.002439063249729308,0.0012001739800255326,0.008175209745161664,0.0014923215935843794,0.008216708271786851,0.02641221609975307,0.023440424402056455,0.05548421040158901,0.19055010040455553,0.0022466225253879382
124,0.09060911489802624,0.02644361130732278,0.05703693419873487,0.0013580222428270206,0.1110631674907557,0.004568801162442322,0.028518467099367437,0.021388850324525577,0.00855554012981023,0.11326377412025408,0.08375820336335642,0.04277770064905116,0.0010006479683988573,0.0016827752650114504,0.0012409292457067676,0.0028723232971747162,0.06834656460969582,0.14339614305288517,0.14842077837400988,0.04277770064905116,0.000919950551592498
125,0.033404718671918694,0.008543583155467454,0.009793863617243178,0.010296113033512062,0.17248126570599145,0.003019160964714063,0.039445503577827806,0.07527196607405681,0.005500663127492744,0.03722240080585226,0.052111361128193166,0.005148056516756029,0.0021705319367944344,0.006582760791917547,0.0022558899343088222,0.0021705319367944344,0.002525461687465222,0.06369166360112499,0.12807029429810185,0.33781551555602884,0.002478693878438089
126,0.10100432937613492,0.041245486768738814,0.0014948564842110351,0.027104747140176643,0.059110674751998264,0.03988331130781724,0.05572723545642933,0.042155731993979956,0.022227567778643976,0.049114138051593544,0.04165927339970307,0.06872132641622175,0.0008285775941055453,0.10060061982105409,0.030971161920957172,0.060264884470267115,0.10085418155973354,0.12135513509181434,0.004949458412248659,0.029184737534293816,0.0015425646698773452
127,0.01535032397231271,0.006918688446430419,0.014269794920762737,0.023701061502173038,0.006255252568005584,0.26284832943266884,0.009480360085300326,0.004521123143211956,0.38615450523436656,0.0014314527820200862,0.004756598306920913,0.04033526112244004,0.0013879435789191717,0.011468255565567602,0.16899789156118555,0.022881966669297035,0.0015170546095163043,0.003837255777011829,0.0053721580878165615,0.00556870045688302,0.0029460221771897264
128,0.013072823730377978,0.003091955983302521,0.02086358295521281,0.02173289891168001,0.002296881587596159,0.07889590193147702,0.024545391712015068,0.00532358462362104,0.06749982720804146,0.0006990509179640481,0.002233079321274043,0.10483739337346071,0.06502007016864265,0.08953954351612164,0.133526930913362,0.22476227048369357,0.13479994391916464,0.0012367823933210082,0.002593253405350501,0.0021727258261044742,0.0012561071182166492
129,0.004209187172076442,0.011178497079940716,0.013370359252478113,0.014275097652174306,0.011962953015375153,0.5746390602797872,0.009340935916114847,0.011756695204765237,0.020114910328063795,0.005206212084910629,0.013370359252478113,0.04022982065612759,0.2196489478159375,0.012176577176363996,0.0034232757661916712,0.0029647318342451465,0.004870630870545598,0.003964941908377898,0.009566266375174794,0.009091844291685117,0.004638696067186283
130,0.008505692335738536,0.016278135332189265,0.018156381716672644,0.016278135332189265,0.01072877101439747,0.008661760085018143,0.009938229992283975,0.01180164811583722,0.7973351144554194,0.0038693928248646615,0.01430502801919663,0.007045760069156549,0.004995406609878188,0.013297631679816582,0.004605521215936476,0.004628097300328321,0.006252528803092566,0.009834706763197682,0.013683070279231558,0.010262302709423668,0.009536685346131085
131,0.008364120922024616,0.016226394588727756,0.0156023024891613,0.012878090943434723,0.010675259597847205,0.007079979257449013,0.011427038442766024,0.010269869992865666,0.0765645644837073,0.003366471906375053,0.059596623312809016,0.007653959711664035,0.0043619340292278905,0.008032868608281066,0.6840816783755407,0.019075563592390935,0.0035122066209367434,0.009325514131452732,0.014492496437867307,0.011931172491711581,0.005481890063759378
132,0.23407398213537306,0.009094755772895539,0.009475187414147003,0.015265579722792395,0.006245009886596887,0.17961199469478742,0.008454782615700401,0.0033509809147593056,0.0056655759795930525,0.0028474656477747466,0.008326679848795848,0.012116502378200436,0.004863370531155099,0.00900919459050043,0.0023188222363735283,0.4625720097420748,0.0035502079408196,0.005335542427383748,0.00670196182951861,0.005335542427383748,0.005784851263373958
133,0.0061587345171920695,0.018400989489339627,0.019571089687965906,0.017268608548205215,0.014437689114073213,0.7402897556635835,0.017268608548205215,0.01761398071916932,0.020969024665677762,0.004920106346136681,0.014437689114073213,0.022017475898961646,0.0075922330686074655,0.014678317265974431,0.0045632074401993055,0.005895270865487704,0.005910731784956148,0.00695773247930539,0.010872827604425503,0.01873827736081842,0.011437649817642415
134,0.5508419456756081,0.19361582829111013,0.013080649547738356,0.012156715852258318,0.014270927304824984,0.005337094764406091,0.01823507377838748,0.013967290553658498,0.024313431704516636,0.004862686340903329,0.013676305333790608,0.018756075886341407,0.003349299265418109,0.013129253120438986,0.004465732353890812,0.014855358220300824,0.005019645971620466,0.037158997667299375,0.012386087849470744,0.019307725177116156,0.007213875340900541
135,0.004493000063409038,0.008000693095368725,0.008216928043892204,0.0066575110428615655,0.009621369584291868,0.003378070418044573,0.006162696032919153,0.08586961697824348,0.005736345992905879,0.7772530690319088,0.03972114297333251,0.005461550975281645,0.0031913502803983277,0.0059225909926755495,0.002171616697314368,0.0024717588424716386,0.0035351899723722272,0.005380409366387767,0.00608052675248023,0.007125617288062771,0.003548945575377567
136,0.005670720773140483,0.09338236991353245,0.00931618412730222,0.008532579854912313,0.007022969572889366,0.004168886047833871,0.009510271296621015,0.007545339210542294,0.008079522517483341,0.01621490011518036,0.0064750783296143085,0.008008649512944015,0.004564930222378088,0.007422650768094451,0.004021549884204376,0.00318113604346905,0.004587869570229234,0.004226787242942674,0.774798362120485,0.007483492167832931,0.005785750708368152
137,0.005593072173405721,0.014163102116527394,0.7437993644901331,0.005917410976100096,0.011257850400316646,0.005046622593245393,0.009756803680274427,0.009442068077684928,0.008206657301165404,0.0034845727429551523,0.009341620544943599,0.007702739747585074,0.004142039298229709,0.011404056249671404,0.004721034038842464,0.0033644150621635954,0.004161669816230799,0.005075793822108083,0.009147003450257275,0.11928282880892849,0.004989274609231241
138,0.016101077390291492,0.010787950588928077,0.011900443019169909,0.006800253153811376,0.007588688302079361,0.0029616964429701135,0.0654524366054345,0.16047076501030513,0.012467130781987523,0.13017035024968418,0.045433862306768366,0.019393314549758376,0.009879613072518416,0.022766064906238094,0.004939806536259208,0.005570420136632723,0.009350348086490642,0.4391742544842262,0.006018614860269839,0.008445475691023805,0.004327433825152695
139,0.008483445853219989,0.016813581023342013,0.021437315804761065,0.01994168912070797,0.027661052651304596,0.009744234456709574,0.009187889252350168,0.017499849636539645,0.01786442983730089,0.005359328951190266,0.018641144178053102,0.018641144178053102,0.7192587173392767,0.0120773610167668,0.006038680508383398,0.005582944378015563,0.005367612409377258,0.011587738272843817,0.014784355727421422,0.020416491242629585,0.013610994161753058
140,0.35563266331296184,0.31737327140020405,0.00434350218802428,0.005577800322264549,0.00883151717691887,0.005046914407587344,0.0111556006445291,0.013247275765378303,0.00831201616651188,0.003999177589548168,0.010339337182734288,0.010339337182734288,0.003654420900794015,0.015717533440772015,0.007569871865930461,0.17894509016082882,0.004379670621382185,0.003396778072535911,0.012468024249767815,0.013247275765378303,0.006422921583213723
141,0.005991354195471105,0.014237913297627866,0.017288894718548123,0.01669272593514991,0.01669272593514991,0.00880161912944268,0.3593845992427172,0.02547837116417618,0.014237913297627866,0.011927145208938872,0.01125788493300808,0.0118070500516914,0.40517547063154624,0.01512778287872961,0.005042594292909869,0.004939684205299463,0.012343430062977822,0.009879368410598928,0.010085188585819738,0.01669272593514991,0.006915557887419249
142,0.04833665009482951,0.04088626417795727,0.008068035465778703,0.008876015474439275,0.03368407672113554,0.007046158905951823,0.03098503211207019,0.016398058199925347,0.2228303365326085,0.021748773945930038,0.07345995455141263,0.018389857525901783,0.07595759300616067,0.0755260157731711,0.17906150425461392,0.027620942911331152,0.055041734062435246,0.029118463912547896,0.006051026599334029,0.017705732635468683,0.0032077731369963523
143,0.04950700263904362,0.09718617407303218,0.00918606846702466,0.09354637658584762,0.05229844225716548,0.010547533530105083,0.046081144925894046,0.06206848092059197,0.014937646559209872,0.04809535275314529,0.05716833769001894,0.02981721142263733,0.021982586992709663,0.05229844225716548,0.016014463827268125,0.053935369627548906,0.06389402447708,0.1751617265619409,0.0022368252813173006,0.037413500999356836,0.006623288151896881
144,0.03080293333371755,0.04729663777841935,0.02047647306196423,0.01481063109793438,0.031738533246044566,0.009044404018526594,0.09447749431380706,0.11541284816743477,0.0504338336512489,0.02921212095194577,0.06513049035629756,0.036932111413579126,0.010393905624435647,0.07442138830107,0.037339450877699486,0.08092397950453467,0.05261162267812791,0.16435367650711005,0.02066695188114529,0.011901949967266708,0.001618563267690247
145,0.04142922590678985,0.036326506000381724,0.004576091691629185,0.019582759647784352,0.01898519257695194,0.01088040276339936,0.05595635706891098,0.0979236248705942,0.12636870472777215,0.04930905933200134,0.050467422667305716,0.07340386198996916,0.09336903766731076,0.086732353456812,0.050237026332216696,0.028301625685142832,0.06980694050180973,0.053747553500401335,0.0048961812435297115,0.026204913697764648,0.0014951586715224068
146,0.03173891686156721,0.1034337428947121,0.0029076680552748706,0.027173458980526616,0.051076414835004885,0.026771086396278423,0.041398587210739836,0.0684862515422304,0.17327205910473206,0.06553917416516293,0.041186286763505275,0.019442639413033418,0.07495904190957958,0.043412572534505554,0.09347431095405297,0.029253173876728086,0.0374795209547898,0.04818795551330117,0.0059935268051369605,0.012953751482070204,0.0018598597470677097
147,0.16592670170946022,0.016326477601358653,0.010695454295971612,0.01074872672683836,0.07745584722505038,0.26830318326267866,0.026020323677165353,0.0446062691608549,0.0097231402690651,0.015419451067949832,0.005629186471564005,0.00867198996970671,0.11958276413335564,0.0097231402690651,0.0075870334767872165,0.024671121708719743,0.033306014306771645,0.0953701597445701,0.008021590721978708,0.01561219420629921,0.026599229994788875
148,0.06322689930141827,0.0339353414329646,0.09358309583129573,0.15939595800471,0.007842473642163589,0.03494833669962026,0.01685317901124288,0.07015135763429849,0.02739019680664657,0.06010420373297506,0.03670945109097851,0.03624672691756281,0.020635345928882266,0.04895790786399579,0.03780333482199802,0.06985429123006805,0.07887287777261666,0.05978773650902585,0.0026744426269843767,0.0331287289031488,0.007898114237403447
149,0.03049097447529748,0.08453478419961867,0.019201406014468927,0.06372622193509715,0.00675605026435018,0.006484860157778967,0.006080445237915162,0.08713214474892646,0.01176860368628741,0.0022660044364901225,0.011055354978027567,0.02239932065462697,0.002615440837115274,0.05680737498214376,0.0461359330716563,0.023281711058255636,0.30523836239913227,0.18576251312726333,0.009354531135254097,0.010423620407854562,0.008484342192439763
150,0.013935429208082769,0.057739426288817564,0.050052753439222636,0.007991616095338067,0.048769349504883604,0.08302401165712328,0.103328219373526,0.10044998707487945,0.05075837191091227,0.024260263146562003,0.027674670552374426,0.048769349504883604,0.0017742654447644888,0.01630289683448966,0.019120681472549604,0.07592035290571164,0.17504990497155196,0.013782642251380149,0.04852052629312399,0.03019054969349937,0.002584732376323576
151,0.06811514591326802,0.03484960953702086,0.2379453914041201,0.13848157774023487,0.03619367161282882,0.012812465338108545,0.036750497329949255,0.004800904022191466,0.003727017596174954,0.003467028049995213,0.03963288927739627,0.12697008026585338,0.008032895591245743,0.030625414441624383,0.0024209686949512523,0.02925412722782031,0.02396771564996691,0.009750267398135377,0.06708424115784388,0.0831911983001868,0.0019268934510836497
152,0.007562404704426008,0.013864408624781019,0.014594114341874756,0.01066492971137001,0.01171640165474452,0.6991989589224369,0.01697682688748696,0.01599739456705502,0.010398306468585762,0.0041386294402331394,0.011553673853984179,0.019345686453182815,0.00831864517486861,0.011091526899824813,0.005747235390300882,0.004201335946903338,0.00635011082051039,0.09686615277625324,0.011883778821240872,0.014342491680807949,0.005186986859128755
153,0.01015581042923284,0.03535992794323246,0.007178176012748966,0.0047345416254301696,0.09807376240858813,0.001673108694700887,0.005174964102214371,0.0938511420826628,0.004363205027357215,0.2386924058812968,0.004060935666299726,0.005427401375493121,0.0017801876511617438,0.0037087242732536324,0.0013089615082071645,0.0013486270084558665,0.0021816025136786074,0.18629789049480064,0.002927940215726552,0.2887727448697317,0.002927940215726552
154,0.012067570209454712,0.01822973372066563,0.03894534022142202,0.017485662956556826,0.020842021489607645,0.01032286126350945,0.013819314272117496,0.01679995068375068,0.013819314272117496,0.005192712029522937,0.015031534822303237,0.022669162016077254,0.005991590803295695,0.019925522903983365,0.006490890036903671,0.00571198323247523,0.0075822786271795084,0.008567974848712846,0.012981780073807342,0.7186336790688745,0.008889122447662547
155,0.008956226427824532,0.014360845823925543,0.021357155327889264,0.016658581155753627,0.01156845913594002,0.007436866587390013,0.01601786649591695,0.09591269783057428,0.010543405794780776,0.003701906923500806,0.011409987092981938,0.012071435620111325,0.004705813885806109,0.013221096155360023,0.6996610692802645,0.005141537393751119,0.005408630245374554,0.010035289852863631,0.01125579807821191,0.01189898653982402,0.008676344351955015
156,0.006697732910932088,0.013395465821864176,0.018083878859516636,0.009908974717543362,0.012690441304923956,0.00485473257973601,0.009273784030521351,0.17340091991560727,0.01205591923967776,0.04889397225946472,0.010333645062580936,0.015069899049597197,0.004331467990303386,0.010046599366398132,0.0038476337998971572,0.004465155273954725,0.005607404297524538,0.6082028783305735,0.007695267599794313,0.013910676045782028,0.007233551543806655
157,0.00020316888576955288,0.002146226045336113,0.0005324425971891729,0.00030276147683305917,0.006677147696601238,0.000149911022509573,0.0017805727190936642,0.9498815702345809,0.0019328585437529905,0.005515357606609057,0.012918622222782979,0.0003151190881323677,0.00011969639781772108,0.0002375513125920926,0.0001110851461761584,0.00012867362765405015,0.00013085453659733914,0.004333052626461834,0.008942608522233804,0.0035349605452594792,0.00010575914601702752
158,0.17987441059610612,0.10419734754235724,0.0013637488942525513,0.0017728735625283164,0.0017040451257528363,0.4376929592081726,0.005001001999492019,0.00341654085274734,0.0016117032386621056,0.002671503003599609,0.008626728449123735,0.050590574370103066,0.0004029258096655265,0.0016117032386621056,0.0008289949260419203,0.12065354474298931,0.05896731205349116,0.014683793104891466,0.0018661826973982278,0.0018661826973982278,0.00059592388656414
159,0.010675504392793578,0.015448273687491156,0.016798037891780106,0.011685591576890506,0.017917907084565445,0.008110073104602876,0.008147008714886196,0.02337118315378102,0.2577592799767261,0.0317951486316234,0.024909510249851687,0.02239738385570681,0.004715238706464591,0.017436657174896175,0.45011360642833975,0.016824944781402645,0.023056736760193295,0.005907002335571026,0.012500865407836357,0.016798037891780106,0.00363200819281732
160,0.06413478715702986,0.0808925863819312,0.006859365543239628,0.008002593133779566,0.004365050800243399,0.02824134641714065,0.053873221211905076,0.007695533109871841,0.03972404707726605,0.004542880756956281,0.036343046055650245,0.0373814188000974,0.0019428260787210509,0.034691089416757054,0.2821308469518481,0.08385256020185378,0.04961805090232488,0.0033610891161874185,0.16152464913622333,0.008722331053356059,0.0021006806976171365
161,0.008737616985321201,0.034551668635204175,0.013980187176513918,0.014715986501593597,0.021767551240178637,0.0056485604753591595,0.012709261069558109,0.10968145973733419,0.016945681426077476,0.46818240447788506,0.12403796590609101,0.016447279031192842,0.006162314343389361,0.011412397695113404,0.003938080894792653,0.004660062392171307,0.008737616985321201,0.07165375762217858,0.020930337730941,0.0207310011811225,0.004368808492660601
162,0.008157142729545423,0.014550578922972913,0.010921245171961157,0.012206097545133058,0.051273468585714084,0.004234768536066572,0.025394878308962164,0.24162328334835778,0.010375182913363102,0.34787508411177864,0.11536530431785666,0.010921245171961157,0.003242244660425969,0.00584517347231724,0.0036132310077181067,0.002881995253711972,0.014954761670833273,0.025957493172002993,0.033648213759374865,0.05467834735898415,0.0022802599809589232
163,0.031003038806547784,0.21946027871212812,0.008930725543503958,0.011796070496006028,0.012906242399105865,0.4258389397464204,0.024838428768090528,0.015850969729008103,0.04113864764714994,0.01495950823532725,0.035261697983271376,0.014004646007540407,0.003702416287067586,0.013348185034954189,0.03447810469475423,0.021043040609756695,0.008815424495817844,0.003740852988233304,0.0070448754351147115,0.048162319196663333,0.003675587183538111
164,0.04685418579081396,0.14626103942808144,0.014989485407225743,0.05113637844666005,0.009750735961872098,0.02284222044336865,0.07726081484739186,0.03134165130601745,0.018346332471815094,0.026961582129771684,0.02437683990468024,0.0645269291594477,0.07720979721479855,0.07661292541470932,0.08169381242060286,0.0806697209041675,0.08046352930510631,0.04916337459767442,0.008679226515512525,0.01020425856474987,0.0006551597655327353
165,0.02881284821944175,0.08813443796548155,0.0018713509816259137,0.001441860592400294,0.1153037007969458,0.062963812945754,0.10949091101317972,0.03610982642126958,0.008993310241040876,0.023903658648575785,0.04547386490526679,0.05725385932077141,0.0012391234814151417,0.03245585652062178,0.030555968047204143,0.033893713572552,0.07233659781494642,0.1576802745941139,0.02390365864857578,0.06713429983862199,0.0010470654301954518
166,0.008793593479464085,0.013948458622598208,0.016854387502306164,0.016854387502306164,0.015862952943346977,0.00777894807798746,0.12517683547888706,0.017212991491716935,0.008061009939014761,0.003472148498329167,0.010506631170268777,0.015862952943346977,0.0057550528493277705,0.6751953363013139,0.004840087437807408,0.0049938925932759,0.006577321952119479,0.007704862858197105,0.0101126325013837,0.01973196585635844,0.0047035500006435815
167,0.3388177846567163,0.13215250703324072,0.003908769316352679,0.0033503736997308672,0.006945275130507937,0.0013337980605563641,0.007216189507112639,0.17172584394486765,0.004078715808368012,0.0014812178461968044,0.003390739647920396,0.005116934377770779,0.002148331227308342,0.003752418543698571,0.001379565641065651,0.04761972109299536,0.020916995837241836,0.23402430019305162,0.003092652645905416,0.0062140677288357715,0.0013337980605563641
168,0.010264974493905782,0.031728102981163325,0.021813070799549788,0.019389396266266477,0.015511517013013185,0.5782889625681943,0.022516718244696556,0.016619482513942695,0.01623298292059519,0.0055398275046475666,0.020529948987811564,0.017897904245784444,0.007347560690374667,0.018368901725936665,0.007670530391050477,0.0058656997108033045,0.008309741256971348,0.10297436623183279,0.024929223770914045,0.012926264177510987,0.035274823505034844
169,0.26425900143197706,0.1873690133008405,0.009608908916867985,0.0074916916978970734,0.0068001509257834955,0.0034532016419994323,0.010279297911068077,0.06852576244022379,0.0068001509257834955,0.0019223800973824892,0.007519004399663501,0.011631837109892823,0.00267884733439956,0.005262021549713418,0.0024832011807636362,0.00806512626122764,0.003683415084799394,0.3682729815200402,0.00789303232457013,0.013812806567997729,0.0021881673771085514
170,0.005931619173303563,0.014317701452801705,0.017300555922135395,0.01566842800495281,0.010511730180537958,0.6892291855547569,0.02025430937225607,0.02185333379638155,0.012582222488825739,0.0044646595928091335,0.01107235579016665,0.01931224847122091,0.005931619173303563,0.011863238346607127,0.004370666759276311,0.00456278397946428,0.005974292692535963,0.04338901477489807,0.013181375940674585,0.011533703948090262,0.05669495458500138
171,0.016241876410729567,0.014082783524477664,0.01549106187692543,0.02038297615384925,0.015772787062876378,0.006735244294315404,0.013128018539767314,0.09926763872955008,0.02278097334841975,0.005233466850312646,0.021515363717951982,0.019363827346156787,0.007985083441714138,0.01844174032967313,0.006004287549195903,0.004665982493049828,0.007238813961180107,0.6391783665582422,0.019860335739647985,0.02038297615384925,0.006246395918115092
172,0.0042527130665732694,0.006558400873751548,0.01088694545042757,0.008247685947293614,0.08316198669615657,0.003916167428211356,0.01046821677925728,0.23933719574831203,0.005443472725213785,0.053616430122068966,0.4559633162422854,0.008640432897164738,0.005336737965895868,0.004904029482174581,0.002749228649097872,0.002880144299054913,0.0036289818168091905,0.06516010793284405,0.014602848854384634,0.008923725779038993,0.0013212312439839285
173,0.1577288543417376,0.09136206863510485,0.025124568874653835,0.07400327559443493,0.03915517227218779,0.0020639264685757526,0.0697605358224608,0.0044718406819141306,0.041771349996080454,0.005937810079216201,0.04743799717591983,0.02923586196323355,0.0011991528085579786,0.17774271259295898,0.020509122629482648,0.12719569435725667,0.02491692780957405,0.006374097811751501,0.021317816014857795,0.03132413781775023,0.00136707625229049
174,0.027286759044766035,0.037299239178127774,0.18215075211512816,0.5016561143651715,0.038066713235290886,0.004657589490560951,0.014824056596435395,0.010359121453144186,0.007510363053529535,0.011148670663434883,0.029198899356615172,0.017788867915722473,0.004551735183957293,0.018353593881300964,0.011562764145219607,0.013557679902267545,0.012353380497029495,0.004005526961882419,0.01263690070515804,0.027530390821951446,0.013500881433306113
175,0.00475389363573446,0.02915350472435094,0.029433826885162013,0.028622136002720303,0.012881518238764343,0.3298372903242232,0.07440217351527062,0.019015574542937837,0.012881518238764343,0.0034724092643625623,0.013769898806954986,0.2710364892342002,0.005787348773937603,0.04555235113179836,0.01791731292995487,0.02966199608582219,0.005624324864812601,0.021991293418248632,0.008681023160906406,0.012881518238764343,0.022642597982309234
176,0.016321607541338146,0.038496987184054636,0.019203150428231494,0.014771654175562685,0.028141490110644967,0.006401050142743831,0.02215748126334403,0.09296588891686383,0.015160381917024863,0.0037900954792562157,0.014051085679193775,0.048007876070578735,0.004645923490701168,0.009291846981402336,0.00484113036005836,0.004205069436839014,0.1335799073374426,0.4780242275719329,0.013397546810394064,0.028804725642347245,0.0037408734600450967
177,0.009131105792745288,0.018474562882996284,0.028371650141744288,0.020905426420232638,0.6594778772500233,0.005841222088006177,0.041810852840465276,0.014711225999422964,0.019375761072410735,0.030801870619143367,0.0099300775496105,0.018054686453837277,0.011682444176012354,0.023364888352024715,0.006675682386292774,0.016381292551013026,0.011682444176012354,0.007865407960087525,0.01655012924935084,0.020369389845354875,0.008542002193213334
178,0.009405102317531272,0.01603142440488285,0.019593963161523485,0.01500814199606054,0.01763456684537113,0.011377139900239442,0.5865109173739012,0.03206284880976571,0.023512755793828187,0.005426020567806504,0.020746549229848393,0.1374764085585221,0.006541356086529349,0.009707940818498175,0.014542893891663598,0.005688569950119722,0.006412569761953139,0.01383103281989893,0.016404248228252215,0.019710414855473538,0.012375134628330621
179,0.006994973178811554,0.013648630426601974,0.011227099221882269,0.017402003793917518,0.009406488537252712,0.005354462705820774,0.008386507852490371,0.010546668966010616,0.011601335862611677,0.0032225932951699104,0.013386156764551935,0.026206888723123885,0.005568641214053605,0.012001381926839666,0.0041188174660159805,0.22579517444839373,0.576916464315352,0.005273334483005308,0.01104889129772541,0.016187910505969783,0.005705575014399187
180,0.01918313011405782,0.023132598078716784,0.03025032056447579,0.02621694448921235,0.02621694448921235,0.014839779899554161,0.02621694448921235,0.011188526575758508,0.02069758775464133,0.005783149519679195,0.6532472533005377,0.01918313011405782,0.011235833352519577,0.025371236602463567,0.007787211234419509,0.009040325685935291,0.013330649740277464,0.013108472244606173,0.015730166693527406,0.023132598078716784,0.0051071969784179895
181,0.011329723746269926,0.07144463286244744,0.03192922146676069,0.03192922146676069,0.014335568821810927,0.006954879923452826,0.016724830292112754,0.03192922146676069,0.01898494249374961,0.055693384519293246,0.014048857445374709,0.024222168009266735,0.008780535903359194,0.01898494249374961,0.005757728461219143,0.006504100669154957,0.009893561581249795,0.010643073822253565,0.5840984885752986,0.021951339758397984,0.0038595762212567876
182,0.011459889001280572,0.040109611504481994,0.056153456106274785,0.0374356374041832,0.04679454675522899,0.012478545801394398,0.4645270076864155,0.033031444768396936,0.023397273377614495,0.005399370779449499,0.023397273377614495,0.13902752399332827,0.005151693220759155,0.007503327358509552,0.004602742303793016,0.0073886126455624725,0.00693252544521911,0.0187178187020916,0.01936326072630165,0.030598967401835722,0.006529471640264511
183,0.010616111801325576,0.015311699713450352,0.03202480226691319,0.016249150716314657,0.012331323571734729,0.005203976373198811,0.024881512034356817,0.01432661803620416,0.034617755873887754,0.007655849856725176,0.026540279503313943,0.02274881100284052,0.011058449793047478,0.029489199448126606,0.008654438968471938,0.006863865388788089,0.010906964179444084,0.6623449835796852,0.013968568159638917,0.028436013753550655,0.005769625978981292
184,0.005822987307519254,0.0121155703656449,0.01746896192255776,0.011736958791718493,0.015982241758935825,0.0061070354688616555,0.012314186273278422,0.010150883279324103,0.007798138941938857,0.003912319597239498,0.012314186273278422,0.011381293373787632,0.005109968453537305,0.008634084628390618,0.004292373500971336,0.19842695430660234,0.6215879199681086,0.005404067357338013,0.013413667190535427,0.012731616316440403,0.003294584923991157
185,0.02621786308635874,0.039618104219386545,0.014046843744907996,0.011885790861075994,0.009089134187881643,0.008132383220736205,0.2069338479316172,0.007118945040212008,0.38510482611562896,0.003558512355034719,0.007618866196035873,0.004800221132706194,0.0037995560949341286,0.08047427419562891,0.12373572385196022,0.022457936984826673,0.011041435926907029,0.013506171892972686,0.009270916871639275,0.009270916871639275,0.002317729217909819
186,0.12551508313702203,0.024165644735065384,0.020022962780482746,0.013476994179171076,0.017969325572228106,0.5766399309453367,0.02695398835834216,0.02595569249321838,0.019466769369913782,0.006488923123304593,0.009870474610097126,0.02336012324389654,0.008760046216461202,0.020611873450496945,0.006563376953612943,0.007786707747965512,0.011123868211379303,0.006264204531724646,0.012977846246609186,0.031854713514404366,0.004171450579267238
187,0.43750194548174354,0.17385263519830316,0.04303805059745919,0.012233181209386072,0.014216940324421654,0.015625621463167327,0.013487866461630802,0.021041071680144047,0.015029336914388606,0.004276640585395132,0.012233181209386072,0.021041071680144047,0.005780514197841771,0.016438337250112536,0.004276640585395132,0.11898335563252588,0.03357572220882498,0.004210215601554231,0.013487866461630802,0.014611855333433364,0.00505794992311155
188,0.4808959697768438,0.021932906513892663,0.014451823782256805,0.07577457887285598,0.012043186485214005,0.030231844113743935,0.01070505465352356,0.014099340275372496,0.015212446086586114,0.03484667390057713,0.017517362160311283,0.012043186485214005,0.008194712323871983,0.016516370036864923,0.009476605758856923,0.16934535841814366,0.014397612186753526,0.007964777319751962,0.016057581980285344,0.011797407169189231,0.006495201699890699
189,0.013780579460076582,0.020670869190114873,0.026872129947149333,0.011196720811312223,0.022393441622624445,0.010748851978859735,0.00995264072116642,0.11542812235420634,0.008021531327507265,0.44748458221912274,0.06670975540965635,0.025592504711570794,0.013995065002769048,0.005841767379815073,0.003559222509556203,0.006554178035890082,0.0072627378235538735,0.12430203892103357,0.01628613936190869,0.041341738380229746,0.0020053828318768166
190,0.00753841489879919,0.015679902989502312,0.02063145130197673,0.0069999566917421045,0.014518428693983622,0.04310507962201394,0.024499848421097363,0.00890903578948995,0.1593577897389055,0.0028202572002843417,0.003835855620131631,0.03365506925672648,0.005764670216728793,0.01720997859718968,0.32614160040223483,0.1092238698168704,0.10366963297830926,0.008703897221567194,0.0052320965037689895,0.08031323345355182,0.0021899305851260215
191,0.005877778206691998,0.013644842265534996,0.017366162883408177,0.009096561510356661,0.011236928924558229,0.005737335928791082,0.07714333479464011,0.008411091922820156,0.010915873812427994,0.029891155165046455,0.013854313187608831,0.28363635655769054,0.006162186829596448,0.010612655095416108,0.028773974823947536,0.3137617569308357,0.044760088759966996,0.08212032413622974,0.008885013568255343,0.015282223337399195,0.0028300413587776284
192,0.046113898925400985,0.11769145813772257,0.006172416733491039,0.02410219783834292,0.010633322575739528,0.47020693022997767,0.012765680062447377,0.013062556342969404,0.0647521732970407,0.016686136965006638,0.03189996772721858,0.01606813189222862,0.005298961535355516,0.0734363840387011,0.021001915128846534,0.04088740462323523,0.005316661287869764,0.002392322062702872,0.008407743431980093,0.010801729283609318,0.0023020078801134613
193,0.040397749930554144,0.05566341575324534,0.13503714783220486,0.09176253040495412,0.0037434460886685453,0.04721365243660001,0.04183851510864845,0.02765990721071759,0.02674330976390122,0.033414653006236014,0.018870024161247563,0.11854245947450397,0.10905906271654364,0.041838515108648444,0.02071615796641816,0.06995948428003511,0.06842450825363772,0.017323378456220426,0.002831586125608724,0.02845019027388095,0.0005103056475251805
194,0.024776781571093746,0.012458848387441945,0.014669289230375197,0.018927218756470094,0.016471325213459505,0.7606487909622801,0.009885825350905023,0.01783325357418161,0.01783325357418161,0.004429788220286457,0.011368699153540777,0.01624255680771701,0.005684349576770388,0.012458848387441945,0.005197119613047213,0.00894998028180325,0.006360111414568266,0.006182389268668545,0.012290485571395435,0.012290485571395435,0.005040599512976717
