site,A,C,D,E,F,G,H,I,K,L,M,N,P,Q,R,S,T,V,W,Y,*
104,0.040454600446197586,0.11083348399398328,0.02069646324663045,0.007450726768786961,0.023191645945449476,0.004981909129022482,0.007257201398169117,0.03675178865672322,0.00473563142083917,0.5030266870538819,0.17321011365004393,0.009012975929984226,0.007345856215317896,0.0042656832645726886,0.0015652787329384372,0.0068628340042656616,0.015550467801573062,0.01078496882514707,0.00413929264932609,0.006073962039771978,0.0018084288273754758
105,0.006645302013257301,0.015235640856299451,0.020568791945796402,0.01270425384887425,0.024323566981109653,0.007259573627928144,0.01599794929117498,0.010886013419880746,0.0070234899327109674,0.0203923735894269,0.7768609595252983,0.01371252796386427,0.009390100670907054,0.011518523489645986,0.005976048784151942,0.00461972867231791,0.00482619699286843,0.004799384787352495,0.012341275167477845,0.011998461968381237,0.002919836471275753
106,0.14977363289219162,0.07139667752988306,0.003227490401794449,0.004099762822318814,0.0636133919291411,0.08548527509953213,0.0031127828836124325,0.1806620330787607,0.0033618055143014272,0.03530376724863328,0.07085884945056191,0.006225565767224865,0.0022451345946262564,0.004002149421787413,0.0012930021208851644,0.0880925412391788,0.10323249176718842,0.0932743562530787,0.012843846751407532,0.016446389132899888,0.0014490541009919945
107,0.049313684618607474,0.11917473782830139,0.010444315567512444,0.006527697229695277,0.0565478170286213,0.0072898490305767566,0.0062168545044716935,0.23277053888732088,0.005119762533094335,0.22364914349680537,0.0665734742351201,0.006695074081738746,0.002967135104406945,0.009003720316821071,0.002440260646615057,0.015187185480368244,0.04827913009900113,0.11649894980081477,0.008060890754964682,0.005676258460604589,0.001563520294537791
108,0.17067172411743284,0.32446588202033494,0.004823254028975201,0.006825359474964908,0.0023235081883624317,0.020617693295998354,0.004823254028975201,0.004637744258630001,0.006459715217377502,0.0018178093074027145,0.007696681961130641,0.0038897209911090327,0.002020916492587375,0.0059302303634941,0.0015945071991806412,0.37357154077835564,0.0375266938946142,0.008933480166005323,0.00322985760868875,0.0033807855343284117,0.0047596410720520165
109,0.006720106532274086,0.030178007620427626,0.014654102046633265,0.023418553067015752,0.011200177553790143,0.6894700413122117,0.014861774061759994,0.013324349158819306,0.029723548123519992,0.0045728535574646135,0.02208035003461485,0.01644281385556425,0.008050127616786664,0.032200510467146656,0.008061172977381105,0.009403699420654055,0.0073601166782049495,0.00740088937763945,0.015456245024230394,0.016100255233573328,0.019320306280287993
110,0.010642879687290873,0.022957085666215578,0.004471884381306839,0.0009316425794389248,0.029632107857207605,0.0074535992422777855,0.019728745494404013,0.5861109451942549,0.0015825196920644926,0.050186164238871504,0.039699502439948735,0.007686524218598965,0.0004299888828179653,0.011148922515265162,0.001055013128042995,0.019080024656096723,0.02665262242312649,0.03341940620045441,0.048370753416031864,0.07826279204391673,0.0004968760423674266
111,0.027121479802932967,0.022375220837419697,0.03005904572713037,0.009179577779454237,0.06205394578911063,0.0018816645646399458,0.2807870850186001,0.010245099852947569,0.011014498973564905,0.018050598322624296,0.008839593417252226,0.13226186720196506,0.0014293413519861126,0.047283485543226526,0.010084606574611694,0.1343343288359155,0.15264516026710423,0.009808315983526442,0.00837435165844948,0.018359155558908474,0.0038115769386296338
112,0.007656969929468583,0.022970909788405745,0.028075556408051473,0.021658286371925416,0.02526800076724632,0.012032381317736344,0.01684533384483088,0.0210566673060386,0.01579250047952895,0.0054196420255707665,0.016128511128029564,0.021658286371925416,0.6758829161169126,0.017912073848486715,0.004828280401384648,0.007745454251881239,0.007588610358076082,0.012226451984151447,0.019436923667112554,0.022970909788405745,0.01684533384483088
113,0.06596366866627155,0.08003348165049011,0.007273076548849366,0.006530925880599431,0.16071764201358582,0.01756510405860592,0.008649064004037086,0.28351502480888074,0.0050796090182440015,0.12579471811731538,0.052677838285371294,0.004156043742199639,0.0050796090182440015,0.006400307362987443,0.004722472519749418,0.008562140491888021,0.0037112317710067846,0.12073062458354582,0.018320917486256777,0.011348030980293376,0.003168468991577942
114,0.17508063910405267,0.1345709663056454,0.0024887059431616177,0.0034263555522493685,0.0999189424819417,0.0639737126735121,0.003967989773420371,0.05142886745394059,0.003367280456520931,0.07016322711268222,0.0972157494487991,0.002569766664187027,0.0009300107927534,0.0026392198172731627,0.000638242700909196,0.045428821924114564,0.04484260777017836,0.06830962552354766,0.08956319774291695,0.037996508133358704,0.0014795626248349548
115,0.0036979444638702494,0.029355934111774402,0.009050232503682455,0.01109383339161075,0.07075532837196907,0.004647416691080178,0.004409087629999143,0.30698415290977643,0.007476279024781159,0.1460313763858953,0.06387378288145434,0.004843786410421595,0.0027294351995232795,0.007816109889543938,0.002339515885305668,0.002247770164313289,0.12955771928279172,0.17849669861095008,0.007317209258296453,0.004525116251841227,0.0027512706811194656
116,0.010310175964525777,0.01942149425875786,0.03796019332393582,0.017043352104624244,0.021413442387861227,0.008030040895447961,0.010564040994477929,0.01898009666196791,0.007390480116164494,0.003646830799679423,0.013048816455102936,0.014398694019423931,0.748210960431931,0.008351242531265877,0.0037282332728865533,0.005845387318663807,0.0039231852140866105,0.010184442111299851,0.010571193077551744,0.021976954029647056,0.005000744030698131
117,0.10272367683520608,0.08474703338904503,0.011001517239461482,0.00677016445505322,0.31463129880883006,0.008474703338904504,0.006400882757504863,0.1077922793106274,0.0045720591125034725,0.12978306769558184,0.05296689586815313,0.004141747666620793,0.009112584235381185,0.00677016445505322,0.002271280978469467,0.0021866369668494872,0.002569697457392463,0.11737707009505113,0.01883267408645445,0.004632217785036413,0.002242347462820174
118,0.3054592948697664,0.20050471454184926,0.005156951981786073,0.009496794732623463,0.00833864903352304,0.07342426166321242,0.004558461471659263,0.006977236946417238,0.011028535818530473,0.004870559867413344,0.014831074190862254,0.00449848171545322,0.0018185351615661953,0.005698076839574077,0.0021502176753109723,0.2699586106399521,0.0336511151044969,0.017959167098371948,0.009496794732623463,0.0067036198112636215,0.0034188461037444463
119,0.23159529275445082,0.0964475977735265,0.003992562723284557,0.004328485272389902,0.00905768744307901,0.054227722292531914,0.003707379671621374,0.020424197175570317,0.003816420250198473,0.04866027706646824,0.03401254060258241,0.004185751242153164,0.0021271850574876737,0.0045529224037455475,0.0017417219933791692,0.13422898471840064,0.09965135685392004,0.18414192914979657,0.048448095625771445,0.00786138910154027,0.0027905008281021095
120,0.09455670809873971,0.07963525528994732,0.003158716646912831,0.003158716646912831,0.10060179830016958,0.1700449404352366,0.002203755800171742,0.028601545099437308,0.0023397901088243194,0.03750427955996638,0.12263659516666192,0.0015663057753286765,0.001690669110322294,0.0029157384433041514,0.0008460848161373651,0.1336685265348564,0.11429875675418324,0.06271393881080167,0.02098761654193193,0.01589733641049321,0.000972925649660399
121,0.18152928979378996,0.06117530070512975,0.007528936002430732,0.002480331600620614,0.06325609324612057,0.06627120864183093,0.004235026501367287,0.06991462937729116,0.003445445289247962,0.06692682470304794,0.09380212774786562,0.004620028910582496,0.0010870656260194105,0.002509645334143577,0.001148481763082654,0.08420984716845997,0.12557670576365176,0.13516152183777203,0.014830375928516305,0.008818061362901588,0.001473052696127752
122,0.007468319267525571,0.009943147225168465,0.08121797203434061,0.013260077066831119,0.14096652907709156,0.0057499449227851746,0.022404957802576723,0.013536328672390102,0.009282053946781783,0.002705466996307572,0.03681714053542861,0.014438750583882774,0.0055063031887688536,0.00890059967499623,0.0027415349209903997,0.0038220222133807345,0.005553365609185682,0.006563068447219441,0.5822204214310446,0.024259356166755293,0.002642640216548667
123,0.060389859577633064,0.029607314009068218,0.004149738525676713,0.0037051236836399214,0.13877467731223758,0.008006231383398324,0.042647347762462866,0.05650111861998245,0.0030512783277034656,0.11927120914943666,0.15441836820925348,0.002331313778470064,0.001514503111560844,0.04897929787490739,0.0009561609506167543,0.008467607429221279,0.027754935462447526,0.03821991112861627,0.06404985106718658,0.1855034401259572,0.001700712510523243
124,0.09605210437171183,0.02080784585061344,0.04161569170122687,0.0021341380359603526,0.07002722137171206,0.0060163915191750895,0.04161569170122687,0.023780395257843933,0.013871897233742294,0.1258786804479813,0.07983071658305217,0.02080784585061344,0.0011640752923420107,0.003613198154314382,0.0009908498024101635,0.0034875216967730125,0.046971576006086965,0.14829163725836095,0.16285669499173366,0.08912555447308806,0.001060272400031258
125,0.023162338051265257,0.008422080926492765,0.007596386718013081,0.0070439222294303135,0.17436928948549904,0.0029129001700651668,0.04898657764652204,0.009425366999216166,0.004211040463246382,0.03141788999738721,0.02303978599808396,0.005031373021021652,0.0017935913084197552,0.00455783203080785,0.001996988260920965,0.0021523095701037067,0.006283577999477444,0.021827165682395334,0.2660185817541931,0.34720221403863183,0.0025487876488070205
126,0.04852170261645152,0.0640891146709555,0.006986417775119545,0.03730828874223023,0.04995288709210474,0.042914117486080885,0.034689504925072744,0.05975225728720664,0.02936102297733429,0.05256446423835886,0.051455755999670214,0.028382322211423148,0.0011788150294051065,0.11605216193115246,0.030178671718475256,0.08125135378172119,0.10770727403309299,0.12598627894826406,0.014521188108169982,0.015717533725401422,0.00142886670230922
127,0.013044704542060769,0.007475236320521266,0.01661163626782504,0.04765843026631539,0.007733003090194415,0.16512830501513914,0.004875154122079087,0.005750181785016359,0.4029840342147,0.001419348668453405,0.00560642724039095,0.014331451024526494,0.0015573409001085972,0.06525232557306919,0.1705669290246222,0.03390453252277319,0.015653645450472924,0.003136462791827105,0.005901502358306264,0.007733003090194415,0.003676345731403902
128,0.009713246539526156,0.0029557382829895483,0.01862252276305604,0.009881338608968511,0.002355353944257296,0.1235167326121064,0.03147206346956471,0.007083825255969518,0.14672290661801726,0.000646964173529901,0.0035056430798248136,0.06714749812016266,0.059688396235381344,0.09750959835655731,0.1481463378016249,0.12937527855343292,0.13443911463230157,0.0015867647624470205,0.0019325981081085505,0.0024313331037494673,0.0012667449784240922
129,0.00433200433694745,0.009420390383520645,0.011636952826701975,0.010412010423891241,0.008992190820633343,0.5317069645888931,0.019583493390093187,0.010597939181460727,0.026473981805125977,0.003878984275567324,0.010232493002789668,0.025415022532920942,0.27230381285272426,0.007512463217237982,0.007414589799707697,0.0034504918265220973,0.005029530458998311,0.004999878713041155,0.00879773039437683,0.01236426237837085,0.005444812790475236
130,0.008626065771597049,0.020461830434951134,0.015436117696542085,0.015711762655408905,0.012392376178914066,0.009070708337143287,0.008887461704069686,0.011137452008897455,0.7892432955855156,0.004355736181697519,0.013966011249252362,0.006517471916317768,0.005985433392536726,0.012220259843095814,0.0069115961742087,0.00480797108580819,0.0060264295116636895,0.010729984252474378,0.017252131543194094,0.010998233858786238,0.009261670617925252
131,0.007862812142896232,0.01785513590782686,0.009851109466387233,0.015035903922380512,0.028568217452522967,0.007602127608262544,0.010325861729827582,0.010713081544696116,0.034664930916314236,0.004061831865287626,0.006731010544813773,0.01020293480447249,0.004925554733193616,0.014776664199580847,0.7691831974010107,0.004107459261258302,0.004100701069740139,0.008485609144313755,0.011371336919596992,0.014284108726261485,0.005290410639356104
132,0.03810882486875058,0.007739432852169404,0.012068268176264156,0.014531180048971125,0.00809122525454074,0.17526477941224136,0.010627280931337094,0.0051225023194214755,0.010028560878867398,0.004843726682990376,0.01186713037332642,0.007574764068080694,0.005274280165922852,0.010319243802892541,0.0029791959096216953,0.6377613468154963,0.00429271518860574,0.006717243607543257,0.00912856182563571,0.010319243802892541,0.007340493014428714
133,0.00864140287164247,0.01633040985960503,0.07489215822090141,0.018325295957802,0.016375796387823063,0.6884483284627114,0.021990355149362397,0.018772254395797168,0.018772254395797168,0.004840644215268452,0.018772254395797168,0.017899126284364745,0.005420157959349887,0.014801200581301615,0.004871281203972683,0.004191862341899119,0.007260966322902679,0.006356277041161815,0.010400843651725458,0.011318565150407116,0.011318565150407116
134,0.5660157782442766,0.13875690307179486,0.01163700078731965,0.011961139484298784,0.01584850981669589,0.004991656635179807,0.022640728309565553,0.026414183027826478,0.021131346422261183,0.004283381031539428,0.02186001354027019,0.016682641912311464,0.00452814566191311,0.010062545915362469,0.004991656635179807,0.003864641600659778,0.013591288725509743,0.06113936142875603,0.012430203777800698,0.018112582647652444,0.009056291323826222
135,0.004583049860253653,0.005901461463888265,0.0066791734397495086,0.008616133737276866,0.009587349857737808,0.003666439888202922,0.007364216869467408,0.006241438179462084,0.006478296043065313,0.7812215714704307,0.11734389094256413,0.006335392453880049,0.003622205565705929,0.005318601072393128,0.0023477203643806174,0.002519337350080955,0.003502493389136938,0.004102920827274699,0.006067699814983708,0.0048955305325436745,0.0036050768775217016
136,0.005874513850408045,0.03673225948671437,0.010088839003961639,0.007366453875908499,0.008141870073372552,0.005099852683321269,0.009568795756334752,0.007425385506915766,0.009011390178295834,0.0024994743100994546,0.007308450302082449,0.007308450302082449,0.004735577491655464,0.007933104174055306,0.003222823570709969,0.003529175621157684,0.004963492985906262,0.005017152369537682,0.8391103664956551,0.010199705366642536,0.004862866595182831
137,0.006833909616744488,0.012651967803972906,0.8445463744266506,0.007336691008970735,0.010886576947604594,0.0058515351093374685,0.011558587870296235,0.009178878602882303,0.008511323795399955,0.003967142447008454,0.009178878602882303,0.008212680855210482,0.00523042244410053,0.010639154744249943,0.004416252912707523,0.0038370722028442414,0.004179667935241049,0.005319577372124971,0.00985521702625258,0.011767793969105704,0.006040294306412871
138,0.008606353756707099,0.008789928807220022,0.01132924157375025,0.007843321089519404,0.011856183042296771,0.0031889560932484022,0.07283083868839449,0.09445223797691833,0.009269379469432022,0.14671593592401036,0.04739712190234403,0.028323103934375635,0.010404405526913496,0.01757985761444005,0.005728268211446757,0.005202202763456749,0.03300750251881555,0.45491463756680284,0.005098158708187614,0.013416207126809505,0.004046157704910804
139,0.007476625244268466,0.021599139594553344,0.029906500977073865,0.022869677217762365,0.021599139594553344,0.007854232579837578,0.012723674095797352,0.021599139594553344,0.015868755620488173,0.00559402176549583,0.029906500977073865,0.024299032043872508,0.6942362557606407,0.010799569797276674,0.0048903712289554745,0.005686548429510119,0.005693943997813431,0.010367587005385608,0.01619935469591501,0.02046234277378738,0.010367587005385608
140,0.5038037955490597,0.09440777834995884,0.0062181072910628245,0.008177370961910747,0.014105964909296036,0.005373700917827062,0.020151378441851477,0.028211929818592073,0.015249691793833555,0.004822552105742235,0.014105964909296036,0.016121102753481182,0.005083230597944518,0.01128477192743683,0.008680593790336024,0.1887979203903964,0.006253777923461523,0.004629816928298896,0.018201245044252946,0.015673294343662263,0.010646011252298897
141,0.006895268602148141,0.022659643310697947,0.03625542929711672,0.027191571972837537,0.015106428873798632,0.011329821655348975,0.06817309592258328,0.022659643310697947,0.015538041127335736,0.022619253141904556,0.023644845193771774,0.020141905165064842,0.48433942276383757,0.015538041127335736,0.005847649886631728,0.006797892993209384,0.1518878106703642,0.008771474829947593,0.013944395883506431,0.013944395883506431,0.006713968388354947
142,0.09617556394203458,0.01212297024479427,0.010269378983561266,0.017843785606105316,0.006112725585453136,0.005570013355716287,0.00981383305530965,0.06607417840626442,0.2286482358753265,0.02146775980848985,0.07251332201978795,0.005721752297344338,0.10304524708075131,0.06869683138716756,0.15131651877659988,0.013871475568562676,0.0315197226364651,0.05509349843921358,0.008281757244807472,0.012225451170906267,0.0036159785153384743
143,0.04207660651651839,0.03398441572337137,0.017556225617651588,0.09993898110910461,0.052033916518673055,0.022243953799466722,0.022055192244963454,0.09005870166693411,0.005708284709170836,0.04938702994638323,0.06754402625020058,0.023493574347895854,0.04753098143532633,0.05403522100016046,0.020655665519939012,0.05867460866179039,0.09347865236314679,0.14201564493631916,0.015009783611155686,0.0391559572464931,0.0033625767753351463
144,0.05423535450940537,0.013163267266321704,0.0036164493290695957,0.008551033714530148,0.1057959341218786,0.0011813734474960679,0.05370613044659254,0.06925903700126188,0.039722094750723726,0.030563454812166813,0.07564817391732262,0.06318368287834415,0.029033347238112375,0.07202939848131235,0.042887248434183324,0.09154454053396457,0.04975715026669603,0.15819843884451162,0.016018398476199926,0.020309040925182053,0.0015964506047244159
145,0.061619401014582374,0.04434622796129554,0.019999279276662695,0.09382963438615573,0.06580408020063211,0.009729379107565635,0.0516648047980453,0.049498216209740174,0.13335015545035173,0.041858956625573096,0.04006479363400267,0.00193450797604897,0.05653642410902725,0.04499837837249108,0.0483300899813002,0.024726381651146608,0.04978543990147949,0.11879571890337641,0.006666426425554232,0.03478135526376122,0.001680348751207542
146,0.03416938163756777,0.07157218302089004,0.004506396708722706,0.009883144497241873,0.024580345683942025,0.022299695053473182,0.055428679517289275,0.029139628218558738,0.15049329731429872,0.0526804122287302,0.08295866668330437,0.012330224883633955,0.07545594489024063,0.0802701913741232,0.120120161705909,0.03586723911024194,0.04142977619309584,0.061158241046951,0.013083087218872372,0.021068867729093162,0.0015044352838201737
147,0.16735910788478967,0.007641728480028444,0.009853807776878781,0.013373024840049777,0.10451675512172635,0.33328787960860107,0.006934161028173957,0.011701396735043555,0.010401241542260938,0.01782542115953172,0.03467142357403422,0.0066865124200248885,0.08943025921873907,0.022258197849997278,0.0040319949650154336,0.010731631106248685,0.04131677975905745,0.013461980619094522,0.0703264336324382,0.015815035314471745,0.008375227363794193
148,0.05720435184877579,0.051367173088696615,0.022387710595671025,0.1600228386687609,0.013829623523879857,0.0559331440299141,0.013295033034721477,0.06581963195771973,0.030054447259580196,0.05157182318068346,0.050762853405300186,0.0445182166768704,0.02790694179744115,0.10067965925384538,0.026729113076242136,0.05273696437106187,0.0906552775965361,0.07069010959206136,0.003733221687245334,0.008265981876341985,0.0018358834786509042
149,0.058697246847985836,0.12753170800891225,0.04251056933630409,0.01831180370893884,0.014126248575467109,0.007379383584199235,0.0066813337856939025,0.03045126392852101,0.012360467503533722,0.007779712035402055,0.010987082225363305,0.02483709635681108,0.004508696747789825,0.033767260749404664,0.010350399490578387,0.029390023244852202,0.4406727631591287,0.08893015654261315,0.010090177553905077,0.009888374002826977,0.010748232611768452
150,0.0028652584500219146,0.07128136718849955,0.04915956357827554,0.007128136718849955,0.04009576904353099,0.11540792782899928,0.08498932241705716,0.05676259553438598,0.01594568778957567,0.029789228078775928,0.02795347732882335,0.11321158318173458,0.0026158299885687903,0.017456661352285602,0.009155404959990765,0.10454600520979933,0.15805468960106425,0.015006603618631483,0.0031165969105501528,0.07331797767959954,0.0021403135409802246
151,0.04459575420077552,0.17092336337315414,0.24666855489009484,0.063562209948192,0.025135788731346198,0.016507375778779233,0.031979991446146494,0.004114404251676855,0.004241001305574605,0.001490081539796483,0.08092497835457801,0.08996363820733215,0.006365322038441628,0.03626146571079452,0.0019143408670996478,0.05046680688973199,0.030235279682597736,0.002205320678898794,0.08622853625804187,0.004640556790591092,0.0015752290563562817
152,0.008857419322141983,0.014143298595033167,0.014143298595033167,0.01565865201592958,0.010079132332092601,0.7852045091082558,0.012178951567945226,0.013286128983212974,0.014375155949050105,0.004765676700500306,0.015383938822667653,0.015118698498138902,0.007559349249069451,0.015118698498138902,0.004365461735441579,0.005282436824650941,0.00868202488011937,0.007087281273172411,0.010316288386965368,0.011388110557039692,0.0070054881054006585
153,0.0018181707859168045,0.01879474091585525,0.005804160585811338,0.002252360824344698,0.07453640841843448,0.0021437462598222308,0.004868005652615961,0.26188467822693196,0.0027945958376128666,0.2803873667652032,0.0027011243584215473,0.005203730180382578,0.0014510401464528347,0.002219237871045511,0.0010060545015406319,0.0010336176385691424,0.001754746223617381,0.13424401222997334,0.0020392996652850645,0.1912447321262464,0.0018181707859168045
154,0.011893377201747395,0.018808131388809834,0.022465268047745082,0.024507565142994632,0.020218741242970576,0.008337625254833225,0.020218741242970576,0.01684895103580881,0.017972214438196066,0.004961654292753514,0.013707621181674965,0.016895205981736446,0.006469997197750582,0.020218741242970576,0.006522174594506635,0.006469997197750582,0.0075584079412974094,0.009404065694404917,0.016505094892220875,0.7218969182054397,0.008119506581417774
155,0.00999772586811954,0.013647689280290164,0.020471533920435245,0.01685891028741726,0.014824214218246213,0.0081886135681741,0.011941728120253894,0.01954181437709835,0.020314198730095948,0.004364489465270458,0.011941728120253894,0.013647689280290164,0.00534040015315702,0.009660723872564949,0.7694252519500432,0.004776691248101557,0.0058094893557991915,0.009345700268024785,0.009448400270970114,0.01322776037935816,0.00722524726603597
156,0.004489238286225437,0.009151139583459545,0.009330573692939144,0.00495686727437392,0.007435300911560881,0.003868774458047938,0.006179990368050601,0.44708217664889394,0.008497486756069577,0.011244701669797538,0.0071023769901477065,0.012861061036213414,0.0025583831093542813,0.007930987638998273,0.00247843363718696,0.003050379861153182,0.004137906594259968,0.4260198084598631,0.005009044824630488,0.011606323374143813,0.005009044824630488
157,0.00041023788679109946,0.006904281571668352,0.0008566732341814135,0.000606810207545168,0.010736803774652656,0.0003165966300235659,0.005434497122601207,0.8903377309027599,0.0046028543811122355,0.01117859220233569,0.025945593683415466,0.0010043755159368298,0.0002447637811946896,0.0005201230350387154,0.0002330151196973445,0.00020087510318736598,0.00028278533943852495,0.010768925600180715,0.01887442654503419,0.01038592783430453,0.0001541105289003601
158,0.22295792705341938,0.03687426945097055,0.0013836642150979294,0.0013836642150979294,0.0016514701922136577,0.5351646619259908,0.001248672584356668,0.005727153633372642,0.0013127070758621382,0.0006574155467830179,0.0077734946410154115,0.03435028836527471,0.0002782368258620837,0.001551381089655254,0.0005171270298850848,0.08648692289409458,0.0451614465036844,0.012412142484835628,0.0013472519989111418,0.0013836642150979294,0.00037643805851928966
159,0.010867185267040287,0.015536900284866127,0.015108038054177958,0.021359640007630912,0.02294183556375172,0.007941404618221749,0.0185783784033863,0.016300777900560427,0.10871463652692442,0.00930780000993778,0.01548573900553241,0.016300777900560427,0.00469264818349467,0.04141509962930454,0.5521772920345059,0.006087732582527706,0.0685491304209179,0.008044539743133721,0.018218516477096953,0.01877059273397868,0.003601334652449398
160,0.06431183899664657,0.09071354132158568,0.005767626691182555,0.005767626691182555,0.003718601419315069,0.07022659442367774,0.1392138505430275,0.011148580832913866,0.0760247403987158,0.0016149354735311154,0.010548086200184383,0.016198846664568868,0.0017774447035719826,0.020010339997408613,0.252316128323501,0.06468585006923724,0.03589384728551951,0.0049300837674774835,0.12006203998445164,0.003324867151387591,0.001744529060913242
161,0.007885172013491419,0.01604224651020668,0.015007262864386892,0.020227180382434512,0.010819189506883575,0.005112364272483447,0.011346954848682774,0.2964401600722546,0.015007262864386892,0.4141546506868124,0.0672792259340316,0.017230561066518286,0.01790999270955259,0.009304502975919875,0.004080922357859593,0.008783412150289023,0.00802112325510334,0.032157563148242634,0.007384526171364978,0.011928849969128043,0.0038768762399666143
162,0.00605141004288397,0.022390217158670688,0.010922057150571067,0.01791217372693655,0.08983002579654234,0.004975603813037932,0.008074609060363358,0.15684449430851283,0.009951207626075863,0.3995085857045946,0.06797947898116717,0.00878047731712576,0.008005632818926066,0.013993885724169182,0.003444648793641644,0.0034984714310422947,0.010074395416434654,0.03729524922403404,0.01711048110410331,0.1006096288921274,0.0027472659090393477
163,0.032967325076441574,0.02300427883342327,0.010488954856192192,0.019623712878001107,0.02343856334338371,0.5608678984497241,0.011213550216000632,0.02025673587406566,0.01794168034560101,0.022733644145086458,0.03149556949267186,0.02099704632844791,0.005321684848271487,0.020931960403201184,0.020674014846471783,0.016051086408509788,0.02210215402994517,0.0052886462258297726,0.012076131001846834,0.09880962978093132,0.0037157326159528723
164,0.05947206429233114,0.08984277854754529,0.01639987227455192,0.01606518100364269,0.005750604563803919,0.017320273269552284,0.11699079392168835,0.047231632150709524,0.0575995514033043,0.018711433123220364,0.028114066756374716,0.04744248765138235,0.09717924843662193,0.07831775739275813,0.0881074770668529,0.09342577157727401,0.04342328492669092,0.06872327429336042,0.0032439307795816986,0.006133978201390848,0.0005045383673622109
165,0.02430639317761986,0.20832267248915842,0.001431564220510532,0.0017410916195398358,0.16101494745205472,0.023727120144337432,0.09085146428961388,0.018965166342117937,0.009448876225569,0.026266579811623066,0.05844973498970928,0.05635523160821915,0.00047718807350351065,0.03951575168719175,0.038767786246031895,0.0350841713681143,0.05636280705668563,0.08158090670904104,0.0469090213576986,0.01989778212415635,0.000523743007503853
166,0.010513332143974947,0.019775077127952873,0.019315191613349315,0.015670815837245673,0.02595478873043815,0.008389426660343643,0.02767196198698006,0.019315191613349315,0.00993712301942739,0.0042592473814052345,0.013842553989567012,0.01695006610967389,0.005299580259043232,0.7373095813352555,0.00484453870648216,0.006438397204449772,0.008835672759298094,0.008835672759298094,0.015670815837245673,0.01628535763478472,0.0048856072904354154
167,0.29834223291610806,0.1056631646715315,0.00457796950625259,0.004721031053322983,0.002885457874092511,0.0016332215535820045,0.007369414327138314,0.14670534277879524,0.006866954259378884,0.00621500675549637,0.0043789273538068245,0.00671435527583713,0.0026977320304702756,0.005209413576080533,0.0014456745809218704,0.04099764480180786,0.07726054476623521,0.2676333771073038,0.003320285575963416,0.0041389861289406965,0.0012232631069338902
168,0.011189258184544673,0.04545636137471274,0.021391228882217755,0.02272818068735637,0.026937103036866805,0.6414902774057909,0.026937103036866805,0.02272818068735637,0.019139520578826414,0.00742144675505514,0.01731670909512866,0.017739067853546432,0.008081130911060042,0.01691399493012567,0.007992327274674766,0.005865336951575838,0.010855250477543339,0.02093032391762766,0.02346134780630335,0.01864876364090779,0.006777086511912572
169,0.21286382439119025,0.1944515762305131,0.010365543710284447,0.007288272921293751,0.006859550984747059,0.003507138849344361,0.00971769722839167,0.05939611783041127,0.010365543710284447,0.0021766556741112256,0.007420534763425432,0.0108476620223907,0.00330815224796312,0.00638971872551781,0.0028269664664412122,0.012374191214669015,0.003331781906877142,0.4138843902117323,0.008183323981803511,0.0119602427426359,0.0024811141859723404
170,0.005964685044037391,0.01265236221462477,0.016701118123304697,0.03809520813326691,0.018978543321937155,0.738719892360795,0.02256907854500635,0.021411689901672686,0.010060914532111262,0.004744635830484289,0.014153489935003979,0.01439751562353853,0.005798999348369685,0.012102259509641085,0.004588219264644147,0.005030457266055631,0.007076744967501989,0.00714425857518956,0.010438198827065434,0.016701118123304697,0.012670610552444728
171,0.018876958832091464,0.01659365725421334,0.02212487633895112,0.015929910964044808,0.012763056442936625,0.00711156739466286,0.014481737240040732,0.01700039771781463,0.024136228733401217,0.005493072746222346,0.025693404780717424,0.020960409163216853,0.006371964385617922,0.017699901071160897,0.0057301838000161165,0.005856584913251767,0.010082222129142284,0.7004731188294011,0.020422962774416423,0.02489048588132001,0.007307298607360003
172,0.005015391650546643,0.01199426392925989,0.009112472153810098,0.008743047607034014,0.14441093770828914,0.003828316703671698,0.013203786182051369,0.07024944865742007,0.00789006735268923,0.0661222242254071,0.577647403888722,0.012939710458410343,0.0058816865720047,0.006739432530422052,0.003218833447365757,0.004201204694289072,0.008562416163665595,0.020264712484218503,0.009550987943669913,0.008985910040562737,0.0014377456064900377
173,0.17439466121409727,0.02038657852584812,0.030251052006097214,0.05103578841844972,0.046889130609450665,0.0021935827337754583,0.08125157921872703,0.003655971222959097,0.024780643665523745,0.004985556247465103,0.02813347836567041,0.03843371361430383,0.0010967913668877291,0.17390898766826285,0.011379685422431923,0.2087529787407051,0.034732689340333835,0.004224246000851414,0.01953713775393778,0.03907427550787556,0.0009014723563460789
174,0.02031607312452446,0.04532047081624688,0.011607788857064595,0.659290537182419,0.01139397477079212,0.0062763420347583705,0.011572005626585747,0.012141120657401437,0.010286227223631775,0.008881901315746876,0.01122133878941648,0.011945296130669155,0.00474748948783005,0.026780278209600425,0.027834619871395728,0.04737014035065,0.016737673881000264,0.005568483910537504,0.015429340835447662,0.03334902569497412,0.0019298712293073302
175,0.004921478314605676,0.010856202164571341,0.04301142321344226,0.012303695786514189,0.009464381374241682,0.32484569662849627,0.054839564597138894,0.026365062399673258,0.016777766981610258,0.003926711421227933,0.015379619733142736,0.3412239574933085,0.00512653991104758,0.06499503952253498,0.0043941770666122105,0.014998855274431146,0.004987984778316563,0.00834561712696524,0.012727961158462954,0.018455543679771282,0.0020527213738850345
176,0.014741437761086442,0.029194206491734882,0.021902581513230057,0.018369907075612313,0.020129872181380615,0.006257880432351447,0.016270489124113763,0.10494170437102733,0.018369907075612313,0.0039546327732220945,0.013889441935219064,0.029971953649683237,0.005272843697629461,0.011621777945795542,0.004785437977680518,0.004010331826366067,0.1384148848961077,0.5030874988803211,0.014985976824841622,0.016749032921881814,0.0030782006451026034
177,0.01036429145348065,0.018507663309786874,0.02507489867777576,0.014948497288674013,0.686703355235969,0.007333225085009894,0.026804202034863743,0.018959069731976797,0.022862407617972022,0.011800672772086723,0.015546437180220972,0.0210086988921905,0.010504349446095254,0.03109287436044195,0.005552298992936061,0.0152788899293462,0.009965664859116012,0.0067593205131395535,0.01586371140838875,0.017666405886614743,0.0074030653239147495
178,0.009241564538471216,0.014416840680015098,0.013348926555569535,0.01802105085001887,0.02120123629413985,0.007431361175265515,0.6384863836501246,0.02184369800002288,0.024028067800025168,0.005631578390630898,0.03003508475003146,0.10678325200039943,0.006330917958417929,0.008336666881035236,0.004941993238902391,0.0067368414392593905,0.007668532276603775,0.008790756512204326,0.018483129076942433,0.01764149978485014,0.010600618147069923
179,0.004755897904827984,0.010498868959714606,0.010700770285862962,0.012646364883292596,0.00806434862123006,0.004560984056269459,0.009593794049394382,0.008694375857263658,0.010304445460460632,0.003312143183719489,0.016365883966613943,0.02465087203773064,0.004416190911625984,0.0076224665049982755,0.003312143183719489,0.34346994945162374,0.4910395813135514,0.005249434479857303,0.008694375857263658,0.008182941983306971,0.0038641670476727372
180,0.018130222294340387,0.023569288982642506,0.035353933473963754,0.030742550846925003,0.025252809624259822,0.014730805614151564,0.027195333441510584,0.01476787048278376,0.02618809886960278,0.007215088464074237,0.6246170995948575,0.02618809886960278,0.011223470944115478,0.025252809624259822,0.007289470819373972,0.008221844993945062,0.013341106971307077,0.011048104210613674,0.01964107415220209,0.02618809886960278,0.0038428188558656253
181,0.01364927867516563,0.018566688927322827,0.02377616285351432,0.020473918012748445,0.020473918012748445,0.008099571961087298,0.023033157764342,0.02105888709882697,0.024568701615298134,0.009588544542583493,0.022335183286634665,0.021678266131145412,0.011339400745522216,0.017549072582355812,0.019092449524634007,0.006824639337582815,0.013401109971980801,0.01474122096917888,0.6525997407334463,0.02729855735033126,0.009851529903550298
182,0.014526344822779057,0.06101064825567205,0.06101064825567205,0.038131655159795025,0.033894804586484466,0.013263184403406967,0.5375287147927131,0.0508422068797267,0.021038154570921393,0.00521458532099761,0.03211086750298528,0.016236261438236328,0.005447379308542147,0.006590275216139311,0.006631592201703484,0.013557921834593787,0.008972154155245889,0.017431613787334866,0.021789517234168585,0.0282809757775977,0.006490494495284259
183,0.008471971984811023,0.02006519680613137,0.014663028435249846,0.016575597361586786,0.0195457257765056,0.00488767614508328,0.02823990661603674,0.021344968937764087,0.02723133852260686,0.008287798680793393,0.026292326849413516,0.020607499422513297,0.011380260875119284,0.029326056870499693,0.0076247747863299195,0.0077803824350305304,0.012102817121158604,0.6750762552487395,0.017732034386813766,0.01694394396962205,0.005820438768190778
184,0.005492278069309929,0.012425153664996236,0.013534542385085184,0.012846345314657125,0.009717107353394492,0.00832894916005242,0.012030704342297941,0.011660528824073391,0.007613391434121827,0.004096942559809569,0.011483854144920763,0.012846345314657125,0.004797052997245381,0.0122247479607221,0.004766882852608618,0.15149309318291204,0.6691451812367968,0.0059679871934233885,0.013297094273066147,0.013534542385085184,0.0026972753507643068
185,0.028998471971571026,0.01707566968925686,0.012310366520161925,0.0182533020816194,0.011262675752488568,0.009987655855980429,0.12614335307633398,0.007352024449541149,0.46790403370046846,0.011599388788628411,0.0165978096153071,0.014495181339226487,0.0051392792268637145,0.04760126531182415,0.14058157406781446,0.012013652673936568,0.020951351692656415,0.007153321086040036,0.011507516529716582,0.010586915207339252,0.002485191363225177
186,0.06402362310775704,0.09146231872536723,0.016243604295927822,0.015847418825295438,0.02499016045527357,0.5701152752363564,0.0216581390612371,0.024064598956930108,0.023205148994182606,0.005601242860664766,0.016660106970182383,0.03609689843539516,0.009697674206524074,0.017098530837818763,0.0058614508116004846,0.005749948423337283,0.01225932399692666,0.0064170993719821325,0.012740081800727705,0.017098530837818763,0.0031088237886943196
187,0.48559880113467907,0.19150160380088044,0.013627945346661438,0.012173816956341668,0.008559715047427733,0.025234600684505355,0.018260725434512497,0.02381833752327717,0.01889040562190948,0.0038043177988567704,0.015652050372439285,0.03222480959031617,0.005706476698285156,0.016112404795158086,0.004935331198516891,0.06511462083774094,0.007971466571909582,0.019644668187610983,0.010535033904526443,0.017671669775334676,0.0029611987191101342
188,0.4748392766957178,0.17823758326606,0.01576718609261333,0.01430434219377491,0.010940496472425575,0.071295033306424,0.008122489805285654,0.02552782510232635,0.016244979610571312,0.0058910365620753104,0.022336846964535553,0.014107482293390875,0.006233538687777363,0.01914586882674476,0.009242833226704366,0.04359251751358186,0.017739884379692598,0.0062534633562964514,0.01914586882674476,0.016244979610571312,0.00478646720668619
189,0.010328444210970924,0.023004262106253427,0.02811632035208752,0.009037388684599561,0.01874421356805835,0.009372106784029175,0.009037388684599561,0.20185562737970694,0.007907715099024614,0.44856882395289305,0.02984684496077614,0.02530468831687877,0.013900201796109873,0.00451869434229978,0.012421884761828117,0.006406250206804752,0.00829661912028812,0.08092849029315564,0.01686979221125251,0.03373958442250503,0.0017946587458779269
190,0.012923660908114682,0.019610327123652484,0.016936191606790777,0.00908771256949749,0.009805163561826242,0.023017818614101883,0.11146657533248919,0.011643631729668659,0.12773625997834742,0.0021291212305679834,0.0039007635410187053,0.05573328766624458,0.004902581780913121,0.009288881277707429,0.3303833750388547,0.004088047176270005,0.08127771117994002,0.004902581780913121,0.01069967174021111,0.14862210044331892,0.0018445357195514707
191,0.037114747595021466,0.015588162371224169,0.12105117677145465,0.03189862090599141,0.017815042709970478,0.008751249050511813,0.035630085419940956,0.012804811106845487,0.011600492927422634,0.017293025253064948,0.010843939040851593,0.06389621620398413,0.009592715305368718,0.012790287073824956,0.0036169652035827346,0.4372338068847896,0.019427966642332227,0.09256854694287707,0.014671211643505098,0.022673690721780607,0.0031372402256551785
192,0.0802167325588339,0.005774305356777974,0.035177204667726,0.01725459631963521,0.008793644931675787,0.5014599358633597,0.044126508620706446,0.01692903789851002,0.09752597919793815,0.014789653988258756,0.01574103523896546,0.042058078529110844,0.007870517619482731,0.021707395369863654,0.017767109081604573,0.03429298896660594,0.00846451894925501,0.002656419106953862,0.007123965514268991,0.01794478017242062,0.002325592048046489
193,0.0261453340866673,0.12937399292816287,0.06526262763724254,0.1025955981887924,0.003407409899976308,0.06920782600718202,0.06300681473774167,0.008800951899875026,0.019807653477259702,0.054317325275182904,0.026626608714028676,0.07140772336944054,0.08428603934880315,0.06824122703903097,0.02026534976944907,0.05703429375739324,0.09116121123316495,0.02908853231382367,0.002758379442837964,0.006845184811013909,0.0003599160629311777
194,0.014717862650960995,0.024410113665008483,0.013293178072078004,0.03766317905912415,0.01131716511541776,0.7465008235026457,0.009102937158053416,0.011963860264870204,0.014954825331087752,0.004085220578248362,0.01213724954407122,0.013957836975681901,0.005075577082066147,0.013293178072078004,0.004007034538473273,0.012131086791095123,0.006492017197991583,0.005208277181213403,0.014439141698981276,0.021522895919684894,0.0037265396011686145
