site,A,C,D,E,F,G,H,I,K,L,M,N,P,Q,R,S,T,V,W,Y,*
104,0.03867273118583149,0.0611964097885685,0.012713065587451899,0.00736019586641952,0.04679725454419945,0.003815603488016262,0.008226101262468876,0.006555174443529885,0.0048221972917920995,0.4268902807418275,0.29171491780483433,0.010232467424046649,0.02773416536181028,0.004113050631234438,0.0015091049078629951,0.003899771212016622,0.019078017440081304,0.0113811354331596,0.0046102325756693695,0.006877560071900207,0.001800562937278595
105,0.007365968310356634,0.012890444543124113,0.01718725939083214,0.010893333416724599,0.014607657775872277,0.007228286659695763,0.020353333489143324,0.015310415103964444,0.008224479588096155,0.0051121667649718676,0.7866253457877824,0.014592956086555593,0.013811190581918684,0.013568888992762219,0.004744948911579425,0.0053339770523272165,0.005261405935969025,0.006339562890061038,0.014062303137953574,0.012890444543124113,0.0035956310371854164
106,0.14264792909099228,0.10104051980206168,0.0039584881384246776,0.004283986793593617,0.05958799885762612,0.05786308310122116,0.0029452409205956115,0.17038443423352465,0.004874881523744461,0.048415249071821216,0.09335453154361423,0.0030079056210338163,0.0019077986249855527,0.0016631948728069337,0.0012622461088266908,0.05416311652903667,0.13353939783323795,0.09237692438177664,0.015641849700126855,0.005437367853407284,0.0016438553975417368
107,0.08117823319906446,0.11799161802189602,0.00775065963754753,0.005750489408503007,0.03982499557824994,0.022549509221962347,0.005750489408503007,0.17963746375851933,0.00445662929158983,0.1572531564163164,0.14960732079955794,0.005401974898896764,0.0030735374424757447,0.00414570166659519,0.0013608028371266657,0.023400434098262816,0.03589166726483143,0.14422751713164014,0.003127459151992863,0.0061470748849514895,0.0014732658815172991
108,0.14411683339825293,0.30462089303572826,0.007148690508276255,0.005459000024501868,0.002942937166607619,0.015953338177782016,0.004170069463161149,0.004619153866886196,0.006823750030627335,0.0016229459532302853,0.006527065246687017,0.005459000024501868,0.0021756884155623387,0.0034912209459023575,0.0019863896847401373,0.379609634587719,0.07493929469468873,0.017503551574078593,0.0034912209459023575,0.004003266684634703,0.0033360555705289193
109,0.007461931886044935,0.085564025193978,0.026573127571875032,0.03277887428311249,0.014048088978476784,0.5952818086749214,0.015946479380973645,0.013409539479455113,0.04916831142466874,0.0049581490512271,0.013721389234791275,0.015526835186737495,0.0060826777020208745,0.029500986854801247,0.0066970215844565665,0.006330437710731432,0.007866929827946999,0.006843050297580507,0.023600789483840996,0.02269306681138557,0.015946479380973645
110,0.016295184163343725,0.03568055965385136,0.004558875948093897,0.001439645036240178,0.09040218719990223,0.006011398637333652,0.014813803784857929,0.4769379578922956,0.003388778643594951,0.06657202436194681,0.05497552212202016,0.014813803784857926,0.0005416486274963046,0.020425093097304118,0.00837952537325297,0.014042251504396577,0.03472570164190169,0.0416909634197485,0.05909592692669131,0.03456554216466849,0.0006436060162014913
111,0.014449547832180519,0.022276386241278295,0.005821716597085061,0.0045462526703379715,0.03751812419583713,0.0020425193156590887,0.19191963530947456,0.006932542291335096,0.006141918849897373,0.021419602155075282,0.034069767192543274,0.14181621227778612,0.0015659314753386348,0.06635519305912684,0.020003285604413168,0.10958998621454026,0.19327819004540778,0.01944120981057015,0.0529816753846619,0.04455277248255659,0.003277530994894816
112,0.00900720331369391,0.021552950786339,0.02514510925072883,0.018287352182348237,0.054862056547044735,0.011175604111435037,0.021552950786339,0.03352681233430511,0.021552950786339,0.004434032032702549,0.014034479581802138,0.01774948888286741,0.6084234763756668,0.008130456357835577,0.005693232283183886,0.007008890265223067,0.04202127360249431,0.01160543503879792,0.01774948888286741,0.028737267715118666,0.01774948888286741
113,0.07205004907408456,0.14017255787909305,0.014215685318273438,0.006461675144669744,0.06718180251502479,0.015110800565689468,0.009477123545515623,0.2872562216075025,0.008070541211220509,0.07858854884368824,0.05274734912840851,0.006611946659662063,0.004374057021007211,0.008123248753299108,0.002311493547686738,0.013031332597934037,0.004354766625915265,0.17461602118746786,0.025732160383601627,0.006318082363677083,0.0031945360265783003
114,0.16960454118243606,0.09269771232440711,0.0024811822594919884,0.0038896006638540243,0.22408997166645572,0.05391213104752207,0.00352568222088557,0.035256822208855704,0.00334505657091446,0.06010744579219011,0.09632667496348077,0.004147861436335965,0.001001513943387563,0.002496310873816761,0.000730361696706214,0.06596618964196502,0.04004551843930229,0.06379017130916205,0.058233178255076276,0.016788962956597948,0.00156311054715629
115,0.0054132836646384455,0.055168604113924616,0.010128079114484833,0.008721401459695272,0.03819364900194781,0.004077538344792594,0.004242843953365268,0.317302557168255,0.007135692103387042,0.15176257352492298,0.05389570309071696,0.0044852921792718535,0.0035277578938093237,0.0073016384313727865,0.002180350364923818,0.002616420437908582,0.034762323877769,0.26133612699397457,0.018914949981917017,0.005814267639796848,0.0030189466591252863
116,0.010611410738594817,0.022592035766040585,0.05387331605748139,0.012075053599090656,0.0350176554373629,0.010150045054308086,0.010869547299964187,0.02001008882135023,0.007696188008211626,0.007241087866669674,0.010005044410675115,0.017957772019160465,0.7098138830693472,0.007696188008211626,0.003806266895365533,0.005183864841344602,0.004457937340213003,0.007612533790731066,0.009593878202017235,0.026936658028740696,0.00679954474511901
117,0.08860317622534872,0.11199721643030243,0.00819221863909527,0.005794496110579581,0.2401240060010805,0.002500782531934345,0.004848455929260465,0.14204525010672503,0.0035458856796084,0.11779246837532574,0.076718383854696,0.003393919150482326,0.0036549898543655813,0.00593935851334407,0.0019159221010787322,0.001661359024711628,0.0025545628014383096,0.13642200895553466,0.03592699678702702,0.004568737317956977,0.0017998056101042636
118,0.3463873426065636,0.09997693264352886,0.006304398123458508,0.008353938194621506,0.010073866646455345,0.06349109802936746,0.006586758961143879,0.00761136591065515,0.0068502293195896345,0.003171402462772979,0.009013459631038993,0.007445901434336561,0.002014773329291069,0.007784351499533676,0.0026758708279647006,0.3636047421537137,0.024732962970322746,0.0028518327264836743,0.006715911097636896,0.009786041885128051,0.004566819546393089
119,0.23378997387530448,0.06914720989729445,0.006258760142733945,0.005876961216967865,0.007470133073585676,0.06616261496785274,0.005034220114807739,0.050931960231255256,0.004631482505623119,0.027821583276323187,0.06182574061405152,0.003859568754685933,0.0021245332594601466,0.005937798084132203,0.0020136880459230956,0.14001353582343018,0.10398912939200351,0.1235754430860734,0.060714623324453675,0.016734786933126727,0.0020862533809113152
120,0.06258754826977432,0.12271121646402623,0.0028982719006059674,0.007365533389157749,0.06001545724498909,0.1736396054055766,0.0019213263161320456,0.042965611436753544,0.0030535364667098586,0.043735960745336186,0.14302275163172048,0.001744877980977062,0.0010620996405947335,0.002478232494721045,0.0014681234262952341,0.08302964911414193,0.12010152091026642,0.08335535923214628,0.01605818991149708,0.025489711054613343,0.0012954169639646624
121,0.20052663293848388,0.09768011345312046,0.006394709329404624,0.0021356999487534955,0.07569324008980488,0.028098426625810625,0.006007151188228587,0.06960297939292401,0.00347782437213234,0.049745658801413344,0.07449399956648084,0.004719904505036747,0.0012389749325721461,0.0026788647190749103,0.0012236789457502678,0.08256289327757456,0.13823473920279614,0.12932047017810366,0.019886565540835434,0.0049558997302885845,0.0013215732614102894
122,0.00899549896392332,0.013542538349721104,0.03838079557940617,0.019190397789703086,0.08791188623520084,0.008846988238060884,0.016932703932090957,0.014041754480270547,0.009926067822260215,0.0026075778441546193,0.042847810097828995,0.015150314044502436,0.0059351745741349745,0.008857106672170652,0.003327814645613251,0.003916407712184303,0.0064686734122594665,0.011941192978083487,0.583320318319556,0.09501036152127297,0.0028486167876017217
123,0.06774740138180267,0.04282544556874651,0.004117343317924066,0.002994431503944775,0.18171752142606257,0.007216949065424891,0.04696083599398366,0.05026978314537338,0.003659860727043614,0.12582407031327086,0.1592580524857627,0.002386865691550183,0.0013957095992962933,0.03187661176127904,0.0012866697868512704,0.0032952615533811663,0.016544060808190306,0.02961502952011183,0.0528196996817329,0.16650784837523724,0.001680548293030231
124,0.09521825772906109,0.03437334579281817,0.018112618494808854,0.0024150157993078473,0.037237791275553024,0.016316748115156647,0.028980189591694166,0.04830031598615695,0.009056309247404425,0.15509160322030288,0.05885089622274396,0.03622523698961771,0.0009660063197231389,0.0028644454827348484,0.0008327640687268439,0.0016466016813462595,0.07256595222928282,0.14605116990924774,0.19772857960821125,0.03622523698961771,0.0009409152464835768
125,0.02954894695191266,0.007581812419773164,0.005844313740241814,0.008500819985806275,0.1736754433092009,0.0031878074946773533,0.03682312466126656,0.04502696678386692,0.005725042031257288,0.05792763857899708,0.0814592591647322,0.005194945546881612,0.0020181802844000513,0.004598804254616511,0.0016698039257833756,0.0017424040964696093,0.002141427935355779,0.03742866613908937,0.20355941233539826,0.2843696376875154,0.0019755426727577964
126,0.024946365666151656,0.03549661307259815,0.0025512129693439642,0.021831417112161862,0.05577587241264753,0.03048548553499473,0.05336903364061959,0.06607594641219569,0.018751282089947426,0.05154878920312997,0.2083998105529553,0.033037973206097845,0.0010861599770474303,0.11232910890073267,0.0441507460117853,0.04681042950647115,0.03870659387198621,0.11047326617230224,0.017638917898170882,0.025228997721020177,0.0013059780676403627
127,0.013501408075978764,0.008574932093437267,0.025153134140749323,0.08967107924569942,0.01019721654354702,0.24117515240905768,0.00509860827177351,0.006085435679213544,0.38307321459985677,0.0019857737479538934,0.00598884146208317,0.006313329673361036,0.0017228174069006382,0.040469961107953666,0.10947299787124024,0.028555795015156964,0.001707226299145881,0.0033687233224217834,0.006986981705763698,0.007699939022678362,0.0031974323060274565
128,0.012075423382782053,0.0038457388302391513,0.013897695903544258,0.012552757590298043,0.0037519403221845378,0.10931898942684816,0.026726338276046657,0.0023628850221412583,0.0989327504998066,0.0009211350491590781,0.0030162657492071774,0.10266833195104887,0.07441800413308103,0.0802591938429681,0.10036526091428344,0.19130683076163724,0.15541100283234643,0.001538295532095661,0.002295963480739792,0.0027969009674466555,0.001538295532095661
129,0.005374739309014706,0.016755763503025017,0.015432940068575672,0.015432940068575672,0.01221774422095574,0.5943228138703338,0.0172485800766434,0.013328448241042628,0.017659857729619744,0.003490784063130212,0.015037223656560912,0.035659328107886024,0.18542850616100742,0.010860217085293992,0.004005518654883466,0.004016792620588188,0.0045461373845416715,0.005054427370756446,0.00682249629803085,0.010860217085293992,0.006444524424240392
130,0.011863082330869287,0.023007189975019226,0.017255392481264415,0.021089924143767626,0.01615398445054541,0.008828340339251563,0.0076690633250064075,0.012653954486260572,0.7696617965337678,0.004657897356905732,0.01615398445054541,0.0076690633250064075,0.005931541165434643,0.012446512609436626,0.004657897356905732,0.007162615746939946,0.006326977243130286,0.011503594987509613,0.014600716714916043,0.010846246702509062,0.009860224275008237
131,0.008603685552829182,0.020243966006656896,0.019665566977895274,0.01433947592138197,0.018113022216482488,0.006801014994635219,0.012075348144321658,0.014644571153751798,0.0646788767268522,0.004001714210618224,0.006264849980997164,0.011283522036497287,0.004558244001498904,0.009694293580652597,0.6982335179418501,0.04339043543164027,0.004650640839367125,0.00702341677781974,0.01012332434172962,0.01404683355563948,0.007563679606882796
132,0.0215501353725744,0.020217888881526327,0.015063929083899603,0.013781892566120914,0.00912322465644624,0.14151407441748404,0.011168085355304877,0.006445922297458468,0.008523012507995828,0.004347308393340154,0.011995350937179315,0.008412324033866011,0.00635047990791846,0.01905143972375538,0.00431071053642535,0.6567775394661415,0.005604995534141912,0.006477489506076829,0.010795815843461384,0.00996536847088743,0.008523012507995828
133,0.007247095576551068,0.015753598769185105,0.02866793028062074,0.015621517131676742,0.02424028520432598,0.7105916744723212,0.017574206773136338,0.021967758466420424,0.018024827459627014,0.005762035007585683,0.020084807740727243,0.01673733978393937,0.007478385860909081,0.018024827459627014,0.005623746167403628,0.005747516372617601,0.007724926054125862,0.0076643617422558555,0.01326355228161233,0.020675537380160397,0.011524070015171368
134,0.628383708033638,0.03656635307188722,0.015383400973396848,0.016800756816813048,0.013513652222219192,0.006035223322544495,0.022201000079360104,0.024865120088883315,0.02005251620071235,0.004200189204203262,0.018837212188547968,0.021435448352485623,0.004604651868311726,0.015540700055552074,0.006613063853426414,0.016218480441965027,0.006117572088164062,0.06071226850421117,0.027027304444438384,0.024865120088883315,0.010026258100356174
135,0.0047950209693031765,0.006769441368428015,0.010461863933025114,0.006657549775561437,0.013629772618653889,0.004048057903733335,0.008569824711095039,0.006467876331572539,0.006713029357024449,0.8254570617705904,0.05265888339598229,0.007528631054606857,0.003676639271179018,0.007821005076144989,0.0035644403665616537,0.002929321901247032,0.004354397420772615,0.004942107502103887,0.006826809515618083,0.007975876463791423,0.0041523892930048125
136,0.005613442742083935,0.13093558676510356,0.012859887009137738,0.010556623664217547,0.006150380743500657,0.011258032221984694,0.011988030262755519,0.008037429380711086,0.008321103358853832,0.011995649093982586,0.00609736021984979,0.007858819838917506,0.0039735605927111,0.00760530952153307,0.0030751903717503295,0.003115831654196369,0.004235292128757938,0.004312766984771802,0.7223879838697682,0.0075244019734316565,0.012097317601981138
137,0.007230493047399439,0.011734734617910567,0.7289946589636637,0.006996462557654244,0.010683862861082754,0.005187092838351771,0.011930313528209075,0.01234170364987146,0.011545464704718462,0.003848488234906153,0.009544250822567261,0.006066261116038512,0.004044174077359008,0.012132522232077026,0.00542286978554958,0.003848488234906153,0.004186074922178622,0.005382096328515371,0.011545464704718462,0.12225779361138199,0.005076729160940032
138,0.013645646193679705,0.005474237889775611,0.0072496663945677015,0.005500483565926667,0.006786883677081263,0.0019283476188925435,0.06705941414975124,0.4010431263729838,0.01277322174280976,0.08545983643241555,0.052106101858683605,0.01676485353743781,0.009934728022185368,0.012192620754500226,0.0029804184066556105,0.003831966522842928,0.003944671420573602,0.270590666053202,0.00487704830180009,0.01339516515213407,0.002460895932100963
139,0.00877243645136233,0.028144900281454138,0.023292331267410326,0.021108675211090607,0.027019104270195975,0.01228141103190726,0.008278081206430584,0.028144900281454138,0.019299360192997127,0.005318721313030703,0.015010613483442209,0.0182561515339162,0.6823588619820178,0.008659969317370505,0.0053609333869436455,0.012604653772978841,0.005918802281205231,0.011646165633705163,0.019299360192997127,0.025979907952111515,0.01324465895597842
140,0.3583919787216246,0.24196046914355157,0.005536851955026008,0.008670750201261117,0.012696455651846635,0.0071705610156523655,0.011467766395216314,0.012258646836265716,0.009608128601397453,0.00359091675001723,0.022218797390731616,0.013166694750063178,0.004677641555943498,0.01367310608660407,0.007255117515340935,0.22875967807359718,0.004639857882247722,0.003171193350190534,0.010157164521477309,0.01367310608660407,0.007255117515340935
141,0.008311055681447053,0.024976310912353063,0.02775145656928118,0.029383895191003602,0.031220388640441327,0.011616888796443283,0.131676984196029,0.02629085359195059,0.023786962773669578,0.010980961527181567,0.02629085359195059,0.023786962773669578,0.5023928304613289,0.01850097104618745,0.0064041822852187345,0.007345973797750899,0.027542729420239862,0.01218356629870881,0.01387572828464059,0.023786962773669578,0.011893481386834789
142,0.04932064811796683,0.03205842127667845,0.0096675629585611,0.022415341513315937,0.006152085519084337,0.003274497131125534,0.050516300193553916,0.02300751403847699,0.20428234352693206,0.01930399560746229,0.0641168425533569,0.008041920662561465,0.10686140425559482,0.03205842127667845,0.18389377317480418,0.024660324058983416,0.08622609860623859,0.059842386383133106,0.005205610823840592,0.005971141827346562,0.003123366494304355
143,0.03644562728138152,0.05521330910401986,0.003408819467237098,0.09737650654878084,0.07590944037279237,0.014812626768065159,0.0346359449713695,0.09764037820500354,0.004274920752052226,0.05725047948875852,0.045203878798612755,0.04839932540334226,0.0326613941178709,0.07006601213784977,0.00922474503390295,0.05695688728625206,0.06435388563511596,0.12782313025148268,0.01683454796637992,0.035089510917423135,0.01641862949230711
144,0.024691932553063636,0.07027674134099125,0.005461656466263136,0.018493008969949768,0.022514287843795826,0.0033375893630307723,0.07723651524191069,0.09299379761567839,0.06805455189147373,0.043301214460539805,0.024344295886449034,0.044847008850141694,0.012706083238577843,0.06822217394046753,0.0646113156350599,0.05230052632327022,0.08950653020509045,0.17096802165200856,0.029356865521812207,0.01527755246543288,0.0014983305349925416
145,0.029179732477816866,0.05869736094793269,0.011922901442548827,0.06361633714986238,0.02424996903569253,0.017884352163823242,0.0763065692323125,0.08196994741752318,0.11389763694206516,0.06149707059840973,0.05978944631661392,0.044716074075215016,0.03770214780481656,0.053076141905539935,0.04362106449391966,0.03761245197340145,0.05920337268024244,0.08966021884796717,0.018342925296228964,0.01573822990416445,0.001316049293903324
146,0.027780605478800964,0.04329144353779817,0.003849873278516249,0.018413628564035153,0.03437849928001619,0.008556426487470698,0.08667069933429367,0.06398656368943514,0.17107034000371033,0.0665361652732096,0.05347766554669186,0.045892423832118265,0.08438677499111005,0.04392808241335403,0.05554465885979098,0.03145745032158344,0.05093111004446843,0.06654998379143875,0.005629227952283352,0.03565177703112791,0.002016600288746606
147,0.13819848179533922,0.025135619544107677,0.012313083477463847,0.014485980561722175,0.09795710016617964,0.24788171217776073,0.04299057687543935,0.006840601931924361,0.01119371225223986,0.018156214505646712,0.009740052573341726,0.007462474834826575,0.17497919008950752,0.012313083477463847,0.0029994733113087283,0.0048198198301072455,0.02894187050364398,0.04029934665646362,0.08972654491805711,0.008491781708595757,0.005073278808860351
148,0.04601697871170273,0.03123576736794368,0.05428149312712677,0.1715947272530518,0.014403688458541102,0.02386065562829031,0.009514058889761328,0.055603849276640804,0.03791138660294638,0.07343322464913483,0.03482365956561288,0.04601697871170273,0.013765762862475175,0.07293257003364208,0.048977135237016946,0.0602197499190184,0.11290763848850774,0.06612446791315152,0.00394766620605244,0.017602123004476458,0.0048264180932040155
149,0.03691849357812676,0.17737607675683895,0.025469385380469188,0.010068820462465647,0.008630417539256268,0.005788496677379361,0.007640815614140756,0.1375048727269853,0.01313324408147693,0.003553701339693757,0.01373020972154406,0.020903519800254705,0.0027484948252304874,0.05253060734721769,0.02938775236207983,0.01720904417599269,0.30447318907399623,0.10519963526715535,0.005699332337244705,0.01041602116806791,0.011617869764383436
150,0.018141279151279378,0.012935172570983328,0.01991335777375065,0.04035773842146798,0.04822156245212168,0.0694935546798237,0.12611793256708745,0.07409246341890113,0.05042807690149013,0.012808852526344821,0.0670001516762652,0.03531302111878449,0.0025559135625842304,0.03661488364850926,0.03798732908647213,0.09928432989323907,0.20069798573414757,0.018684138158087032,0.016450165117446187,0.009342069079043513,0.003560022462170893
151,0.06549685996813448,0.08571771594242363,0.28231998900303457,0.14534724403596266,0.025669476431955742,0.015167674886204316,0.028617997373464165,0.004981445106859247,0.006064367956176474,0.0017435057874007364,0.03308955946306796,0.06483170955240113,0.010836346958665526,0.005364633192002266,0.0023640756439332025,0.07035257687643275,0.051611388344911004,0.01130779656716641,0.031143114788769827,0.05554677493856325,0.00242574718247059
152,0.009935558261243524,0.013309898802797924,0.01679582467972119,0.013831855618593923,0.01679582467972119,0.714593227261315,0.012375870816636669,0.015676103034406447,0.012162493733591212,0.004149556685578177,0.01959512879300806,0.013565858395159426,0.007585211145680539,0.015335318185832393,0.018845151273481037,0.004864997493436483,0.0065317095976693525,0.053188745474560144,0.011757077275804833,0.012825902482696184,0.006278686309066141
153,0.0022827959864757134,0.03096444323187196,0.006672788268159776,0.0029912499133130034,0.054891513001954835,0.001906510933759936,0.005102720440357477,0.19092700174592991,0.0031544089994937127,0.23614017015248676,0.004676134631253935,0.005257348332489521,0.0020653868449065976,0.004448525512106518,0.0012947201117324942,0.0015916742657995798,0.003619220637491528,0.17489802187218115,0.0025143839851036838,0.26138815715216596,0.0032128239809658186
154,0.01314959196496301,0.019923624189337893,0.0346041893814816,0.02191598660827168,0.029348855586950308,0.009131661086779867,0.021209019298327435,0.02629918392992602,0.01603608776215001,0.004241803859665487,0.019337635242592657,0.036320501028230597,0.006574795982481505,0.018263322173559735,0.0071465173722625045,0.007225050530199455,0.006509698992555945,0.012405275438644349,0.014942718142003418,0.663841734455027,0.01157274697458942
155,0.010516214584141136,0.017905986994618695,0.034869553621099565,0.015407477181416086,0.021371661896802955,0.008833620250678555,0.013802531641685245,0.08677880184805761,0.02015897200074555,0.0036203361683108835,0.01204584579637985,0.015774321876211708,0.0046987341758928484,0.008833620250678555,0.6703779741582098,0.00547538445289993,0.005567407721015896,0.009464593125727023,0.011422784806911924,0.01204584579637985,0.011028331652136323
156,0.004330522286856524,0.008300167716475003,0.011717883835023531,0.007661693276746157,0.008853512230906671,0.0031370712629196855,0.009717269521726834,0.456795414455009,0.008130776538587759,0.019452194879303504,0.0069896149191368455,0.011066890288633339,0.0034948074595684228,0.006323937307790478,0.0032390898405756105,0.004024323741321214,0.0037234397232785064,0.4033528443743306,0.0056113809914197215,0.008130776538587759,0.005946388811802986
157,0.0010900324389685777,0.016583398614736466,0.004057342967271929,0.004057342967271929,0.054995964793768906,0.0011065480819832533,0.009899273662878403,0.6494868616701857,0.00799556718924794,0.04576988160716453,0.07359186028487953,0.002518350807272231,0.0007769380150095182,0.0022130961639665065,0.0017301347041976816,0.0008025513561636782,0.0016373931863865843,0.04077367399891375,0.048296456355255236,0.03198226875699176,0.000635062377486041
158,0.15101018506189703,0.18805694941446857,0.002752571631456049,0.0024576532423714725,0.0031279223084727833,0.3453990722396888,0.002219815831819394,0.0020888046582669888,0.003621804778231644,0.0008001661719348978,0.019692912471753216,0.03357786478529184,0.0004950668401899369,0.0025486774365333785,0.0017889740241102412,0.1400772565083019,0.06895335979321619,0.025202563883517964,0.002867262116100051,0.0026467034917846623,0.000614413310592868
159,0.01976669308904151,0.018171494011868055,0.032581221130841054,0.009308920323097441,0.01471409986554112,0.005923858387425644,0.01024820627787252,0.021720814087227362,0.18037107443750372,0.02850320610900704,0.0120036077850467,0.025340949768431924,0.0049046999551803725,0.052471585290910186,0.4601849397795999,0.04282562387176899,0.012547553004348093,0.005631322170762651,0.01900571232632394,0.02073350435598976,0.003040913972211831
160,0.07787401794211161,0.07852296809162922,0.005643059357494486,0.012312129507260695,0.00978987654129403,0.033785396524481315,0.06101909351080528,0.022855082720579525,0.06673775608930146,0.001921041483402378,0.027782082076645214,0.006118672838308769,0.002485016964768214,0.012312129507260695,0.2737173621270216,0.10609482677064005,0.05532300024637513,0.0035640374889438857,0.1362795313986953,0.004104043169086899,0.0017588756438943853
161,0.009288731755446438,0.031087690201728718,0.019041900098665198,0.01464761546051169,0.009288731755446438,0.006566172447815586,0.014105111184196445,0.21081339918047282,0.015868250082221,0.38373020477812037,0.08303799646124921,0.019041900098665198,0.013217978240427149,0.008856697720309396,0.0036270285902219425,0.004533785737777429,0.007323807730255845,0.12007039420071026,0.010881085770665828,0.011540545514342545,0.003430972990750487
162,0.005276594251639763,0.052476473133204554,0.010282593926272357,0.012531911347644434,0.052476473133204554,0.004950878557094097,0.0073517764292895275,0.11714829339423098,0.016709215130192582,0.40473886799125997,0.15852267925655544,0.009781003978649314,0.004134238795099195,0.014322184397307926,0.009755241800403413,0.00367909323967543,0.007571232442104141,0.03690704430909534,0.016909085787365913,0.050727257362097745,0.0037478613376132884
163,0.05970254721008924,0.11132036892127152,0.012831746580738232,0.011701914291781272,0.0222034266483803,0.39035955518735155,0.12211884656609164,0.020353141094348607,0.015446526865151279,0.008722774754720832,0.012872105720959402,0.015264855820761454,0.004709306971082707,0.012067599113399436,0.009393757428160896,0.016157330784273477,0.007964272602136412,0.0036021342586686,0.008216237694229404,0.13151260399425255,0.0034789474921511896
164,0.06054635225526632,0.11525874513947641,0.010064848167109208,0.03297105434053016,0.021349677930231653,0.02194993483252539,0.04757928224451624,0.034148591995549094,0.008709964759998351,0.018864761819525566,0.03145265052221627,0.12581060208886508,0.09771388719951575,0.05535666491910063,0.08110508717185089,0.08010957483981594,0.0828945374983064,0.05891618439283437,0.003019454450132761,0.010411911897009523,0.0017662315356239153
165,0.018793793640737702,0.08268761454948227,0.0034484854677082626,0.0037619841465908314,0.15067520873461213,0.028823496407734503,0.11565204148693471,0.023857131929121297,0.0020828280982471852,0.03725485930251399,0.029602509824159757,0.0371115713821197,0.0006954928674369605,0.06151828048927951,0.04818295136458477,0.05451991873745329,0.08321266140892969,0.09539204763512135,0.08766781784804356,0.03431368619968394,0.000745618479504489
166,0.007940666714445275,0.01938456874408699,0.024410197677739182,0.011983187950890144,0.03468817564731357,0.008672043911828393,0.0667540503245745,0.028655449447780774,0.010095034413501373,0.005109111141852387,0.016476883432473947,0.01883072392282737,0.004839331970222859,0.6669043938363298,0.005917210566344179,0.0052726026983916634,0.008136732559246395,0.009028429278067917,0.011170768428795896,0.027461472387456574,0.008268964945830683
167,0.3445028520904606,0.1646943728022432,0.0036010928515969004,0.0023172249653753973,0.005965253317029684,0.0020818818048294586,0.009869661889561877,0.10618208236341554,0.0053296174203634125,0.0018377991104701424,0.005921797133737126,0.01024926426992964,0.0033731755825084893,0.004594497776175356,0.001549307389640527,0.025559216671296524,0.021598253261194612,0.27005264409883306,0.0038620416089589953,0.005551684812878556,0.0013062787795008366
168,0.01053678355701861,0.03095180169874217,0.02063453446582811,0.02606467511473025,0.029131107481169097,0.4986682210057133,0.015006934156965898,0.02063453446582811,0.018341808414069433,0.00550254252422083,0.013384562896753367,0.024761441358993736,0.008393708935252113,0.0550254252422083,0.007618905033536535,0.0061139361380231445,0.00900416049417954,0.11854614768263451,0.02063453446582811,0.02358232510380356,0.03746190976450133
169,0.21939949951808388,0.24002779591420684,0.010065846258753048,0.007162236761035822,0.008867531227949114,0.003839549603854255,0.00980095556773323,0.05299538433087866,0.00931090778934657,0.0025956736589693966,0.007014302729152419,0.010345453099273965,0.003238576622381415,0.005729789408828657,0.002660259368384734,0.00347694585027987,0.0036874882334045817,0.376954789878231,0.011285948835571599,0.00931090778934657,0.0022301575543345075
170,0.006974140728249398,0.015691816638561142,0.02227225587408678,0.015343109602148672,0.015009563741232397,0.6992321578959669,0.01972685520276258,0.01770358800247924,0.01438416525201438,0.005230605546187046,0.01770358800247924,0.01816947189728132,0.006769018942124414,0.013808798641933807,0.00595206838014388,0.005568063968521695,0.00719208262600719,0.025728001992502542,0.013538037884248828,0.014090610859116129,0.039911998321952184
171,0.012500226412942763,0.016266487455653986,0.017122618374372615,0.01859027137789027,0.013737335617277274,0.006196757125963424,0.017122618374372615,0.08678168371602779,0.02323783922236284,0.006080929889964108,0.020989016071811594,0.026026379929046377,0.006442173249763956,0.014144771700568683,0.005205275985809276,0.005758048656868668,0.007839271062965777,0.6575657640110707,0.01513161623781766,0.017122618374372615,0.0061382971530769765
172,0.006636026606309738,0.009901373031636752,0.014176965931661716,0.009901373031636752,0.03580371514369927,0.006566173694664374,0.014506662813793382,0.06111784091177566,0.007896031658140701,0.072860560317428,0.6344652262446886,0.01155160187024288,0.008663701402682158,0.00974666407801743,0.0052164353189495605,0.004990292007944924,0.006300873747405206,0.04684087289438558,0.011252596188019767,0.020025806775289416,0.0015792063316281402
173,0.13514106713651955,0.06132884868780188,0.012084502204492984,0.05840842732171607,0.042252904871028646,0.0028108158453270106,0.09494214429038429,0.0076184905202238366,0.015422326827742677,0.0030929034301019993,0.04104375973958427,0.03374709134143595,0.0010540559419976287,0.18746283215103812,0.02127517437227821,0.1802842796071866,0.019133795157113886,0.01229651101509812,0.060744764414584713,0.007301053415214509,0.0025542517091291786
174,0.024437606913314397,0.07942222246827178,0.009930166405306452,0.5966390011020011,0.04053842605151373,0.017991926239288896,0.012249490293863723,0.012249490293863723,0.010888435816767754,0.004055003683485922,0.010137509208714804,0.012782076828379535,0.00565361090486018,0.01647275725267859,0.010691453024575052,0.021246709195333856,0.006678144832166996,0.005394270955095951,0.009332944985800933,0.06738855239732153,0.025820201147394983
175,0.006087832349332488,0.014389421916604063,0.017587071231404964,0.010211847811783527,0.017587071231404964,0.31860288293089534,0.02110448547768596,0.013190303423553724,0.028466672244806805,0.003957091027066117,0.013190303423553724,0.31313339469287493,0.004587931625583903,0.05860785462166107,0.011115602661268842,0.06642223523788257,0.007034828492561986,0.04112040660912576,0.01376379487675171,0.0150746324840614,0.004764335630136492
176,0.005378381298887229,0.06045237629729332,0.019175098543858814,0.013364462621477356,0.028826039880184815,0.005011673483054009,0.02756420415679705,0.09071812300157872,0.010023346966108017,0.004410272665087527,0.015207836776163887,0.0551284083135941,0.005582623626693072,0.012971390191433904,0.004366606599096562,0.018135712889187996,0.13904046548377466,0.4449107910337691,0.01225075740302091,0.02450151480604182,0.0029799139628969777
177,0.008598347429869209,0.01696430709136357,0.029889493446688203,0.0241415139377097,0.6333525335655962,0.007214705314717841,0.023247383791868602,0.02241712008501615,0.01651787795738032,0.05130268705682705,0.012070756968854849,0.01793369606801292,0.012809782905723514,0.03138396811902261,0.006035378484427425,0.01858358182030747,0.014265440054101186,0.007132720027050595,0.01364520353000983,0.026153306765852178,0.006340195579600528
178,0.01169200130175294,0.02763563944050695,0.017881884343857436,0.04676800520701176,0.024319362707646116,0.00821600091474531,0.6133002897092773,0.015589335069003918,0.02171371670325546,0.006831281659451157,0.024319362707646116,0.08966340178814655,0.007405739642102578,0.008100010635965799,0.0072638546284840375,0.007895896983001985,0.009353601041402353,0.0075998008461394114,0.015199601692278823,0.016843374862178136,0.012407838116145976
179,0.005970641692342031,0.012322388173556957,0.016547206975919344,0.01346865684086458,0.010927400833154284,0.006507328586035697,0.012065671753274521,0.014125664491638462,0.01135592635602308,0.0037853087853410255,0.01034200435994959,0.01418281071486299,0.004826268701309808,0.013789339146599452,0.00402189058442484,0.22377356892370642,0.5863904094413066,0.00562283732191434,0.011819433554228102,0.013162551003572203,0.004992691759975664
180,0.013559057262881213,0.01834460688507458,0.03465092411625199,0.02835075609511526,0.04455118814946683,0.012474332681850714,0.027118114525762425,0.014581520086196287,0.017820475259786736,0.007796457926156697,0.6285645365062751,0.017820475259786736,0.011340302438046105,0.027118114525762425,0.010753735070560964,0.00854406348071967,0.011994550655625687,0.012994096543594494,0.01417537804755763,0.032827191268028195,0.004620123215500265
181,0.013225517233447366,0.013942444967083256,0.05179994249766885,0.022199975356143795,0.017759980284915038,0.008515059040712687,0.02486397239888105,0.025899971248834426,0.018836342726425034,0.006336640572283337,0.023022196665630604,0.044399950712287584,0.010535581524949596,0.018282332646236066,0.005976916442038713,0.007969221922718284,0.015160958779805517,0.01019015262249223,0.6271645323889733,0.017759980284915038,0.01615832968355812
182,0.016316598405619148,0.04894979521685744,0.04141905749118707,0.028339355125549047,0.028339355125549047,0.017369282173723608,0.5419795875100573,0.05982752748727021,0.021537909895417272,0.007803590541817852,0.04141905749118707,0.02025248908203546,0.005789760724574536,0.006734899830672132,0.0085467896410386,0.009126233006532744,0.010354764372796768,0.018567163702945925,0.016316598405619148,0.043830881471077304,0.0071793032984724245
183,0.008387819594569235,0.013352039354620416,0.014222824529921747,0.028445649059843495,0.010503278939401353,0.004706834017096405,0.036347218243133354,0.015505986473314175,0.02256034235780691,0.008387819594569235,0.028445649059843495,0.026169997135056012,0.012828429968164712,0.02726041368235001,0.010725408661908204,0.00934642754823429,0.01635624820941001,0.659962735817634,0.015577379247057151,0.024231478828755572,0.006676019677310208
184,0.006810700549985955,0.011231681608748769,0.014550132993151815,0.013917518515188692,0.010850946638960676,0.007113398352207553,0.011855663920345922,0.010325900833849672,0.009516400681104925,0.004325715214180269,0.011640106394521453,0.013337621910389164,0.0047776556096916405,0.014550132993151815,0.003833567974243592,0.16808522133556766,0.6496314785705579,0.007035229139545932,0.012553055915660388,0.011038031925839303,0.00301983892310698
185,0.018549539079818007,0.02003868869708465,0.018435593601317874,0.018435593601317874,0.013168281143798484,0.022942850967143328,0.12003433621940207,0.007555571148081099,0.465895912983625,0.01761269367174639,0.007811692203948252,0.005747471467588137,0.00568999802509811,0.031587983215632116,0.1701013768239535,0.011441316755268322,0.009838077232519926,0.009601871667353061,0.01071836837285923,0.012128680000867025,0.0026641031215777276
186,0.11278931057387691,0.13008195086781224,0.012616861124450957,0.008632589190413814,0.02589776757124144,0.4961084816550283,0.028944563756093375,0.020502399327232808,0.01892529168667644,0.005528736897231319,0.015376799495424608,0.028944563756093375,0.008946501524610679,0.019682303354143497,0.006143683580865367,0.006390358231864771,0.009841151677071749,0.008006389695244134,0.011443199624502033,0.02139380799363423,0.003803288416487858
187,0.4735372618269308,0.1017885053138973,0.09128412956650545,0.008233478764142781,0.01618304446745305,0.035676146440796426,0.021332194979824474,0.01513897708245608,0.013803184986945249,0.004080941648314248,0.014665884048629329,0.018050318829082247,0.006175109073107085,0.01877233158224554,0.006094912851378423,0.08404209367776674,0.017806785664809106,0.015046080797758682,0.009202123324630166,0.02470043629242834,0.004386058780898491
188,0.49835098287655305,0.02061744416308976,0.013373477294977138,0.013549719291040156,0.011781396664622718,0.05089638364693868,0.013744962775393171,0.022491757268825192,0.01903148691977516,0.012024969762738254,0.02151385477887627,0.017062712410832907,0.014888057801485463,0.01979274639656617,0.009336201130455739,0.16137757128872462,0.02632145748343506,0.014096957856010072,0.02061744416308976,0.013021543681951426,0.006108872344619187
189,0.011149540023038525,0.01858256670506421,0.023472715837975843,0.01205355678166327,0.03716513341012842,0.01274233145490117,0.012388377803376139,0.11463628245940088,0.00910166532492941,0.4495791499651061,0.07155283650438476,0.02973210672810273,0.013871421787627458,0.005505945690389396,0.005791968843136897,0.007963957159313232,0.00910166532492941,0.09657546483783545,0.01939050438789309,0.03716513341012842,0.002477675560675228
190,0.013732766934348202,0.018499393726443634,0.041109763836541406,0.009999672284564125,0.026427705323490903,0.018118057788928565,0.024665858301924852,0.014799514981154905,0.26894349574199067,0.0031354904621090905,0.004314095091976048,0.0823966016060892,0.00627098092421818,0.00791379789437015,0.3734345258276711,0.004974457754424417,0.03662071182492854,0.015563802525594628,0.007550772949568831,0.019473046027835405,0.0020554881918270706
191,0.06221745153775268,0.0154708527592643,0.01976831185905994,0.01617407333923086,0.01694426730776566,0.006242624797597875,0.06688376040308414,0.07762932582939121,0.011119675420721214,0.02933498263293164,0.009123836242643048,0.08186778342738776,0.007261828846185283,0.026753504161233656,0.0033474417382542126,0.3585331022081822,0.09982650806430468,0.06824873510518789,0.009617016580083215,0.011478374627841256,0.002156543111897448
192,0.06407281385498631,0.11356134217888728,0.019271587954935315,0.04288471403521571,0.011695831100513374,0.39518184600751266,0.031188882934702327,0.009059356320470448,0.10341576973085508,0.01876206239040687,0.03135478124818479,0.07095470867644779,0.004637527640240825,0.02284767005681682,0.015350778319423804,0.012778875397544708,0.004376992379553138,0.005502172914181437,0.006086755027816083,0.015350778319423804,0.001664753511881322
193,0.060124841831941125,0.024478532537108598,0.19717269273896296,0.08870118461689533,0.00695412856167858,0.04633567347668882,0.11523984473638788,0.019183802928768503,0.01701528262020422,0.0312935785275536,0.03203113761742861,0.044506422794742914,0.07090484023672275,0.08119414969311206,0.015416381389745283,0.04840073478928291,0.04673174393448005,0.03232337910262189,0.0020484375516280394,0.017802569117897165,0.002140641196148614
194,0.04289000061284052,0.040910462123017126,0.018466528041639674,0.01348785815417877,0.012327745666650423,0.713516319944493,0.008365255988084215,0.010487783626851852,0.015970034159069866,0.0058315351710441065,0.028289149340384182,0.013778068686256355,0.005019153592850529,0.018466528041639674,0.0041334206058769064,0.00456286690259139,0.006388013663627947,0.00523456450993112,0.013258141566020266,0.014950670276576048,0.0036658993263760566
