site,A,C,D,E,F,G,H,I,K,L,M,N,P,Q,R,S,T,V,W,Y,*
104,0.02914,0.09936,0.01496,0.00735,0.04366,0.00500,0.00725,0.02124,0.00484,0.46516,0.22110,0.00995,0.01647,0.00412,0.00153,0.00695,0.01848,0.01096,0.00398,0.00667,0.00184
105,0.00712,0.01426,0.02255,0.01173,0.01870,0.00715,0.01680,0.01701,0.00689,0.00980,0.78235,0.01419,0.01133,0.01142,0.00485,0.00464,0.00489,0.00542,0.01244,0.01328,0.00320
106,0.15147,0.09545,0.00891,0.00368,0.05257,0.07071,0.00313,0.17382,0.00406,0.04196,0.08084,0.00492,0.00195,0.00278,0.00131,0.07451,0.10338,0.09912,0.01519,0.00866,0.00158
107,0.07046,0.11344,0.00776,0.00594,0.04488,0.01716,0.00598,0.20405,0.00496,0.17643,0.09897,0.00572,0.00303,0.00586,0.00181,0.02551,0.04224,0.15397,0.00487,0.00541,0.00156
108,0.15834,0.31092,0.00559,0.00628,0.00328,0.02479,0.00441,0.00461,0.00634,0.00158,0.00681,0.00494,0.00204,0.00533,0.00307,0.37589,0.05434,0.01073,0.00324,0.00364,0.00383
109,0.00634,0.11944,0.01848,0.02513,0.01272,0.60503,0.01476,0.01249,0.03412,0.00462,0.01624,0.01636,0.00674,0.02760,0.00697,0.00794,0.00694,0.00689,0.01672,0.01742,0.01703
110,0.01054,0.02139,0.00335,0.00088,0.04328,0.00470,0.01258,0.65195,0.00210,0.04344,0.03521,0.00776,0.00036,0.01093,0.00337,0.01220,0.02301,0.02705,0.04118,0.04430,0.00042
111,0.03202,0.01861,0.01637,0.00900,0.04138,0.00239,0.19052,0.01193,0.00872,0.02149,0.02454,0.14415,0.00146,0.06439,0.01965,0.14743,0.16395,0.01597,0.03411,0.02809,0.00383
112,0.00851,0.02286,0.02637,0.01819,0.03277,0.01130,0.01779,0.02395,0.01619,0.00488,0.01421,0.01861,0.61601,0.03896,0.00498,0.01434,0.04320,0.01082,0.01717,0.02314,0.01577
113,0.05996,0.09508,0.01059,0.00644,0.10096,0.02183,0.00805,0.27279,0.00582,0.10416,0.05469,0.00575,0.00439,0.00655,0.00311,0.01075,0.00378,0.18253,0.02964,0.01016,0.00296
114,0.18326,0.12042,0.00506,0.00375,0.14538,0.06264,0.00376,0.03440,0.00343,0.06635,0.09479,0.00727,0.00100,0.00251,0.00071,0.05837,0.04942,0.06050,0.06978,0.02554,0.00167
115,0.00469,0.05222,0.00875,0.00975,0.04595,0.00437,0.00434,0.31095,0.00670,0.13696,0.06683,0.00462,0.00309,0.00663,0.00215,0.00339,0.07386,0.23554,0.01057,0.00534,0.00329
116,0.01144,0.02385,0.04648,0.01542,0.02613,0.00903,0.01084,0.02014,0.00756,0.00659,0.01229,0.01639,0.72623,0.00763,0.00371,0.00530,0.00432,0.00876,0.01058,0.02114,0.00616
117,0.09276,0.08348,0.00900,0.00818,0.27869,0.00507,0.00578,0.12368,0.00437,0.13288,0.08247,0.00411,0.00540,0.00631,0.00213,0.00192,0.00247,0.12126,0.02358,0.00437,0.00212
118,0.33447,0.15712,0.00551,0.00816,0.00892,0.06063,0.00520,0.00796,0.00798,0.00338,0.01020,0.00581,0.00320,0.00648,0.00235,0.31555,0.02474,0.01253,0.00777,0.00758,0.00447
119,0.24606,0.08956,0.00582,0.00473,0.00725,0.04974,0.00455,0.04539,0.00419,0.03937,0.04806,0.00411,0.00203,0.00684,0.00190,0.13359,0.09872,0.14075,0.04430,0.02037,0.00268
120,0.07955,0.10922,0.00298,0.00475,0.08378,0.17522,0.00207,0.04255,0.00270,0.04230,0.11552,0.00168,0.00120,0.00250,0.00106,0.10249,0.10398,0.08403,0.02094,0.02040,0.00110
121,0.19368,0.07745,0.00719,0.00372,0.06900,0.05536,0.00471,0.07724,0.00321,0.07762,0.08029,0.00455,0.00112,0.00276,0.00122,0.07632,0.12769,0.11144,0.01756,0.00647,0.00142
122,0.00811,0.01220,0.04972,0.01599,0.12314,0.00659,0.02151,0.01333,0.00909,0.01537,0.03378,0.01457,0.00541,0.00887,0.00294,0.00362,0.00589,0.00832,0.56271,0.07613,0.00271
123,0.06285,0.03568,0.00433,0.00351,0.16064,0.00950,0.04564,0.04663,0.00415,0.12647,0.16509,0.00239,0.00137,0.02968,0.00125,0.00666,0.02357,0.03043,0.05745,0.18085,0.00188
124,0.09396,0.02721,0.03892,0.00197,0.07278,0.00897,0.03304,0.03116,0.01049,0.13141,0.07415,0.03327,0.00104,0.00272,0.00102,0.00267,0.06263,0.14591,0.16967,0.05604,0.00097
125,0.02871,0.00818,0.00774,0.00861,0.17351,0.00304,0.04175,0.04324,0.00515,0.04219,0.05220,0.00512,0.00199,0.00525,0.00197,0.00202,0.00365,0.04098,0.19922,0.32313,0.00233
126,0.05816,0.04694,0.00368,0.02875,0.05495,0.03776,0.04793,0.05599,0.02345,0.05108,0.10050,0.04338,0.00103,0.10966,0.03510,0.06278,0.08242,0.11927,0.01237,0.02338,0.00143
127,0.01397,0.00766,0.01868,0.05368,0.00806,0.22305,0.00648,0.00545,0.39074,0.00161,0.00545,0.02033,0.00156,0.03906,0.14968,0.02845,0.00629,0.00345,0.00609,0.00700,0.00327
128,0.01162,0.00330,0.01779,0.01472,0.00280,0.10391,0.02758,0.00492,0.10439,0.00076,0.00292,0.09155,0.06638,0.08910,0.12735,0.18181,0.14155,0.00145,0.00227,0.00247,0.00135
129,0.00464,0.01245,0.01348,0.01337,0.01106,0.56689,0.01539,0.01189,0.02142,0.00419,0.01288,0.03377,0.22579,0.01018,0.00495,0.00348,0.00482,0.00467,0.00840,0.01077,0.00551
130,0.00966,0.01992,0.01695,0.01769,0.01309,0.00885,0.00883,0.01186,0.78541,0.00429,0.01481,0.00708,0.00564,0.01265,0.00539,0.00553,0.00620,0.01069,0.01518,0.01070,0.00955
131,0.00828,0.01811,0.01504,0.01408,0.01912,0.00716,0.01128,0.01188,0.05864,0.00381,0.02420,0.00971,0.00462,0.01083,0.71717,0.02219,0.00409,0.00828,0.01200,0.01342,0.00611
132,0.09791,0.01235,0.01220,0.01453,0.00782,0.16546,0.01008,0.00497,0.00807,0.00401,0.01073,0.00937,0.00550,0.01279,0.00320,0.58570,0.00448,0.00618,0.00888,0.00854,0.00722
133,0.00735,0.01683,0.04104,0.01707,0.01835,0.71311,0.01894,0.01945,0.01926,0.00517,0.01776,0.01888,0.00683,0.01583,0.00502,0.00528,0.00697,0.00699,0.01151,0.01691,0.01143
134,0.58175,0.12298,0.01337,0.01364,0.01454,0.00545,0.02103,0.02175,0.02183,0.00445,0.01812,0.01896,0.00416,0.01291,0.00536,0.01165,0.00824,0.05300,0.01728,0.02076,0.00877
135,0.00462,0.00689,0.00845,0.00731,0.01095,0.00370,0.00737,0.03286,0.00631,0.79464,0.06991,0.00644,0.00350,0.00635,0.00269,0.00264,0.00380,0.00481,0.00633,0.00667,0.00377
136,0.00572,0.08702,0.01075,0.00882,0.00711,0.00684,0.01036,0.00767,0.00847,0.01024,0.00663,0.00773,0.00442,0.00765,0.00344,0.00328,0.00460,0.00452,0.77877,0.00840,0.00758
137,0.00655,0.01285,0.77245,0.00675,0.01094,0.00536,0.01108,0.01032,0.00942,0.00377,0.00935,0.00733,0.00447,0.01139,0.00485,0.00368,0.00418,0.00526,0.01018,0.08444,0.00537
138,0.01278,0.00835,0.01016,0.00671,0.00874,0.00269,0.06845,0.21866,0.01150,0.12078,0.04831,0.02149,0.01007,0.01751,0.00455,0.00487,0.01543,0.38823,0.00533,0.01175,0.00361
139,0.00824,0.02219,0.02488,0.02131,0.02543,0.00996,0.01006,0.02241,0.01768,0.00542,0.02119,0.02040,0.69862,0.01051,0.00543,0.00796,0.00566,0.01120,0.01676,0.02229,0.01241
140,0.40594,0.21791,0.00537,0.00748,0.01188,0.00586,0.01426,0.01791,0.01106,0.00414,0.01555,0.01321,0.00447,0.01356,0.00784,0.19883,0.00509,0.00373,0.01361,0.01420,0.00811
141,0.00707,0.02062,0.02710,0.02442,0.02101,0.01058,0.18641,0.02481,0.01785,0.01518,0.02040,0.01858,0.46397,0.01639,0.00576,0.00636,0.06392,0.01028,0.01264,0.01814,0.00851
142,0.06461,0.02836,0.00933,0.01638,0.01532,0.00530,0.03044,0.03516,0.21859,0.02084,0.07003,0.01072,0.09529,0.05876,0.17142,0.02205,0.05760,0.04802,0.00651,0.01197,0.00332
143,0.04268,0.06213,0.01005,0.09695,0.06008,0.01587,0.03426,0.08326,0.00831,0.05158,0.05664,0.03390,0.03406,0.05880,0.01530,0.05652,0.07391,0.14833,0.01136,0.03722,0.00880
144,0.03658,0.04358,0.00985,0.01395,0.05335,0.00452,0.07514,0.09256,0.05274,0.03436,0.05504,0.04832,0.01738,0.07156,0.04828,0.07492,0.06396,0.16451,0.02201,0.01583,0.00157
145,0.04408,0.04646,0.01217,0.05901,0.03635,0.01283,0.06131,0.07646,0.12454,0.05089,0.05011,0.04002,0.06254,0.06160,0.04740,0.03021,0.05960,0.08740,0.00997,0.02557,0.00150
146,0.03123,0.07277,0.00375,0.01849,0.03668,0.01921,0.06117,0.05387,0.16495,0.06159,0.05921,0.02589,0.07827,0.05587,0.08971,0.03219,0.04328,0.05863,0.00824,0.02322,0.00179
147,0.15716,0.01637,0.01095,0.01287,0.09331,0.28316,0.02532,0.02105,0.01044,0.01713,0.01668,0.00761,0.12800,0.01476,0.00487,0.01341,0.03452,0.04971,0.05602,0.01331,0.01335
148,0.05548,0.03885,0.05675,0.16367,0.01203,0.03825,0.01322,0.06386,0.03179,0.06170,0.04077,0.04226,0.02077,0.07419,0.03784,0.06094,0.09415,0.06553,0.00345,0.01967,0.00485
149,0.04204,0.12981,0.02906,0.03070,0.00984,0.00655,0.00680,0.08503,0.01242,0.00453,0.01192,0.02271,0.00329,0.04770,0.02862,0.02329,0.35013,0.12663,0.00838,0.01024,0.01028
150,0.01165,0.04732,0.03971,0.01849,0.04570,0.08931,0.10481,0.07710,0.03904,0.02229,0.04088,0.06576,0.00232,0.02346,0.02209,0.09325,0.17793,0.01582,0.02270,0.03762,0.00276
151,0.05940,0.09716,0.25564,0.11580,0.02900,0.01483,0.03245,0.00463,0.00468,0.00223,0.05122,0.09392,0.00841,0.02408,0.00223,0.05002,0.03527,0.00775,0.06149,0.04779,0.00198
152,0.00879,0.01377,0.01518,0.01339,0.01286,0.73300,0.01384,0.01499,0.01231,0.00435,0.01551,0.01601,0.00782,0.01385,0.00965,0.00478,0.00719,0.05238,0.01132,0.01285,0.00616
153,0.00475,0.02837,0.00655,0.00333,0.07583,0.00191,0.00505,0.18222,0.00344,0.25174,0.00381,0.00530,0.00177,0.00346,0.00120,0.00132,0.00252,0.16515,0.00249,0.24714,0.00265
154,0.01237,0.01899,0.03200,0.02130,0.02347,0.00926,0.01842,0.01998,0.01594,0.00480,0.01603,0.02529,0.00635,0.01947,0.00672,0.00647,0.00722,0.01013,0.01481,0.70146,0.00953
155,0.00982,0.01530,0.02557,0.01631,0.01592,0.00815,0.01392,0.06741,0.01701,0.00390,0.01180,0.01383,0.00491,0.01057,0.71315,0.00513,0.00560,0.00962,0.01071,0.01239,0.00898
156,0.00517,0.01028,0.01304,0.00751,0.00966,0.00395,0.00839,0.35909,0.00956,0.02653,0.00814,0.01300,0.00346,0.00810,0.00319,0.00385,0.00449,0.47919,0.00611,0.01122,0.00606
157,0.00057,0.00854,0.00182,0.00166,0.02414,0.00052,0.00570,0.82990,0.00484,0.02082,0.03749,0.00128,0.00038,0.00099,0.00069,0.00038,0.00068,0.01863,0.02537,0.01530,0.00030
158,0.18461,0.10971,0.00183,0.00187,0.00216,0.43942,0.00282,0.00374,0.00218,0.00138,0.01203,0.03951,0.00039,0.00190,0.00105,0.11574,0.05769,0.01743,0.00203,0.00197,0.00053
159,0.01377,0.01639,0.02150,0.01412,0.01852,0.00733,0.01232,0.02046,0.18228,0.02320,0.01747,0.02135,0.00477,0.03711,0.48749,0.02191,0.03472,0.00653,0.01658,0.01877,0.00342
160,0.06877,0.08338,0.00609,0.00869,0.00596,0.04408,0.08470,0.01390,0.06083,0.00269,0.02489,0.01990,0.00207,0.02234,0.26939,0.08488,0.04694,0.00395,0.13929,0.00538,0.00187
161,0.00864,0.02723,0.01601,0.01653,0.01396,0.00578,0.01272,0.20565,0.01594,0.42202,0.09145,0.01757,0.01243,0.00986,0.00388,0.00599,0.00803,0.07463,0.01307,0.01473,0.00389
162,0.00650,0.02981,0.01071,0.01422,0.06453,0.00472,0.01361,0.17187,0.01235,0.38404,0.11396,0.00983,0.00513,0.01139,0.00560,0.00335,0.01087,0.03339,0.02256,0.06867,0.00293
163,0.04122,0.11793,0.01075,0.01437,0.01952,0.45902,0.05272,0.01882,0.02484,0.01547,0.02654,0.01676,0.00458,0.01545,0.02152,0.01775,0.01296,0.00421,0.00911,0.09283,0.00362
164,0.05562,0.11712,0.01382,0.03339,0.01228,0.02070,0.08061,0.03757,0.02822,0.02151,0.02798,0.07926,0.09070,0.07010,0.08364,0.08474,0.06893,0.05893,0.00498,0.00892,0.00098
165,0.02397,0.12638,0.00225,0.00231,0.14233,0.03850,0.10533,0.02631,0.00684,0.02914,0.04451,0.05024,0.00080,0.04450,0.03917,0.04117,0.07064,0.11155,0.05283,0.04045,0.00077
166,0.00908,0.01770,0.02019,0.01484,0.02550,0.00828,0.07320,0.02173,0.00936,0.00428,0.01361,0.01721,0.00530,0.69314,0.00520,0.00557,0.00785,0.00852,0.01232,0.02116,0.00595
167,0.32722,0.13417,0.00403,0.00346,0.00527,0.00168,0.00815,0.14154,0.00543,0.00318,0.00456,0.00736,0.00274,0.00452,0.00146,0.03806,0.03993,0.25724,0.00342,0.00530,0.00129
168,0.01066,0.03605,0.02128,0.02273,0.02386,0.57282,0.02149,0.01999,0.01790,0.00615,0.01708,0.02013,0.00794,0.03010,0.00776,0.00595,0.00939,0.08082,0.02301,0.01839,0.02650
169,0.23217,0.20728,0.01001,0.00731,0.00751,0.00360,0.00993,0.06031,0.00883,0.00223,0.00732,0.01094,0.00308,0.00579,0.00266,0.00797,0.00357,0.38637,0.00912,0.01169,0.00230
170,0.00629,0.01422,0.01876,0.02304,0.01483,0.70906,0.02085,0.02032,0.01234,0.00481,0.01431,0.01729,0.00617,0.01259,0.00497,0.00505,0.00675,0.02542,0.01239,0.01411,0.03643
171,0.01587,0.01565,0.01825,0.01830,0.01409,0.00668,0.01491,0.06768,0.02339,0.00560,0.02273,0.02212,0.00693,0.01676,0.00565,0.00543,0.00839,0.66574,0.01847,0.02080,0.00656
172,0.00530,0.00948,0.01139,0.00896,0.08779,0.00477,0.01273,0.12357,0.00708,0.06420,0.55603,0.01104,0.00663,0.00713,0.00373,0.00402,0.00616,0.04409,0.01180,0.01265,0.00145
173,0.15575,0.05769,0.02249,0.06115,0.04277,0.00236,0.08198,0.00525,0.02732,0.00467,0.03887,0.03381,0.00112,0.17970,0.01772,0.17208,0.02626,0.00763,0.03387,0.02590,0.00161
174,0.02401,0.05401,0.06790,0.58586,0.03000,0.00964,0.01288,0.01158,0.00956,0.00803,0.01685,0.01417,0.00498,0.02054,0.01670,0.02739,0.01192,0.00499,0.01247,0.04276,0.01375
175,0.00525,0.01813,0.03001,0.01705,0.01331,0.32443,0.05012,0.01952,0.01938,0.00379,0.01411,0.30846,0.00517,0.05639,0.01114,0.03703,0.00588,0.02382,0.01172,0.01547,0.00982
176,0.01215,0.04271,0.02009,0.01550,0.02570,0.00589,0.02200,0.09621,0.01452,0.00405,0.01438,0.04437,0.00517,0.01130,0.00466,0.00878,0.13701,0.47534,0.01354,0.02335,0.00327
177,0.00936,0.01798,0.02778,0.02000,0.65984,0.00680,0.03062,0.01870,0.01959,0.03130,0.01252,0.01900,0.01167,0.02861,0.00609,0.01675,0.01197,0.00725,0.01535,0.02140,0.00743
178,0.01011,0.01936,0.01694,0.02660,0.02105,0.00901,0.61277,0.02317,0.02308,0.00596,0.02503,0.11131,0.00676,0.00871,0.00892,0.00677,0.00781,0.01007,0.01670,0.01807,0.01179
179,0.00591,0.01216,0.01283,0.01451,0.00947,0.00547,0.01002,0.01112,0.01109,0.00344,0.01336,0.02168,0.00494,0.01114,0.00382,0.26435,0.55145,0.00538,0.01052,0.01251,0.00485
180,0.01696,0.02168,0.03342,0.02844,0.03201,0.01401,0.02684,0.01351,0.02157,0.00693,0.63548,0.02106,0.01127,0.02591,0.00861,0.00860,0.01289,0.01238,0.01652,0.02738,0.00452
181,0.01273,0.03465,0.03584,0.02487,0.01752,0.00786,0.02154,0.02630,0.02080,0.02387,0.01980,0.03010,0.01022,0.01827,0.01028,0.00710,0.01282,0.01186,0.62129,0.02234,0.00996
182,0.01410,0.05002,0.05286,0.03464,0.03634,0.01437,0.51468,0.04790,0.02199,0.00614,0.03231,0.05851,0.00546,0.00694,0.00659,0.01002,0.00875,0.01824,0.01916,0.03424,0.00673
183,0.00916,0.01624,0.02030,0.02042,0.01413,0.00493,0.02982,0.01706,0.02814,0.00811,0.02709,0.02318,0.01176,0.02869,0.00900,0.00800,0.01312,0.66579,0.01576,0.02320,0.00609
184,0.00604,0.01192,0.01518,0.01283,0.01218,0.00718,0.01207,0.01071,0.00831,0.00411,0.01181,0.01252,0.00489,0.01180,0.00430,0.17267,0.64679,0.00614,0.01309,0.01243,0.00300
185,0.02459,0.02558,0.01493,0.01619,0.01117,0.01369,0.15104,0.00734,0.43963,0.01092,0.01068,0.00835,0.00488,0.05322,0.14481,0.01530,0.01394,0.01009,0.01050,0.01066,0.00249
186,0.10078,0.08190,0.01629,0.01265,0.02295,0.54762,0.02585,0.02351,0.02053,0.00587,0.01397,0.02947,0.00913,0.01913,0.00619,0.00664,0.01107,0.00690,0.01239,0.02345,0.00369
187,0.46555,0.15571,0.04932,0.01088,0.01299,0.02551,0.01769,0.02000,0.01591,0.00405,0.01418,0.02377,0.00589,0.01711,0.00510,0.08938,0.01978,0.01297,0.01108,0.01899,0.00414
188,0.48470,0.07360,0.01453,0.03454,0.01159,0.05081,0.01086,0.02071,0.01683,0.01759,0.02046,0.01440,0.00977,0.01848,0.00935,0.12477,0.01949,0.00944,0.01861,0.01369,0.00580
189,0.01175,0.02075,0.02615,0.01076,0.02610,0.01095,0.01046,0.14397,0.00834,0.44854,0.05604,0.02688,0.01392,0.00529,0.00726,0.00697,0.00822,0.10060,0.01752,0.03742,0.00209
190,0.01140,0.01793,0.02623,0.00870,0.01692,0.02808,0.05354,0.01178,0.18535,0.00269,0.00402,0.05726,0.00565,0.01147,0.34332,0.03943,0.07386,0.00972,0.00783,0.08280,0.00203
191,0.03507,0.01490,0.05273,0.01906,0.01533,0.00691,0.05989,0.03295,0.01121,0.02551,0.01127,0.14313,0.00767,0.01672,0.01191,0.36984,0.05467,0.08098,0.01106,0.01648,0.00271
192,0.06347,0.07901,0.02021,0.02808,0.01037,0.45562,0.02936,0.01302,0.08856,0.01675,0.02633,0.04303,0.00594,0.03933,0.01804,0.02932,0.00605,0.00352,0.00721,0.01470,0.00210
193,0.04222,0.06984,0.13249,0.09435,0.00470,0.05425,0.07336,0.01855,0.02119,0.03968,0.02584,0.07815,0.08808,0.06376,0.01880,0.05846,0.06877,0.02625,0.00255,0.01770,0.00100
194,0.02746,0.02593,0.01548,0.02336,0.01337,0.74022,0.00912,0.01343,0.01625,0.00478,0.01727,0.01466,0.00526,0.01474,0.00445,0.00855,0.00641,0.00554,0.01333,0.01625,0.00414
195,0.00983,0.01376,0.01871,0.01400,0.01686,0.01405,0.01499,0.06990,0.01156,0.00447,0.00959,0.01480,0.00998,0.01100,0.71181,0.00849,0.00545,0.00807,0.01410,0.01600,0.00258
196,0.00436,0.09207,0.01930,0.01054,0.01415,0.00494,0.00855,0.30731,0.00610,0.34437,0.06706,0.01057,0.00352,0.00426,0.00249,0.00330,0.00294,0.07039,0.00834,0.01373,0.00170
197,0.04655,0.11009,0.20421,0.00526,0.00235,0.02180,0.00812,0.11224,0.00211,0.00144,0.00908,0.13073,0.03249,0.00528,0.00193,0.08772,0.05728,0.14291,0.00232,0.01555,0.00053
198,0.00316,0.01855,0.00528,0.00605,0.00492,0.00312,0.00377,0.01728,0.00552,0.18181,0.00525,0.00352,0.51588,0.04447,0.00192,0.00183,0.09816,0.06732,0.00614,0.00450,0.00157
199,0.06594,0.09270,0.00846,0.00570,0.06588,0.00436,0.16472,0.05355,0.07683,0.00311,0.03012,0.01851,0.00215,0.02738,0.02083,0.03116,0.04049,0.05958,0.07306,0.15325,0.00222
200,0.00583,0.00971,0.01207,0.00876,0.01231,0.00461,0.01207,0.01106,0.00752,0.00437,0.00792,0.01394,0.00423,0.00745,0.00268,0.00400,0.00485,0.00483,0.83737,0.02200,0.00244
201,0.00606,0.01732,0.01706,0.01000,0.01945,0.76880,0.02191,0.02577,0.01227,0.00486,0.01254,0.02034,0.00580,0.00863,0.00539,0.00551,0.00666,0.00592,0.00732,0.01547,0.00293
202,0.03516,0.12928,0.21015,0.09313,0.00406,0.00204,0.05416,0.00397,0.00454,0.00184,0.00523,0.12121,0.00261,0.00531,0.00187,0.29446,0.01092,0.00277,0.00431,0.01183,0.00116
203,0.00284,0.08249,0.00747,0.00513,0.00812,0.00197,0.00757,0.21073,0.00589,0.00201,0.01202,0.00739,0.00284,0.00539,0.00196,0.00198,0.00483,0.61570,0.00439,0.00753,0.00175
204,0.00227,0.00407,0.00374,0.00588,0.00383,0.00191,0.00308,0.00336,0.49647,0.00151,0.00917,0.00552,0.00262,0.00425,0.43845,0.00138,0.00191,0.00215,0.00380,0.00337,0.00126
205,0.00338,0.00679,0.00498,0.00643,0.00492,0.00336,0.05660,0.04443,0.01418,0.03240,0.03463,0.01555,0.00131,0.51205,0.00460,0.01060,0.06613,0.01443,0.15380,0.00585,0.00360
206,0.00334,0.00875,0.65531,0.00611,0.00775,0.00400,0.00900,0.01203,0.01045,0.00225,0.01311,0.01423,0.00304,0.00551,0.00300,0.00286,0.00417,0.00406,0.00694,0.22239,0.00171
