site,A,C,D,E,F,G,H,I,K,L,M,N,P,Q,R,S,T,V,W,Y,*
104,0.029144400432355486,0.09936122682123572,0.01496091368327076,0.007352387309783901,0.043655379587413445,0.004996968920110835,0.0072471394715575,0.021238557140019737,0.004839739259630955,0.4651564004189545,0.22109810466981816,0.009945366927978476,0.01647457392295908,0.004123138801875412,0.0015318978492865152,0.006947839869373998,0.018477826386634436,0.010963868254439922,0.00397761474042245,0.006670653466091739,0.0018360020667870316
105,0.007122013724157144,0.014263351854474847,0.022549878692382036,0.01172711711751647,0.0187030061258896,0.007151845977969984,0.016797402982106326,0.017005346472869175,0.0068890914522691275,0.00979822270313702,0.7823466231727788,0.014187474821709414,0.011325628584104875,0.011420890388380442,0.004850113731849911,0.0046379889836510035,0.004891744090068004,0.0054196144688174845,0.012435314834971433,0.013278566293921379,0.0031987635269754913
106,0.15146771128820793,0.09545010444640832,0.008914092821794012,0.003676719231954712,0.052568502844633304,0.07070815753404708,0.0031296159223019597,0.17382016295305883,0.0040597649979641015,0.0419591717762521,0.0808428827497271,0.004917707508814554,0.001950198390924724,0.0027828360141077192,0.0013117203380860335,0.07451121698154994,0.10337972932228891,0.09911740704312605,0.01519088795087547,0.008664711831155402,0.0015766980527216236
107,0.07046111080068589,0.11344407264294476,0.007756302846994546,0.005941371257604174,0.044876979036674314,0.01715696999290163,0.0059764051942283345,0.20404720810011234,0.004958611102957034,0.17642636130089687,0.0989730985972907,0.0057236607721863906,0.003032680877971205,0.005855207740079569,0.001807780496368357,0.025508677791763686,0.042244162810672954,0.1539668286575132,0.004865044572740191,0.0054131781941261755,0.001564287213287836
108,0.15833944458370855,0.31092420482114314,0.00559333377823873,0.00628026686230623,0.0032808442255555935,0.02478868646613569,0.004411908849574295,0.004607169669728417,0.006335780795947938,0.0015792976286161022,0.0068136873440418355,0.004937473973940277,0.002038237557698584,0.0053259641322827905,0.0030722335368246205,0.37589302195788504,0.05433791006364844,0.010726158494597895,0.0032420380176688564,0.003639796033150631,0.0038325412073063982
109,0.006338778344916047,0.11943895833582707,0.018476435439795245,0.025129373326327743,0.012724203515872752,0.6050263822431136,0.014760856514614867,0.012489221957120938,0.03411571684633717,0.004622874971737912,0.016242027761585818,0.016361890732589004,0.00674071990355192,0.027603753071229472,0.006972961199154925,0.007943954324662416,0.00694380269011028,0.0068900285781657924,0.016722478501241433,0.017422546048689952,0.01703303569335567
110,0.010539116714904337,0.021393860780799658,0.0033464967568243146,0.0008761382851867512,0.04328093300656577,0.004704223507406796,0.01257677102236762,0.6519538685308365,0.0021045048891273122,0.04344182066669788,0.035208400364693,0.007757706408250554,0.0003591304852497532,0.010929467272487019,0.0033745949085646674,0.012196194138410983,0.02300922328645628,0.027054845338547545,0.04117883442440297,0.04429666477113247,0.0004172044410877712
111,0.03201638695604236,0.018607885180991164,0.016371891186219924,0.009003836568202106,0.04138352553545129,0.0023860659698104725,0.1905183540583447,0.011926019311077155,0.008722783322481997,0.02148843065236521,0.02454416462885105,0.14414788311012314,0.001462675185991215,0.06438579216504596,0.019649672459467752,0.1474302544675886,0.16394918371948458,0.015972248670962017,0.03410673491515164,0.028094847498287227,0.0038313644380604758
112,0.00850717110958703,0.02285507074521841,0.026370450687612585,0.01819316826088465,0.03277450420841678,0.01129767687059942,0.017785782628949174,0.023947979081016226,0.016188249569208724,0.004878245274695191,0.01420962558540991,0.018608753105300805,0.6160123954641606,0.03895775922230755,0.004983394242455944,0.014337133002647296,0.04319603841064334,0.010820705274767283,0.01716963997414576,0.02314095255824054,0.015765304723732724
113,0.05996452989672471,0.09508112244218808,0.01058763916827078,0.006443991217593246,0.10096422253778474,0.021831717286353636,0.008046893877179053,0.2727936832151669,0.005822757871140328,0.10415937204052561,0.05468834155360374,0.005748391825932136,0.0043926824859712235,0.006553544645043773,0.0031086310314351203,0.010745700085792934,0.0037838491055622015,0.18253013218191746,0.029641456414887805,0.010155744168316959,0.0029555969486094943
114,0.18325817411725379,0.12041945171647687,0.005059859741018694,0.0037455423673958387,0.14537785598764016,0.06264229200524847,0.0037648359056107156,0.03439760253241868,0.0034290221215824627,0.06634638242696127,0.09478645427088028,0.0072732949780592165,0.000999224027452274,0.0025140930519382773,0.000707059664981417,0.05837339066328804,0.04941703515954234,0.060495082411771234,0.06978379134695221,0.02554188596518318,0.0016676695383444357
115,0.004693569882506886,0.05221524272871033,0.00875008869584349,0.009748169159041198,0.04595489974095155,0.004367610537381738,0.004343269386545618,0.31094908085550493,0.006700217402955994,0.13696230544692115,0.06682807887908025,0.00462303291428829,0.0030904895895996257,0.006631204558950099,0.0021484050369995063,0.0033884687581757097,0.07386212605525616,0.2355449624961998,0.010573613440304419,0.0053397526087502825,0.00328541182603301
116,0.011436073089347687,0.02385214775717463,0.0464768083892694,0.015417765128938552,0.026132968370416912,0.009034835886568119,0.010843246112481804,0.02013626586239803,0.007556159239556163,0.006588088276072581,0.012290773429211166,0.016385125830868246,0.7262308594702728,0.007633795470905935,0.003711422302799768,0.005300918460253709,0.0043225455670298065,0.008759864852343764,0.010580899814608751,0.02114490167005602,0.006164535019426125
117,0.0927560140189428,0.08348107316450548,0.008995763989958999,0.008177778663862963,0.2786885294294174,0.005065310646206374,0.005780827513326446,0.1236845367431549,0.004373259766160527,0.13287884171917225,0.08247271327398988,0.004107712329161853,0.005395731880006646,0.006305167606297682,0.0021258496363783116,0.0019209946865713634,0.002468002653004295,0.12125769701199636,0.023580502362010588,0.004365911049551171,0.0021177818563237107
118,0.33446658293740605,0.15712117670427586,0.005512302541046816,0.008161897643132847,0.008924188427563958,0.06062841958335526,0.005197351775954505,0.007959182286695794,0.007978924032202716,0.0033773249102882325,0.010195503102653505,0.005814805261051308,0.0032010469335395034,0.006484630780348655,0.002345913945775621,0.3155467816443161,0.024742166004585026,0.012528378952166762,0.007765831209723368,0.007576168227830432,0.004471423096087728
119,0.24605731855696866,0.08955613420714233,0.005821769733435487,0.004731553215262584,0.007254592779979401,0.049743440230070456,0.00455340894417818,0.04538832432035095,0.004185711825961451,0.03936769689707991,0.04805976099416398,0.004105586424573375,0.0020285942130748064,0.006840218742804306,0.0018997661908312102,0.13359146312124628,0.0987236468255502,0.14074795858141764,0.04429850821537978,0.02036838071007167,0.0026761652704574133
120,0.07955120999591421,0.10922006754145075,0.002976247306737866,0.0047459080749666874,0.08377923658842697,0.17521889191184914,0.0020653527020759736,0.04254980259091488,0.002695198454145184,0.04230462475878211,0.11551862266146125,0.0016827104535860795,0.001199134031942421,0.0024950178303194343,0.0010574339598973337,0.10248652811341374,0.10398465579882799,0.08403199228550363,0.020940436263572098,0.020399853485235986,0.0010970751909761712
121,0.19368495402182936,0.07744933796901704,0.007188697570978327,0.0037159023770737373,0.06900052393487345,0.055360134201708044,0.004708681463822057,0.07723913857593394,0.003205165147786193,0.07761974403651671,0.08028693006587741,0.0045491648889281625,0.001123240933354437,0.0027551131727788394,0.0012175956755823044,0.0763190653105224,0.1276851842462553,0.11144447457961115,0.01755931427490859,0.00647160503752441,0.0014160325151181782
122,0.00810696916165535,0.012195728839909013,0.04971879636375457,0.01598940871074353,0.12314304634772717,0.006589838973137173,0.021506555467706218,0.013330761391072588,0.009089763754303417,0.015372259605817064,0.03377563004433346,0.014565370414218218,0.005405390154372701,0.00887499759680732,0.0029426869681684104,0.003624443057726823,0.005888285889050974,0.008323330374503252,0.562714538087047,0.07613057930599416,0.00271161949195165
123,0.06284925274473642,0.0356751254959672,0.004330922296650438,0.0035147267700131233,0.16064424948771439,0.009497047935241644,0.04564176474603978,0.04662683374442019,0.004148134343957814,0.12646743223488305,0.16509014713911022,0.002385747573249852,0.0013701288969608899,0.029677039793782695,0.001245050777017468,0.0066598590847964335,0.023570404123463635,0.030425121683594847,0.05745125371683616,0.18085379630191667,0.0018759611096471375
124,0.09395982566626639,0.02720826765025146,0.038921748131590196,0.001969058692698407,0.07277606004600692,0.008967313598924687,0.03303811613076283,0.03115652052284215,0.010494582203652314,0.13141135259617942,0.07414660538971753,0.03327026116309411,0.0010435765268213355,0.002720139634020227,0.0010215143722812584,0.002668815558431329,0.06262803094835522,0.14591298340683126,0.16966868432465157,0.05604283070391899,0.0009737127327024442
125,0.028705334558365537,0.008182492167244463,0.007744854691832691,0.00861361841624955,0.1735086661668971,0.0030399562098188614,0.04175173529520546,0.0432414332857133,0.0051455818739988045,0.042189309794078846,0.052203468763669776,0.005124791694886431,0.0019941011765380805,0.005246465692447302,0.001974227373671054,0.002021748534455917,0.003650155874099481,0.04098249847420323,0.19921609612923108,0.323129122427392,0.0023343414000009683
126,0.05815746588624603,0.04694373817076416,0.003677495742891515,0.028748150998189576,0.054946478085583506,0.03776097144296429,0.047928591340707226,0.05599464523112743,0.02344662428197523,0.05107579716436079,0.1005049466507762,0.043380540611247576,0.0010311842001860274,0.1096606302176464,0.03510019321707258,0.06277555591948648,0.08242268315493759,0.11927156007079355,0.012369854806196507,0.023377089660238475,0.0014258031466089758
127,0.013965478863450747,0.00765628562012965,0.018678188443112368,0.05367685700472929,0.008061824067249007,0.22305059561895524,0.006484707493050974,0.005452246869147286,0.39073725134964116,0.0016121917328091283,0.005450622336465011,0.020326680606775855,0.0015560339619761358,0.03906351408219682,0.14967927281901597,0.028447431402409063,0.006292642119711703,0.0034474806304202396,0.006086880717295508,0.007000547523251933,0.0032732667382070284
128,0.011620497884228727,0.0032978110321770734,0.01779460054060437,0.014722331703648854,0.0028013919513459975,0.1039105413234772,0.027581264485875483,0.004923431633910606,0.1043851614419551,0.000755716713551009,0.0029183293834353446,0.09155107448155742,0.066375490179035,0.08910277857188235,0.1273461765430901,0.1818147932662546,0.14155002046127088,0.00145394756262123,0.0022739383313996144,0.0024669866324335326,0.0013537158762454676
129,0.004638643606012866,0.012451550322162124,0.01348008404925192,0.013373349381547073,0.011057629352321413,0.5668896129130047,0.015391003127617145,0.011894360875756196,0.02141624995426984,0.004191993474536055,0.012880025303942897,0.033768057098978184,0.22579375560988976,0.010183085826298656,0.004947794740260945,0.0034773387604518104,0.004815432904695193,0.0046730826640585,0.008395497689194158,0.010772107918449986,0.005509344427300638
130,0.009664946812734958,0.019915718580719874,0.01694929729815971,0.017693274043788596,0.013091710547952315,0.008853602920470998,0.008831585007120023,0.011864351536998418,0.7854134021915676,0.004294342121155971,0.0148083412396648,0.007077431770160241,0.005637460389283186,0.012654801377449674,0.005391671582350303,0.005532894711025485,0.006201978519295513,0.010689428667727223,0.015178639512447231,0.010702261090239655,0.009552860079688192
131,0.008276872872583342,0.01810849883440384,0.015039659644481269,0.014084490262399068,0.01911883308895089,0.007161040620115591,0.011276082772305088,0.011875840897104526,0.05863612404229124,0.0038100059940936342,0.02419749461287331,0.00971347218421127,0.004615244254640136,0.010834608796171505,0.7171661312394672,0.02219115276176317,0.0040878495100146696,0.008278180017862074,0.011995719233064639,0.013420704924537515,0.006111993436666093
132,0.09791098079223266,0.012350692502197091,0.012202461558103589,0.014526217445961479,0.007819819932527956,0.1654636161748376,0.010083382967447457,0.004973135177213084,0.008072383122152095,0.004012833574701759,0.01072972038643386,0.00936786349338238,0.005496043534998804,0.012793292705716117,0.0032029095608068583,0.5857036320079042,0.004482639554522418,0.006176758513667945,0.008875446499538567,0.008540051567054572,0.0072161189285995
133,0.007349077655128537,0.016828332706043253,0.04104372606316268,0.01707180721256132,0.018351256902074085,0.713109919532872,0.018944390156901317,0.019451331193795635,0.019255368840367312,0.005174261856330272,0.017764917083532544,0.01888464732242192,0.006830258962955478,0.015834781768967687,0.005019411603858539,0.005278216526668142,0.006965541387328231,0.006992790420907687,0.011512407845921098,0.016910793297128645,0.011426761661073634
134,0.5817471439845076,0.12297969481159741,0.013367017102818285,0.013639537384456717,0.014544363114580022,0.005454658240710131,0.021025600722437712,0.02174886455678943,0.021832431442496723,0.00444875219221534,0.018124510354202924,0.01895805538371283,0.004160698931880982,0.012910833030451175,0.005356817614165677,0.011646160087641877,0.008242835595098091,0.05300354253342219,0.017281198690569943,0.020761809304550637,0.008765474921694312
135,0.004623690297655289,0.006890531975895002,0.008452655138888944,0.00731039818523329,0.010946164020227855,0.0036975227366602766,0.007365579204493866,0.032859643829759366,0.006309223797665214,0.7946439007576434,0.06990797243729298,0.006441858161256184,0.0034967317057610914,0.00635406571373789,0.0026945924760855464,0.0026401393645998756,0.0037973602607605933,0.004808479231922118,0.006325012027694007,0.006665674761465956,0.0037688039153013606
136,0.005719559121877487,0.08701673872178346,0.010754970046800533,0.008818552465012787,0.007105073463254192,0.0068422569843799436,0.010355699105237095,0.007669384699389715,0.008470672018211002,0.0102366745064208,0.006626962950515516,0.0077253065513146575,0.004424689435581551,0.007653688154560943,0.003439854608888224,0.0032753811062743673,0.004595551561631145,0.004518902199084053,0.7787655708286362,0.008402533169302374,0.007581978301844042
137,0.006552491612516549,0.012849934846136954,0.7724467992934825,0.0067501881809083585,0.010942763403001333,0.0053617501803115445,0.01108190169292658,0.010320883443479563,0.00942114860042794,0.0037667344749565865,0.009354916656797723,0.007327227239611356,0.004472211939896415,0.011391911075332791,0.004853385579033189,0.0036833251666379963,0.004175804224550157,0.005259155840916141,0.010182561727076106,0.08443613879647205,0.005368766025528049
138,0.01278435911355943,0.00835070576197457,0.010159783662495953,0.006714685936419149,0.008743918340485799,0.002693000051703686,0.06844756314786009,0.2186553764534024,0.011503243998076436,0.12078204086870337,0.04831236202259867,0.02149375734052394,0.010072915540539093,0.017512847758392788,0.004549497718120525,0.0048681964743108,0.015434174008626596,0.388226519368077,0.005331273956752515,0.011752282656655793,0.003611495820721488
139,0.008244169182950262,0.0221858736331165,0.024878716016415087,0.02130668051652031,0.02542643217201797,0.009959959356151472,0.010063214851526035,0.02241462983751571,0.01767751521692873,0.005424024009905599,0.021186086212856392,0.02039877591861394,0.6986179450273117,0.010512300043804662,0.005429995041427506,0.007958048860168175,0.00566011956279864,0.011200496970644862,0.016761023538777852,0.022286247322842827,0.012407746707705697
140,0.40594281252788206,0.21791383963123814,0.0053661538113710374,0.007475307161812138,0.011877979246020515,0.005863725447022257,0.014258248493865632,0.017905950806745365,0.01105661218724763,0.004137548815102544,0.015554699827587315,0.013209044895426215,0.004471764351560677,0.013558470484937636,0.007835194390535807,0.19883422954160745,0.00509110214236381,0.003732596117008447,0.013608811271832688,0.014197892065214879,0.008108016783617852
141,0.007065892826355433,0.020624622506892957,0.027098593528315344,0.024422731032997014,0.021006514483129957,0.010582776527078314,0.18641155978710985,0.024809622688941574,0.017854305732877728,0.015175786626008332,0.020397861239576816,0.01857863933014194,0.4639692412855709,0.016388931684084267,0.0057648088215867775,0.006361183665419916,0.06392465671786063,0.01027813651308511,0.012635104251322254,0.018141361530775304,0.00850766922086966
142,0.06461095405161031,0.028355885233143325,0.009334992469300358,0.016378380864620175,0.015316295941891005,0.005296889797597882,0.030438388453644587,0.035159916881555585,0.21858697197828902,0.02084017645396073,0.07003003970818582,0.010717843495269197,0.09528808144750228,0.05876042281233904,0.17142393206867265,0.02205091417962575,0.05759585176837965,0.04801811624496486,0.006512798222660698,0.011967441877907173,0.003315706048879727
143,0.042676412145647845,0.06212796630014114,0.010050371183971113,0.09695395474791102,0.060080599716210305,0.01586803803254565,0.03425742738074234,0.08325585359750988,0.008306950673477644,0.051577620729429015,0.05663874757961076,0.033903370391291814,0.03405832084863563,0.0587998917983919,0.015298291460370027,0.05652228852519712,0.0739088541584476,0.1483335005832476,0.011360385619617636,0.037219656387757684,0.008801498139846379
144,0.036576740132062184,0.04357888212857744,0.009851526285765654,0.013951557927471431,0.053349585070573,0.004521122276351145,0.07514004666743676,0.09255522759479168,0.05273682676448211,0.03435893007488413,0.055040986720023076,0.048320934380688324,0.01737777870037529,0.07155765357428329,0.04827933831564757,0.07492301545392314,0.0639584343833048,0.1645067123345434,0.022014071959719144,0.015829514452627213,0.0015711148024690682
145,0.04407611979972969,0.046456698303203314,0.012166090803613569,0.05900957706126749,0.03634641393775886,0.012831378011596077,0.06130924369975626,0.07646392949928585,0.12453883237339632,0.05088836218532805,0.05010722087264077,0.04001814801374438,0.06253586986038485,0.06160229124494768,0.04739606026914552,0.03021348643656363,0.059598584361177216,0.08740116375058164,0.009968510988437635,0.02557483295523011,0.0014971855722110908
146,0.031229634659311983,0.07276578981780012,0.0037546460141712756,0.018490077347267878,0.0366784199329877,0.01920906931240744,0.061165988687440935,0.0538708144834081,0.16494523214091372,0.06158525055570091,0.05920753966450051,0.025888429376261877,0.07826725393031007,0.05587028210732759,0.08971304383991764,0.032192621102851156,0.04328013573078469,0.0586320601172303,0.00823528065876423,0.023224798747430424,0.0017936317732114963
147,0.1571614304631964,0.016367941875164927,0.01095411518343808,0.012869244042870103,0.09330990083765213,0.2831575916830135,0.02531502052692622,0.02104942260927427,0.010439364687855298,0.017133695577709423,0.016680220872979983,0.007606992408186058,0.1279974044805341,0.014764807198842078,0.004872833917703792,0.013407524215025224,0.03452155485649102,0.04971049567337608,0.056024856424158005,0.01330633707645557,0.013349245389147807
148,0.05548274328729893,0.038846093963201635,0.056750766518031175,0.16367117464217423,0.012025261874861517,0.03824737878594156,0.013220756978575228,0.06385827962288633,0.031785343556391045,0.06170308385426445,0.04076532135396386,0.04226064076871198,0.020769350196266193,0.07419004571716108,0.03783652771175237,0.06093700184004944,0.09414526461922018,0.06553410467141291,0.0034517768400940505,0.019665611261322415,0.004853471936419455
149,0.04203557163380336,0.12981418965512329,0.02906045357708073,0.030702282035500544,0.009837572126357852,0.006550913473119188,0.00680086487924994,0.08502942713481093,0.012420771757099354,0.004533139270528645,0.011924215641644977,0.02271331227056425,0.0032908774700451953,0.047701747692922035,0.028624694974771506,0.02329359282636684,0.35012810487741913,0.12663076831234396,0.008381347008801292,0.01024267185958315,0.010283481522863883
150,0.011647322269794686,0.047318655349433476,0.0397085582637496,0.018492497078552002,0.045695560333512096,0.08930849805531542,0.1048118247858902,0.07710168200938884,0.03904404553399268,0.022286114583894248,0.04087609985248766,0.06576465126846755,0.002315336331972503,0.02345814727842817,0.022087805173004165,0.09325022933625,0.17793419343558795,0.015824461342699558,0.022695762773706774,0.037616865484047475,0.002761689459824898
151,0.05940258669405934,0.0971635629508662,0.2556446450990832,0.11579701057479652,0.02899964559204359,0.014829172001030696,0.03244949538318664,0.004632251126909189,0.004677462285975344,0.002233538459064144,0.05121580903168075,0.09392180934186223,0.008411521529450966,0.02408383778147372,0.002233128401994701,0.05002450366466168,0.03527146122582522,0.00775446154806686,0.06148529740155186,0.04779284334311371,0.0019759565633035068
152,0.008785127429270505,0.013772535340870704,0.015177745872209705,0.013385145781964506,0.012863786222186103,0.7329988984306692,0.013843883090689619,0.014986542194891478,0.01231198538374236,0.004351287608770541,0.015510913823219964,0.016010081115493714,0.0078210685232062,0.013848514527932036,0.0096526161330745,0.004782923421663587,0.007187948432766371,0.052380726507995266,0.011319048161337025,0.012852168240181275,0.006157053757865184
153,0.004752259067208453,0.028373037363653226,0.006551708288906693,0.003326050787695957,0.07583389460965916,0.0019077886294276843,0.005048563398395937,0.18222094068517491,0.0034374032881545977,0.2517399809329956,0.0038127315519917355,0.005296159962788406,0.0017655382141737253,0.003458829218801887,0.0012032453738267637,0.0013246396376081961,0.0025185231249291724,0.1651466415323184,0.0024938746220384334,0.2471352113827147,0.002652978327536392
154,0.01237017979205504,0.018987163099604455,0.032004932550216234,0.02130307156927438,0.023469872773176175,0.009264049201707515,0.018415691604471835,0.019982695216495167,0.015942538824154525,0.004798723393980645,0.016025597082190285,0.025294956342014768,0.0063454613278425935,0.019469195440171224,0.006719860667890937,0.006469010320141755,0.007216795187010953,0.010125771993920703,0.014809864369343879,0.7014574439097805,0.00952712533455658
155,0.009823388960028401,0.015304840699611466,0.025566080956474693,0.016308322874862325,0.015921445083663065,0.008153033468747557,0.013920708752618693,0.06741110468524342,0.01700552550854076,0.0038955775190273826,0.011799187003205229,0.013831148925537731,0.004914982738285326,0.010571813426201176,0.7131547651295058,0.005131204364917535,0.0055951757740632145,0.009615194415538481,0.01070899438536465,0.012390864238520677,0.008976641090042436
156,0.005172497828004683,0.010282257707266242,0.013044112129159771,0.007509178422887813,0.009659751482463836,0.003953526100234544,0.00839034797343293,0.35909283700650335,0.009561394178111698,0.026530289602855254,0.008141878990621831,0.012999283458147985,0.0034615528530753635,0.008100508104395627,0.0031883857592199093,0.003846619625476374,0.004489583538354337,0.47919184372158913,0.00610523113861484,0.011215925319504534,0.006062995060080043
157,0.0005678130705097432,0.00854463541058031,0.0018154862662141714,0.0016556382172167186,0.0241366387550076,0.000524351911505464,0.005704781168191092,0.8299020542691755,0.004843760038037722,0.020821277138703093,0.037485358730359325,0.0012792818037804762,0.00038046606467397634,0.0009902568371991047,0.0006914116566903947,0.0003773666956683648,0.0006836776874741495,0.018625217408518763,0.025371163807507743,0.015301052378851923,0.0002983106841344762
158,0.18461417423714085,0.1097095221359321,0.00183332824693551,0.001871397006665906,0.002161145875479759,0.439418897791284,0.0028231634718893605,0.0037441663814623237,0.002182071697585296,0.0013763615741058414,0.012031045187297454,0.03950624250688987,0.00039207649190584905,0.001903920588283579,0.0010450319933457488,0.11573924138179525,0.057694039450130595,0.01743283315774835,0.002026898937469807,0.0019655168014269396,0.0005289250852254326
159,0.013769794249625123,0.016385555994741778,0.021495765692266373,0.014118050635872953,0.018524614171286095,0.007325112036750091,0.012324531132048339,0.020464258380522935,0.18228166364705137,0.023202051583522742,0.0174662856801436,0.021346370508233053,0.004770862281713212,0.03710778069837029,0.4874919460808152,0.021912767078566448,0.03471780672848643,0.006527621416489132,0.016575031403752417,0.018767378327249517,0.0034247522724928496
160,0.06877354803192935,0.0833763652650487,0.006090017197305557,0.008694116444074272,0.005957842920284166,0.044084445788433235,0.0847020550885793,0.013899732221121744,0.06082884785509444,0.002692952571296592,0.02489107144415995,0.019899646100991677,0.002068429249020416,0.022337852973808785,0.2693881124674569,0.08487774568057703,0.046944966144739836,0.003951736790869596,0.13928874017312343,0.005383747124610182,0.0018680284674749213
161,0.00863717358475302,0.02722720178237986,0.016009783379855338,0.016530260781513265,0.013958490834169552,0.005775699065219398,0.012720442367479108,0.20564500633002056,0.015940398124228455,0.42202241998093926,0.0914517294337906,0.017573246732125444,0.0124300950977897,0.009857866130447559,0.003882010614291397,0.005992420093412586,0.008027515990226795,0.07462723832371049,0.01306531655765727,0.014733465554864364,0.003892219241125901
162,0.006495049008023053,0.029805756404949386,0.010708632082934861,0.01421672753990468,0.06452665583848699,0.004720416968732867,0.013607087932871681,0.1718720236837005,0.01234520188987718,0.38404084593587773,0.11395582085185975,0.00982757548924541,0.005127372091483743,0.011387081197931448,0.005604373867254388,0.0033531866414765656,0.010866796509790689,0.033386595568377454,0.022555926883614696,0.06867174453773645,0.0029251290758705198
163,0.041224303697692866,0.11792830882227429,0.010750475660144794,0.01437389922192947,0.019516077463623292,0.459022131127832,0.0527236085167276,0.018820282232474124,0.024842284952634075,0.015471975711711513,0.026543124398967544,0.016755516052249925,0.004577802702140594,0.015449248183851601,0.02151529232312897,0.017750485934179983,0.012960617042633142,0.004210544490910559,0.009112414710396984,0.09282818432394907,0.0036234224305473905
164,0.05562420077947047,0.11712085437170106,0.013818068616295623,0.03339087126361097,0.01228367281863589,0.02070414284848211,0.08061029700453215,0.03757395848409202,0.028218616211705915,0.021512592357505873,0.02798118572775708,0.07926000629989838,0.09070097761697875,0.0700957825755227,0.08363545888643555,0.08473502244041915,0.06892711724336788,0.05893427776128973,0.004980870581742328,0.008916716221050081,0.0009753098895062873
165,0.023971011679266435,0.12638157500137406,0.002250466889948236,0.0023149787861769873,0.14233128566120423,0.03850480983260865,0.10533147226324278,0.026310708230836272,0.006841671521619019,0.02914169925423761,0.04450870323971195,0.05024022077037008,0.000803934807451871,0.044496629565697686,0.039168901885940265,0.0411659345593732,0.07063735542685391,0.11155107631275878,0.05282683261810598,0.04044858938748743,0.0007721423057345979
166,0.009082530779294768,0.01770270149821269,0.020193258931131556,0.014836130430147325,0.02550197244036623,0.008280139550053167,0.07320094926348053,0.021727877517615676,0.009364389123981175,0.004280169007195596,0.013608689530769913,0.017214580991949408,0.0052979883595312876,0.6931364371576331,0.005200612236877916,0.005568297498705779,0.007849909090221324,0.008522988298521038,0.012318072255808424,0.02115959862619991,0.005952707412303228
167,0.32722095655442834,0.1341700148356718,0.004029277224734056,0.003462876572809749,0.00526532877387671,0.0016829671396559425,0.008151755241270943,0.14153775636235946,0.0054250958293701025,0.003178007904054439,0.004563821378488116,0.007360184641179182,0.0027397462800957026,0.00451877663198482,0.0014581825372093496,0.03805886085536659,0.03992526462155722,0.2572367737997295,0.003424993276942609,0.005301579556885008,0.0012877799823303637
168,0.010663672078489686,0.036045422018206076,0.021279611382531885,0.0227274173561177,0.02385990917701636,0.5728158203265661,0.021486918479509756,0.01999406588904239,0.017904770637830345,0.00615460559464118,0.01707707365989786,0.020132804486108203,0.007940800178895606,0.030102773966090207,0.007760587566420591,0.0059483242668007625,0.009389717409564742,0.08081694594403166,0.023008368681015166,0.01838578430740745,0.02650460659381625
169,0.23217410844708375,0.20728279514852013,0.010013432961968494,0.007314067126742215,0.007509077712826558,0.0035999633650660155,0.009932650235730991,0.06030575486717124,0.008825534141804838,0.0022315698101543703,0.007317947297413784,0.010941650743852496,0.003075192068248032,0.005793843228019961,0.0026568090051965272,0.007972087775392175,0.0035675617416937055,0.3863707205366678,0.009120768380648415,0.011694652366660068,0.0022998130391384663
170,0.006290148315196784,0.014220626768662536,0.01875797663984229,0.02303558191345613,0.014833279081235837,0.7090604119371728,0.020850081040008333,0.020322870566844495,0.012342434090983795,0.004813300323160157,0.014309811242549958,0.017293078664013587,0.006166545821265888,0.012591432166060674,0.004970318134688113,0.005053768404680535,0.006747706762015047,0.02542042511419672,0.012385870883996281,0.014108477643503696,0.03642585448646609
171,0.015873020551921264,0.01564764274478166,0.018246185530083055,0.018301052831928108,0.014091059707696758,0.006681189604980563,0.014910791384726887,0.06768324005446417,0.023385013768061267,0.005602489828833033,0.022732594856827004,0.022116872146140002,0.006933073692365339,0.016762137700467573,0.005646582445007099,0.005426872021056755,0.008386769051096055,0.6657390831329048,0.018471638250627358,0.02079869346984729,0.006563997226184025
172,0.005301377107809883,0.009484679278216064,0.011392127845299796,0.008964035528654794,0.087792213182715,0.00477021927551581,0.01272622192503401,0.12356816177250259,0.007076523912014572,0.06419973822163469,0.5560253154585654,0.011043915075272656,0.006627375313527576,0.007130042030204688,0.00372816580513773,0.00402388033376297,0.006164090575959996,0.044088564437149376,0.011802144328691437,0.012645147531630383,0.0014460610607007023
173,0.15575486089745147,0.05769249861625161,0.022486707695081348,0.06114916377820024,0.0427657359175557,0.0023561083492260743,0.08198475311052404,0.005248767475032355,0.02732477349644896,0.004672089918927768,0.03887174509372484,0.03380555563965778,0.0011166667058144454,0.17970484413741997,0.017721327474730927,0.17207765090171612,0.02626113743567392,0.007631618275900345,0.03386657272779343,0.025899822246946768,0.0016076001059219158
174,0.02401347969420163,0.054013977487548805,0.06789623579249973,0.5858618842165305,0.029999704685865578,0.009641952588202739,0.012881850838961623,0.011583244134803114,0.009561675364643021,0.008028525220889227,0.01685258245158215,0.014172080291590387,0.0049842785255491745,0.02053554311452666,0.01669627901373013,0.027391509816083803,0.01192306640339892,0.004989427275838624,0.012466395508802212,0.04275598963808236,0.013750317936669476
175,0.005254401433224208,0.018133042935175446,0.030010773776669747,0.01704589320033934,0.013310990281470328,0.3244286232945383,0.05011540786336516,0.019523646788721608,0.01937531915506047,0.003785403904218871,0.014113273987883817,0.3084646138067946,0.005167273436856363,0.0563850817586648,0.01114236421927864,0.037027695532711964,0.005882379378563718,0.02381910571811321,0.011724259732040354,0.015470564800865673,0.009819884995443588
176,0.012147142200437272,0.04271452332436095,0.020093610161773454,0.015502007957550785,0.025699134057403466,0.00589020135271643,0.021997391514751618,0.09620857209648996,0.014517878652915065,0.004051666972521946,0.014382788130192241,0.044369412677952025,0.005167130271674567,0.011295005039543927,0.0046643916456118135,0.00878370471746436,0.13701175257244166,0.4753408391620077,0.013544760346085531,0.02335175779009029,0.0032663293560148926
177,0.009364581558698383,0.01798217776138224,0.02777868075540275,0.019998479215538784,0.6598445886838628,0.00679638416257797,0.030620812889065874,0.018695805272138637,0.01958534888258769,0.03130174348268571,0.012515757232895441,0.018999027138013564,0.01166552550927704,0.02861391027716309,0.006087786621218754,0.016747921433555565,0.011971183029743183,0.007252482833425892,0.015353014729249806,0.02139636749927393,0.00742842103224287
178,0.010112889385918478,0.019361301508468296,0.016941591353650153,0.026599066017697057,0.02105172194905237,0.009008167330083423,0.6127658635777676,0.023165293959597506,0.023084846765702938,0.005962960205962852,0.02503366556250866,0.11130768744902271,0.006759337895683285,0.008714872778499737,0.008916247253016674,0.006773769457460366,0.007811567693319755,0.010073863392747557,0.01669565966582449,0.018065096500833943,0.011794530297182174
179,0.0059071709253271905,0.012156629186624511,0.01282502549455486,0.014505675172691565,0.009466079330545685,0.0054742584493753105,0.010015324551719757,0.011122236438304246,0.011087235893031797,0.0034400150880768087,0.013364681697038491,0.021680190491905837,0.004937033608996466,0.011137729192812465,0.0038176170780534363,0.26434623094124127,0.5514488183567366,0.005381868761592318,0.010520900236405723,0.012511134497616318,0.004854144607349196
180,0.01695746989042647,0.02168216464881129,0.033418392718230515,0.028436750477084206,0.032006980754313,0.014014972731852144,0.026843464152161784,0.013512639048246185,0.021568720628010282,0.006931565303303376,0.6354762964672235,0.021063901414482444,0.011266535578227052,0.025914053584161944,0.008610139041451482,0.008602078053533342,0.012888769122403408,0.012383557666271446,0.01651553963109571,0.027382629405449253,0.004523379683261293
181,0.012734839884960972,0.034651255585617845,0.035835108939314624,0.02486770494521764,0.01752315570649147,0.007856503641750938,0.021540653485111933,0.02629602660480736,0.020796662278490925,0.023872856544720027,0.019802079132546658,0.03010012828423324,0.010218506057943668,0.01827211590744716,0.010275698142630622,0.00709932064315202,0.01281854344434537,0.011858149137974889,0.6212875872325728,0.022336625797881426,0.009956478602788402
182,0.014100944076559591,0.050023351659003824,0.05286105395104463,0.03463554922984243,0.03634290215575417,0.014370337459508326,0.514678436663062,0.04790039304513128,0.021991112614651056,0.006139182214088321,0.03230906612392895,0.05850542483786669,0.005462944417958613,0.006942834135106998,0.006593708048845033,0.010024255828896335,0.008753147991087255,0.018238865397457463,0.01915645878869646,0.034236941550170236,0.006733089811340399
183,0.009158634460235278,0.016242978624734047,0.02030355174402826,0.020423465712581648,0.014126776095880561,0.004932828845126165,0.02982287896450897,0.01705919114909414,0.028136478918100505,0.0081104893773626,0.02709275180419032,0.02317543585346994,0.011755713545443825,0.028691890000325435,0.00900154080557002,0.007996891790684304,0.013122009836670898,0.6657946582153529,0.01575932726450328,0.02320381218397609,0.006088694808160759
184,0.006041988642271713,0.011924135213129967,0.015184545766931588,0.012833607540521437,0.012183431917096997,0.0071831276603738755,0.012066851511974093,0.010712437645749057,0.008309310352388535,0.004111659123743112,0.011812715604240213,0.012521753532944638,0.004894892353491442,0.011802988527421511,0.004297608109274515,0.17266842294169402,0.6467881932584877,0.006135761230102445,0.013087939126420653,0.012434730209121633,0.003003899732620815
185,0.02458862471258259,0.02557748753524269,0.014930934622129263,0.016191562181337757,0.011173363694722898,0.013687630014619987,0.15103717907578443,0.007342180212611418,0.4396349242665741,0.010923531605136505,0.01067612267176374,0.008347624646506941,0.004876277782298651,0.053221174241028395,0.14480622491457606,0.015304302138010524,0.013943621617361122,0.010087121548788594,0.010498933924738362,0.010662170693281852,0.0024890079009042415
186,0.10077600560621867,0.08190330477608161,0.01629447606695384,0.01265233406496011,0.022952417866247705,0.5476212292789072,0.025852230391890874,0.023507563592460434,0.020532403350257612,0.005872967627066892,0.013969127025234706,0.02946719514512836,0.009134740649198652,0.0191309025474864,0.006189503782026266,0.006642338134389189,0.011074781295125907,0.00689589786631697,0.01238704255727964,0.02344901744861912,0.0036945209281498055
187,0.46554600281445113,0.1557142481043603,0.04931670850354202,0.010880158976623507,0.012986566613100811,0.025512122862823033,0.017693595625322592,0.019999462095292433,0.015907642507747777,0.004053966677522049,0.01418370521015156,0.02377206669984749,0.005887366656411337,0.017107691209172056,0.005102294878430148,0.08938002338267785,0.019784658148514555,0.012966988195641299,0.011075007896929138,0.018994653800398793,0.004135069141040059
188,0.4846954097830382,0.07359597798101412,0.014530829056615758,0.03454288011922368,0.011588359874087434,0.05080775368903554,0.010857502411400795,0.020706307548841344,0.016829637538977527,0.017587560075130234,0.020456021301241037,0.014404460396479265,0.009772102937711602,0.018484995086725284,0.009351880038672343,0.12477181574015006,0.01948631801662706,0.009438399510686162,0.018606964990039956,0.013687976820570658,0.005796847083732025
189,0.011752854564695341,0.020752566000477504,0.026153722045737567,0.01076255542585835,0.02610092953360374,0.010954430072596694,0.01045946906971404,0.14397334406443804,0.008343637250487097,0.4485441853790406,0.056036478958272413,0.0268764332521841,0.013922229528835461,0.005288802470834749,0.007257692038173738,0.006974795134002689,0.008220340756257135,0.10060199801734154,0.017515478653684764,0.037415485404287734,0.002092572379476657
190,0.011398280913754026,0.01792987461319948,0.026225802248436302,0.008695780515267907,0.016917099193100256,0.028080318675014797,0.0535440940185038,0.011784060833437837,0.18534584848641456,0.002694956297653805,0.004016904751042129,0.057261652843020094,0.005646077640620031,0.011470885923089086,0.3433198337562535,0.03942879158252161,0.07385601866105927,0.00972342717602498,0.007827513731182976,0.08280279330823538,0.0020299848321681875
191,0.03506999244648871,0.014901285798674488,0.052728550504640925,0.01905641858519298,0.015332079647431454,0.006910403258966923,0.05988572687255508,0.03294840961968562,0.011212014053523947,0.02550638768368101,0.011274029490367822,0.14313345206302078,0.007672243660383483,0.01671881544349157,0.011912793921928162,0.3698428886746025,0.05467152115553464,0.08097920206143157,0.011057747263947886,0.016478096229007023,0.0027079415654434184
192,0.06346781511307373,0.0790090352244626,0.020207069785384116,0.028080502731064615,0.010374266202642896,0.45561623736695006,0.02936035720595205,0.013016983520649957,0.08856464074194464,0.01674595111455742,0.026331928071456276,0.043026973032595756,0.005935668931693024,0.039330483155127195,0.01803993417662497,0.029319756329128626,0.006052724205559304,0.0035169713612793903,0.007206154658021722,0.014699095925151248,0.0020974511466804236
193,0.04222264194972086,0.06983864707283895,0.13249082273613677,0.09435310440354727,0.004701661516774478,0.05425238397349028,0.073361724860926,0.01854822067978704,0.021188748620455045,0.03967518560299083,0.025842590164234954,0.07815220187956247,0.08808331410068986,0.0637579639469305,0.01879929637520417,0.05846483760890375,0.06877248780709425,0.026245096624221993,0.0025461343733582426,0.017699314734264008,0.001003620968868324
194,0.027461548278298418,0.025926474725155847,0.01547633178136429,0.023359418656591,0.013372078665175896,0.7402219781364728,0.009118006165680884,0.013428299155301221,0.01625270435477974,0.004782181323192975,0.01726503267933206,0.014659487489885088,0.0052596934172290215,0.014739518167053206,0.004445858252465798,0.00854797799182992,0.006413380758729264,0.005541743653271022,0.013329256278798994,0.016254683922552124,0.004144346146840463
