site,A,C,D,E,F,G,H,I,K,L,M,N,P,Q,R,S,T,V,W,Y,*
207,0.0035620624735660596,0.04474111495527405,0.005651091593401794,0.004246300462838636,0.003875133481606512,0.0025221314829612035,0.0058263192397088265,0.08114066610532748,0.0038543342662689154,0.6896683962458127,0.005651091593401794,0.004555122314681447,0.002773413955433353,0.003955764115381255,0.001962389508935871,0.0020833049206781707,0.017282668953842322,0.10513109750694274,0.005223571568684922,0.005255910363093977,0.0010381148921580644
208,0.037741721669239225,0.26823395396174304,0.002015248055695522,0.0015814726894471578,0.0015957846594874042,0.0006915066857778751,0.0018561495249827175,0.14604062866069495,0.0018368146340974805,0.11141369539332827,0.07311605027539493,0.0017545692027199813,0.0008729416082839513,0.0015536053292806887,0.0005651737335684556,0.0006219901406467659,0.018930855516281035,0.32617189349201176,0.0014394628969253724,0.0015814726894471578,0.0003850091809461968
209,0.12814239268624286,0.27373274509092504,0.006755196060160017,0.004271668096865894,0.0051870255461942995,0.00242061192155734,0.003542358909596108,0.00558602751128617,0.0025040812981627658,0.0019509989812610826,0.0034996798865889254,0.004091175078688462,0.0070278993768123675,0.002461639242261702,0.001410065197023693,0.2631288369597466,0.24805562962409652,0.022289828848284714,0.008068706405191133,0.0051870255461942995,0.0006864077328600501
210,0.005704316646128551,0.00884968750707794,0.017405157518871766,0.007825756721135039,0.008163073821183963,0.004323819923549496,0.011690327941448635,0.007066541516845817,0.0056030565873215355,0.00343085711325123,0.0068123493759520825,0.008530779849165221,0.005704316646128551,0.008933175125069238,0.004383872978043238,0.003220804636929726,0.0041531428213041205,0.004171438604657883,0.00789097136047783,0.86465717556974,0.0014793777357180976
211,0.12956543986318175,0.11096091339251253,0.02515093832638234,0.010817607882314987,0.013165233355322185,0.09829093451629466,0.051591668361809936,0.015968849731036405,0.004299305696817495,0.02278020743621782,0.07837584867991435,0.23013930494728935,0.0010323523831118472,0.06552734889632182,0.0044522297896904045,0.07198012765290411,0.012150211751875528,0.043836058085197985,0.005044273372745236,0.004377772651788962,0.0004933732272703204
212,0.0040722069785963195,0.008547966000116595,0.015303616548595841,0.006293221352520013,0.009781693051679816,0.8665020392010218,0.011713879333493115,0.011032839837359793,0.005930151412580889,0.0038259041371489604,0.0063679478255902165,0.00921188568944604,0.004651099147122266,0.006161196272811313,0.003144204536061541,0.0031314330891516248,0.003986656411819086,0.0034878297232780425,0.004495157373104998,0.010426639846296068,0.001932432232205585
213,0.06312113842835548,0.05104012191676662,0.0014769105218545343,0.001117939214459335,0.025699320645830453,0.335320800962582,0.06747673463595022,0.0016769088216890022,0.015540462652573844,0.021028322766749586,0.02022650985242688,0.02022650985242688,0.14580557307574735,0.014290468917475515,0.03701227169761252,0.02592151175201688,0.03320013089280416,0.0034371846808045683,0.015450806137270536,0.10060250445468087,0.00032786811992290064
214,0.003170838382811146,0.003602500002219297,0.0061250356338774315,0.005005739782001352,0.005904974473378842,0.009273391184126453,0.006663045520636935,0.0061633171065891635,0.004091828784457537,0.002256305866084086,0.0042689642296721494,0.005904974473378842,0.0035472328671016778,0.004565420078954937,0.0016870199971233742,0.0017800193809643797,0.0023148608851039114,0.002952487236689421,0.9112041333008746,0.007826434421065606,0.0016914763928889646
215,0.010675531075680391,0.013917729402368512,0.0066627738588606895,0.0031561527247926475,0.00353070067734498,0.015942126406349382,0.004258680198447038,0.0033859998299128093,0.377463006487914,0.005811010729854894,0.07837095754381841,0.002575623202410543,0.001811806926532292,0.03841293315053709,0.3757278673574983,0.022913334991704254,0.014180328070337728,0.011456667495852127,0.00353070067734498,0.004748183669532905,0.0014678855229060541
216,0.00409095075803139,0.17293781166789665,0.005045505934905382,0.0032668743463416133,0.0024788184176829653,0.0020640706097340192,0.004779952990962993,0.005974941238703742,0.00349304257031911,0.41105409327891773,0.360134261016694,0.00458682357718671,0.002719134934978948,0.004054424411977538,0.001571264824018977,0.0012503396201042028,0.0023050534727994125,0.001831030379602759,0.0023286950468794066,0.003414252136402137,0.0006186587658603328
217,0.01902031357967389,0.006758988784801917,0.4467689067147037,0.29087307381140887,0.02679877017792858,0.013284098096524779,0.011221985012007595,0.009488580409433461,0.006407872484292725,0.0031427145305129925,0.018321608182869542,0.00722269760105995,0.003824854118531316,0.008810824665902498,0.01264449015437475,0.026690126515045088,0.004526662213674678,0.0031628601364778195,0.07481323341338397,0.0045447760709832336,0.0016725633264086097
218,0.43161883106714094,0.031149559473622888,0.008003706253639217,0.003419741629449475,0.00594002625207159,0.04583940854357006,0.03517908097529795,0.006252659212706937,0.00413219217535415,0.0018708744101012884,0.00572532650802081,0.004320019092415702,0.0030857279231540726,0.00572532650802081,0.013998385026607862,0.14429276613732317,0.1729206176466141,0.03761241724050293,0.010169415004623946,0.027354439094716312,0.0013894798250459858
219,0.031512938376722525,0.06480930807201168,0.01390919770857598,0.06918349894778487,0.03663591867493281,0.000889137772676268,0.05281926486467276,0.08042030928643785,0.05324379097584851,0.10500161137021696,0.0832286375472341,0.05290809821476175,0.00021551602403719716,0.0886921125273286,0.06671230202170411,0.032763387175691376,0.049407935067617516,0.07479066618217155,0.026082262471277137,0.016626221245735467,0.00014788547256108932
220,0.00941480085927981,0.007420562122547644,0.009117491358460447,0.02624732360768916,0.010071647430857469,0.005447557729897751,0.011104636910945414,0.010071647430857469,0.009518260209381785,0.0028928613709956665,0.010964071886756233,0.00824915884813088,0.008491781167193554,0.012373738272196321,0.009298591991454554,0.0037659203437119234,0.004921373176441719,0.006714431620571648,0.787053844621566,0.04377970813366132,0.003080590907403281
221,0.009926166527147617,0.02199853122232715,0.7354370740690189,0.01233250992766825,0.012148442615314996,0.008578337805670634,0.008944457749737414,0.013343371397149258,0.02393957809488543,0.00726737192166165,0.017694470765784884,0.014932793009240525,0.008847235382892442,0.03130560212408094,0.007077788306313955,0.005574970241274689,0.00856784900238005,0.006079491286159481,0.03391440230108769,0.006871955896190627,0.005217600354013491
222,0.0009696535622530162,0.015698674914195916,0.001525430604032184,0.005966856174470836,0.22428327469325487,0.11302619997497353,0.12140308600311507,0.002661389564481683,0.033196156328976774,0.005858145234525312,0.13946393242435315,0.07429615940294801,0.001812830572907813,0.08422339091466108,0.021141870965601,0.03869723366349293,0.02311875172910883,0.0007275427661484358,0.0013306947822408414,0.09019333040325767,0.0004053953210014468
223,0.07134972659642423,0.11494147736629437,0.0335867953343068,0.03772210647156379,0.08039127666328143,0.03795237460207832,0.07021800778955954,0.06438539834265587,0.0018045636409439636,0.08119879120347505,0.07736445591962123,0.022805848683788568,0.001881347977521019,0.03797173805850796,0.0005975376294516438,0.03395156420594087,0.05942552571318621,0.06027494638744723,0.05075337961628584,0.06075478089361274,0.0006683569040533201
224,0.029196522516106455,0.0044055753080298994,0.007858593792701981,0.04931097621364341,0.004543249536405834,0.021440274430138438,0.009692265677665778,0.0027733697595912965,0.007091901715365204,0.0017838525787114933,0.005384592043147655,0.43080530228536645,0.003634599629124668,0.05037831336112485,0.001515657116829844,0.2627075191181154,0.09163299516866018,0.0024434283221006167,0.006461510451777186,0.005384592043147655,0.0015549089322458472
225,0.023226516089317487,0.09314041691014521,0.005793834229549444,0.4903708841551444,0.006766537499458339,0.005255563106375408,0.03602294870043944,0.00873101612833334,0.038067419227271485,0.0025414225350078277,0.0077331857136666736,0.011277562499097234,0.04145799008331275,0.0899926920217653,0.003839170212458632,0.024371961992046488,0.012955621901035235,0.04919328266516036,0.01061417646973857,0.037296487290859014,0.001351310569817474
226,0.02413565791799256,0.015108242243459837,0.01373476567587258,0.017567723538906788,0.011990668447190348,0.009810546911337557,0.023606628505406003,0.019485418642346732,0.034336914189681454,0.006291311056567418,0.016422002438543304,0.023606628505406003,0.014812002199470427,0.020983669782583106,0.007479327843296949,0.00699455659419437,0.010639607213704112,0.6810643927748327,0.02221800329920565,0.01398911318838874,0.005722819031613576
227,0.007775371068579895,0.025155612280699652,0.02193053378317406,0.008639301187310993,0.02375807826510523,0.011557984020862003,0.005737295579059162,0.015273050313281935,0.005187213308435535,0.0033150806881542174,0.00784670474810815,0.01140387756725051,0.003923352374054074,0.7761215882225693,0.01838722594221664,0.004386106756634811,0.004887376100250218,0.00890927934941446,0.015005102062171724,0.01781855869882892,0.002981307683838473
228,0.06518886212155589,0.016822932160401517,0.02483385223678319,0.04345924141437059,0.03649646791677426,0.014486413804790196,0.02587931361371266,0.0074452517624206925,0.02483385223678319,0.4692244814303436,0.11861352072951634,0.008549358966761426,0.014552740634652433,0.04345924141437059,0.008427220554406839,0.008148607765194486,0.01043021793944894,0.008991567189180122,0.026075544848622352,0.015803360514316574,0.008277950745594398
229,0.020768737672242552,0.016992603550016635,0.04672965976254575,0.0934593195250915,0.0031840881768489845,0.013351331360727354,0.16747350325360752,0.0373837278100366,0.0021240754437520794,0.16780337865622183,0.11771480588992886,0.0373837278100366,0.020768737672242552,0.07287107031281312,0.008126897350007954,0.028471839348353095,0.018691863905018296,0.013351331360727354,0.015330990418343975,0.0934593195250915,0.004558991196345927
230,0.378227016595879,0.022126710544594218,0.00701157880362548,0.011362364874251085,0.02335597224151612,0.0053898397480421825,0.04671194448303224,0.02802716668981935,0.015570648161010748,0.010009702389221194,0.019109431833967735,0.021020375017364507,0.008579744905046737,0.012364926480802653,0.007507276791915895,0.005631487472130319,0.060040378764927876,0.27132745207624837,0.019109431833967735,0.022126710544594218,0.0053898397480421825
231,0.002923257872147863,0.02868789243361883,0.0036910202819548563,0.0034393598081852075,0.0255003488298834,0.002402092564446811,0.015133183156014914,0.31590294794491214,0.006579644850441266,0.375460402816588,0.010592452590874643,0.00796483324000785,0.008901872444714654,0.01891647894501864,0.00315274649083644,0.003519344920003468,0.006579644850441266,0.13590832312376175,0.006579644850441266,0.017212735460171297,0.0009517725255355293
232,0.17137627397618224,0.1262511555391667,0.0033994533154293456,0.014163910801485461,0.003286138204915034,0.018400978135263157,0.0011743126089882724,0.060999242518397376,0.004107672756143792,0.02222191655138288,0.034173245108345865,0.0027384485040958615,0.08854160824590901,0.10996068385669355,0.0017295464236394913,0.13318688628940276,0.08428381181848255,0.10797796197428729,0.008215345512287583,0.0025943196354592376,0.001217088224042605
233,0.008807838908534697,0.02009994007332277,0.020628885864726002,0.01704125354042583,0.012643510691283682,0.009559727595848635,0.01022234026322074,0.015370542409011532,0.018664230068085434,0.032414243077179036,0.022397076081702518,0.014252684779265237,0.7076753171028523,0.01911945519169727,0.006124200491090531,0.0051572214661815,0.007104546369401295,0.0108874675397165,0.018230178206036934,0.018230178206036934,0.00536916207438074
234,0.08209185176730825,0.02736395058910275,0.008021238272176833,0.005282278862165233,0.019702044424153978,0.19502245726640494,0.07880817769661592,0.00618781238139356,0.011589437896561163,0.002926668018226683,0.0060159287041326275,0.19105012774937194,0.0069862397854443415,0.015761635539323186,0.2590751644789297,0.05472790117820549,0.005156510317827967,0.001729121425458492,0.016887466649274843,0.004419865986709685,0.0011941210112125645
235,0.09095654561771306,0.046837248401787795,0.18164398256728254,0.14719819708915857,0.0027182432516841266,0.08155675109811307,0.0720401487322736,0.004291963028974937,0.05278858610625762,0.009269872079520498,0.01977572710297706,0.06822625850527088,0.002329922787157823,0.06932252163815329,0.017063127367612955,0.06179914719680332,0.03903104033482315,0.025929712110546854,0.003706695343205628,0.003136434521173993,0.0003778751195093334
236,0.0718741857961,0.09159188278441062,0.034037524007720164,0.016292786841457657,0.04261566768441328,0.050133154337212896,0.06869391208830797,0.03459055147709124,0.048318313503918284,0.05890845452587093,0.02409196602950652,0.11230909436659875,0.03786972076663132,0.05256125091605383,0.02237888379253165,0.03357986899370208,0.0929129195553396,0.03790886259688107,0.007332946664149209,0.06182452087947717,0.00017353239262580327
237,0.06861321050362966,0.016378402182077485,0.002827290532474555,0.004783337359090764,0.025645129732463422,0.03657380487268997,0.017402052318457324,0.018562189139687817,0.05861743938848783,0.05183590052306438,0.044296133174255,0.011601368212304885,0.18323337441199183,0.08542825683606323,0.01050689951303084,0.05386427464253639,0.217015966261641,0.027614591340555474,0.004501964573261897,0.05966417937756797,0.0010342351046682735
238,0.015702311667139944,0.07313247361535669,0.0007204868775511989,0.07992101065949028,0.036265475552550254,0.009449708693999217,0.03456426560481334,0.056272143113667274,0.11212926804159074,0.1142132951579051,0.04507101679718558,0.030783799054286888,0.0004034726514286716,0.07495416818912645,0.026924804715346858,0.05247507813677051,0.11981378631918503,0.11264016967389501,0.00045849164935076305,0.003934771307690804,0.00017000252166938406
239,0.006225441608717536,0.09851302609767269,0.01082685497168267,0.009055187794498232,0.008586816012024188,0.026656465885252615,0.0726180665731393,0.0072179033144551125,0.007096413229899553,0.003458578671509741,0.010375736014529225,0.44980256044482264,0.00436873095348599,0.009960706573948055,0.004256712211088913,0.23892190325668888,0.0033651035722797483,0.0058592391611459165,0.011318984743122791,0.008441276757583101,0.0030742921524531037
240,0.08321493400870442,0.05381649801999316,0.0021881876914355814,0.002983892306503065,0.0012527792126539586,0.0016746334373231489,0.0021313516475021895,0.14841480418873226,0.0026470012396398158,0.023260099307846505,0.06866321583427498,0.0014785051969159332,0.0013342607874607202,0.002051425960720857,0.0008592360044904114,0.010813274830716852,0.31123742071171545,0.276798655824631,0.0034917888693120976,0.0011240690195730724,0.0005639658998545312
241,0.010727561900275602,0.02096000555900002,0.00959666865347868,0.15872625568951468,0.017822384642174696,0.009944528184927016,0.0047295954252127535,0.010253974725634754,0.0036169474048521593,0.0030552659386585187,0.011545765774025434,0.009128538475260206,0.002772370944338286,0.6811476629997237,0.010542257335540426,0.0037615083164388792,0.003497851191454846,0.0061862822724903874,0.010253974725634754,0.009721300713913467,0.00200929912745065
242,0.013053153520466543,0.018362487815586293,0.0158421463507019,0.02524842074643116,0.029924054217992477,0.00807949463885797,0.017954432530795483,0.016198225260986705,0.012241658543724193,0.005649996250949628,0.01077265951847729,0.013129240220710442,0.008504731198797862,0.017190414125229724,0.005730138041743241,0.005897441342232094,0.7299533298082355,0.009853042242509717,0.01683228049762077,0.0158421463507019,0.0037405067772490596
243,0.022987618604765794,0.0553405633077695,0.00961105850551861,0.003260894850086671,0.10768974481511905,0.002898573200077041,0.055340563307769514,0.10304794546963976,0.02477935670497142,0.16456906684567177,0.032302088488066254,0.037488768692359994,0.0015475433186852,0.1119133502295237,0.026777691923114286,0.039601504018403885,0.0858732878913665,0.04469814728704461,0.00445390516109399,0.06496500910042508,0.0008533182785273529
244,0.013699528560734963,0.018646580541000365,0.020977403108625413,0.026851075979040535,0.03196556664171491,0.016372607304293005,0.01158395885193212,0.022375896649200443,0.021654093531484293,0.007577192618678564,0.027969870811500548,0.03533036313031648,0.6035830251523089,0.023147479292276316,0.00919557396542484,0.019806647175446744,0.008245304116629968,0.018142618904757112,0.03196556664171491,0.02486210738800049,0.0060475396349190386
245,0.008835355307595027,0.020295686296658223,0.016567907180945488,0.01591818533071233,0.013759787319768287,0.7338539131159447,0.025369607870822777,0.017272924507794232,0.013308646751907032,0.005969319499017124,0.018040610041473976,0.01887970818293788,0.014760499124842343,0.015612066382044787,0.007076378134928285,0.0055604619990844446,0.007516920850614157,0.005456625675873822,0.013759787319768287,0.0193292250444364,0.0028563840628304193
246,0.006496623304047424,0.11777449961194546,0.00220950860541104,0.004626383261973166,0.1305087794385656,0.0016792265401123906,0.004017648622239854,0.07540481230195212,0.001614640903954222,0.07652940933791244,0.002152854538605629,0.00220950860541104,0.0011501551644605415,0.006735469749049168,0.002516549137007381,0.0015578637514807596,0.07585410295735798,0.18200850075408478,0.2519065686144389,0.052558747549957444,0.00048814725003267173
247,0.0077972046880574975,0.011490617435032102,0.015320823246709471,0.013231620076703633,0.7913536951874459,0.006193524291222978,0.015594409376114995,0.013231620076703633,0.010649840549541949,0.00370065170552335,0.014801473306143046,0.017123273040439996,0.008561636520219998,0.014085272984878059,0.005136981912131998,0.005292648030681453,0.00816156004731252,0.006328166123640868,0.011643825667499197,0.01679397932812384,0.0035071764058732524
248,0.014236539716853767,0.09901261322002324,0.0014876599220646734,0.004404947932571467,0.006247791098619256,0.0007490315691514441,0.16322542431621678,0.1081258347004795,0.09691913676771809,0.005580088233117961,0.10548163103571559,0.0008316226008120167,0.0007705864344507662,0.020971381752056897,0.2062059630057687,0.034198435487179095,0.004084344790790719,0.11014941293045183,0.001245482725449494,0.015866483441144715,0.00020558831936402398
249,0.0016967762487448681,0.10195968554944461,0.003724079457345008,0.00456500062513259,0.002830300387582206,0.001814295120245004,0.0028880616199818427,0.0030183756448349847,0.021546512876989596,0.4049194754115207,0.3051791045736237,0.002527053917484112,0.0007649460506978937,0.003076413464763268,0.001010821566993645,0.0008040626101085813,0.12748651320855697,0.001814295120245004,0.0044223443555971974,0.0029482295703981316,0.001003652619710002
250,0.05373545204309858,0.09939766910376052,0.007846493618795497,0.005077142929808852,0.0031196902339789326,0.005746568042132496,0.006636881400772741,0.03835500065330293,0.2345702768116828,0.0037398299956735285,0.007662947639453085,0.002415671735021764,0.10930327873953045,0.13519560644905823,0.12184105367567614,0.04688144030290745,0.03873029420176969,0.07249516606997916,0.0031577352368323346,0.0034524571922700193,0.000639343924494448
251,0.02468413513380896,0.007574346100719086,0.2667083738160435,0.27687897652717297,0.021081004297283462,0.015365386881335721,0.028699234643810526,0.008205541609112342,0.004923324965467405,0.0021720551318238556,0.007204865803123033,0.17011631837387015,0.003938659972373925,0.032579733913983534,0.0023078085775628462,0.0427609007621034,0.07011725342357326,0.0024823487220844063,0.005792147018196947,0.004526058862040785,0.0018815254645098366
252,0.06219017887767413,0.1480574034904549,0.005286052984986803,0.017259386634718148,0.09878746487072157,0.21491333600193635,0.010819579485840934,0.00377575213213343,0.05409789742920468,0.003205801329138055,0.05495659421379523,0.0059468096081101525,0.002378723843244061,0.04250549083723225,0.21222333866442,0.004571653303876452,0.0018439719715070242,0.0013278738580114703,0.0018246039989026116,0.05299385870615969,0.0010342277579322007
253,0.0022424518593389215,0.04620835607867681,0.3040503125632133,0.30007866746142003,0.005799444463807553,0.0021022986181302387,0.007156761253209322,0.010933227107901212,0.008624814843611234,0.002170114702586053,0.024010224236959525,0.07129477136863219,0.0037794132460768327,0.07483186553852385,0.002648565188195576,0.03081849251891618,0.08393896940904805,0.004859212047956096,0.006727355578016762,0.004774087364018383,0.0029505945517617383
254,0.007424436461465169,0.010154008689945012,0.009206301212216812,0.011904699843383803,0.009863894155946584,0.005352500704777215,0.009085165669950799,0.6252296024221178,0.008524352974274825,0.1843307649325385,0.029915682938516947,0.007758118999059109,0.006974470615315766,0.010461705922973647,0.004828479656757069,0.0035775781912759626,0.023787646680978054,0.009708609295412124,0.011904699843383803,0.007118274133157328,0.0028890066565533928
255,0.005220145565906623,0.008884286203514155,0.0077644181946678326,0.010899825351526256,0.007391726121323779,0.8409322644468745,0.01113211765259605,0.009148175892727447,0.010620296151327266,0.003186088845398181,0.010999592442446098,0.008104962852328704,0.011845714938018875,0.01620992570465741,0.004291395878321384,0.0035400987171090893,0.005703492377564643,0.004083616813511147,0.008716658161938416,0.009148175892727447,0.002177021795514711
256,0.1865986574821715,0.7622047850503066,0.006254677954989282,0.002677970399917029,0.0030806622763380055,0.0021278801290169724,0.0027158470067716626,0.004128087450292927,0.003383678237945022,0.0012741010649052243,0.0035586960778387295,0.003329102782494295,0.0014234784311354918,0.0024282867354664273,0.0014638607979762153,0.0010220097813765118,0.0012759225491189373,0.001530231996986462,0.0050342529881621054,0.0034400728752441057,0.001047737931546428
257,0.008693717109020898,0.017387434218041797,0.01832729552712514,0.02421821194655822,0.011761883124489851,0.010121043798561645,0.020548785894049394,0.011714901125340517,0.04520732896690867,0.00706364515107948,0.037672774139090565,0.023383101189780348,0.015411589420537046,0.033905496725181505,0.012329271536429638,0.007534554827818113,0.015069109655636223,0.610599891279788,0.030823178841074092,0.02825458060431792,0.009972204919171033
258,0.6825302331811152,0.013031364108903721,0.05947581970618094,0.018434612641863798,0.017177707234463994,0.00693412035152675,0.02519397061054719,0.01889547795791039,0.02361934744738799,0.007712439982820567,0.01608125783651948,0.01643085039818295,0.006688664763862086,0.01643085039818295,0.00693412035152675,0.0042982441244061665,0.005740989568326417,0.01318096355909397,0.020427543738281508,0.014534983044546456,0.006246438994350541
259,0.004490807236788557,0.011589179965905956,0.017107837092527837,0.009454331024818016,0.011975485964769486,0.008553918546263918,0.007484678727980928,0.4993976960475281,0.007983657309846324,0.32413690538069795,0.005693962054584755,0.009454331024818016,0.0066988636182443795,0.009905408847223695,0.002530032246078061,0.003266041626755315,0.00528330263151595,0.036727920444762016,0.00665304775820527,0.009979571637307906,0.0016330208133776575
260,0.010765997135221422,0.01687642794169844,0.5619283254962008,0.011425471265456302,0.01951336980758882,0.009623743875923418,0.03469043521349124,0.031221391692142116,0.028383083356492835,0.007708985602998055,0.029734658754421068,0.031221391692142116,0.020814261128094744,0.0780534792303553,0.01734521760674562,0.010236521866276105,0.01601097009853442,0.00892039762632632,0.028383083356492835,0.019881998487783752,0.007260788765614447
261,0.020255656418287027,0.19564941131698318,0.012058643956715919,0.31269669595730587,0.034752437424240314,0.006291466412199611,0.0049897837062272766,0.0049897837062272766,0.004384961438805788,0.13166176671886562,0.008494307530249398,0.004823457582686368,0.00602932197835796,0.07241397169537611,0.008511983969446532,0.006422525205798324,0.0042559919847232645,0.0039109115535294866,0.026332353343773134,0.13002246235916917,0.001052105741032255
262,0.015839844985635523,0.048737984571186214,0.026399741642725866,0.028799718155700947,0.021848062049152447,0.014399859077850475,0.007218711578015261,0.026399741642725866,0.05279948328545174,0.006886889124189358,0.01712415674122759,0.027547556496757428,0.5706958846594586,0.026399741642725866,0.008679367115416725,0.014317415969344192,0.008904222497819391,0.014734739521521416,0.03017113330597242,0.02436899228559311,0.0077267536515295224
263,0.19398954087175496,0.34880743329130537,0.0027569384429763488,0.00535053562582697,0.0034133523579707174,0.05204054855799185,0.0075258639453095934,0.004216494089257945,0.004388595888819494,0.0013696891627525808,0.024459057822256172,0.04987729438264004,0.1527199707926239,0.05149275331001298,0.0020877786267199535,0.07993505418636794,0.0023985915902185917,0.001472884921590104,0.005973366626448755,0.004388595888819494,0.001335659618336368
264,0.0074320088442454,0.029133474669441967,0.020809624763887122,0.015173684723667693,0.025115064370208596,0.6571321082273797,0.04046315926311385,0.03310622121527497,0.013487719754371285,0.006445458997664153,0.016185263705245537,0.034682707939811874,0.009842390091027694,0.014566737334720985,0.005057894907889231,0.010870699503523125,0.00997721735254862,0.006337920345789297,0.00815252509410731,0.031666820292871704,0.004361298603209877
265,0.009350135330009614,0.02992043305603077,0.027200393687300695,0.02992043305603077,0.02137173789716483,0.014960216528015383,0.024933694213358976,0.030967787920441695,0.01662246280890598,0.004825876299359801,0.010317390708976125,0.012649679539621608,0.00610621082776138,0.03740054132003846,0.007480108264007692,0.3463684691111163,0.2687260771295406,0.01574759634527935,0.02992043305603077,0.04274347579432967,0.012466847106679484
266,0.015254415301476714,0.016987871585735434,0.020762954160343305,0.014949326995447182,0.014374352880237676,0.011325247723823621,0.023358323430386223,0.016610363328274647,0.019670167099272606,0.03634884716546421,0.03114443124051496,0.017382938366799047,0.011679161715193112,0.020762954160343305,0.007118727140689133,0.6743731495495922,0.009461599364207075,0.009115443289906818,0.013590297268588345,0.01288735085814412,0.002842077375560301
267,0.006888877476138208,0.01089614367344975,0.012452735626799716,0.02011595755098415,0.012069574530590493,0.7078790285104543,0.01601066009159963,0.015086968163238115,0.025307172402851026,0.005486170241177496,0.025307172402851026,0.013075372408139701,0.014264042627061492,0.025307172402851026,0.029946877413910403,0.005988720186934213,0.010746881431347699,0.004528558599192101,0.021792287346899496,0.013526247318765209,0.003323379594764748
268,0.01165699317820428,0.014432467744443398,0.018942613914581963,0.028864935488886793,0.027945183786488192,0.03367575807036793,0.016382801223422238,0.020902194664366304,0.08659480646666036,0.00612286510370326,0.043297403233330194,0.030308182263331134,0.025876139623409306,0.023313986356408568,0.012628409276387973,0.5428177305622961,0.007392239576422228,0.012628409276387973,0.020902194664366304,0.009191820422832269,0.00612286510370326
269,0.01377549097370155,0.020663236460552323,0.03697631787677785,0.020072858275965114,0.0292729183191158,0.013010185919607021,0.020072858275965114,0.0250910728449564,0.016338373015320443,0.011891752946237436,0.0334547637932752,0.02702115537149151,0.6301067422062043,0.011937109194986171,0.009493919454848367,0.009623973146010673,0.007576027831130118,0.009367333862117055,0.02810200158635116,0.020663236460552323,0.005488672184834212
270,0.012532722570529325,0.021484667263764558,0.028198625783690978,0.030078534169270383,0.017353000482271373,0.01127945031347639,0.05639725156738197,0.40325658087404925,0.02506544514105865,0.025576799594460707,0.012532722570529325,0.021484667263764558,0.009808217663892515,0.028198625783690978,0.008056750223911708,0.0070496564459227445,0.009808217663892515,0.20431316500687488,0.02374621118626609,0.03759816771158798,0.0061805207197130905
271,0.013473979125917905,0.01154912496507249,0.018373607898978968,0.017574755381632057,0.013473979125917905,0.009186803949489482,0.014436406206340615,0.008262800897023847,0.025263710861096078,0.3627136783269416,0.23620349651760936,0.03368494781479477,0.017434184083677928,0.02245663187652985,0.0074855439588432824,0.006218759596577497,0.013473979125917905,0.12012058156237396,0.025263710861096078,0.017574755381632057,0.005774562482536247
272,0.01140832444078328,0.07073161153285634,0.31733309667564,0.01012117607259897,0.02357720384428545,0.10398199101867307,0.02720446597417552,0.020803415156722453,0.03536580576642817,0.015376437289751377,0.02357720384428545,0.188235347324941,0.020803415156722453,0.02947150480535681,0.011051814302008805,0.007524639524771952,0.010401707578361227,0.01360223298708776,0.04420725720803522,0.007696709971742689,0.007524639524771952
273,0.07073901620568762,0.11495090133424236,0.016861299175825087,0.059301652929063114,0.020435715792754196,0.045566123051411396,0.04126442611998445,0.03217487214852034,0.15120052208257617,0.016421557333463194,0.022706350880838003,0.029498895066864924,0.0510892894818855,0.0510892894818855,0.10091315631431405,0.05016039330948758,0.02285712989460456,0.04664674257041719,0.01204378512558935,0.04180032775790632,0.002278553942679066
274,0.05654591964222329,0.06192497619407639,0.01308933325051465,0.005315047322061458,0.06123435109778864,0.026822442742181807,0.0273168693923784,0.09995490845847553,0.011967390400470537,0.14402294062720117,0.17340748690281807,0.07149484092694898,0.001818305662810499,0.03683067562903432,0.02206268519654012,0.06061679568691737,0.03208279128636782,0.06174554443691048,0.001727390379669974,0.02946208206149111,0.0005572227031193466
275,0.1538533403385781,0.07387250956703441,0.08536378883301753,0.0732396738015551,0.014670679311828503,0.21082717028613393,0.07113649069418125,0.010669584954057093,0.016766490642089717,0.005458857418354792,0.011177660428059812,0.07113649069418128,0.009389234759570242,0.01641611323711875,0.0111883419321836,0.12804568324952628,0.006018740230493745,0.004355369817435692,0.009028110345740617,0.01564872459928374,0.0017369448595758185
276,0.10110786908814391,0.04987988208348432,0.010087530893106532,0.0311749263021777,0.007456001094904827,0.031098259444514074,0.1558746315108885,0.004808211300298423,0.052515156676379585,0.019311901249136624,0.042789114532400765,0.06998452843346015,0.0055318717800906785,0.027108631567111043,0.308843075239457,0.052997374713702076,0.006563142379405831,0.005196606823721546,0.008794257701682618,0.006859521007312442,0.002017506178621306
277,0.008347897655665201,0.1584113655751398,0.03458414743061298,0.016695795311330405,0.03724446646373706,0.01274152800075215,0.03227853760190545,0.03458414743061298,0.021051220175155733,0.00494655578472023,0.05291056299451299,0.05379756266984241,0.007448893292747414,0.016139268800952726,0.008646036857653245,0.0072265382690833106,0.009881184980175137,0.4346464843025423,0.01936712256114327,0.02420890320142909,0.004841780640285818
278,0.017438000908731453,0.06567539368000157,0.021070917764717173,0.019450077936662,0.013307948061926634,0.010320449517412494,0.016856734211773736,0.45465631543911156,0.014047278509811448,0.2331960080159228,0.011267226204121772,0.009915726006925727,0.009364852339874299,0.0163129685920391,0.005557165124760573,0.007224314662188745,0.006653974030963318,0.02448041424859343,0.014873589010388592,0.02408104887396248,0.004249596860111027
279,0.013889187435949605,0.025660541776372895,0.02389084924007131,0.034641731398103406,0.01776499046056585,0.6239133931687147,0.027713385118482727,0.018232490209528107,0.01979527508463052,0.008882495230282925,0.026647485690848773,0.02389084924007131,0.012830270888186448,0.02389084924007131,0.006734197941587255,0.010497494363061638,0.010041081564667653,0.005884648388295118,0.023094487598735607,0.03849081266455934,0.003613483297213626
280,0.01049206195678868,0.020692677748111007,0.020692677748111007,0.02257383027066655,0.01330243569521422,0.011286915135333274,0.05220640779635777,0.014373792900244044,0.016930372702999914,0.6709797097340322,0.02257383027066655,0.033860745405999836,0.006259969738924337,0.016554142198488806,0.00665121784760711,0.005686537396427453,0.00730329802874506,0.009084590230878,0.017324102300744097,0.01584971061557439,0.005320974278085687
281,0.009751489648192908,0.013857380026379394,0.018369085151247105,0.019746766537590638,0.017171101337035338,0.014361284754611372,0.022644386412286627,0.020253093884708348,0.017552681366747234,0.00897580297163211,0.02194085170843404,0.011124938894417262,0.012341729085994149,0.020253093884708348,0.009292596017689713,0.0060759281654125035,0.015487660029482852,0.008874951252849725,0.016455638781325534,0.7122056117359341,0.0032639283533207664
282,0.012847028334938141,0.012521533181673103,0.048654991042910115,0.04221166452908246,0.02814110968605497,0.5251464348832985,0.029548165170357726,0.018467603231473576,0.026861968336688836,0.008690636814811095,0.05372393667337767,0.02110583226454123,0.015971981173166335,0.0492469419505962,0.012311735487649052,0.008000052368219294,0.012847028334938141,0.008808580390169967,0.02569405666987628,0.03110333175827129,0.008095387717906227
283,0.014797454441196673,0.022407573868097823,0.020109361163677533,0.021196353659011454,0.016338855945487996,0.017824206485986906,0.014797454441196673,0.012065616698206518,0.012254141959115995,0.008002704952892079,0.014797454441196673,0.7054761121375204,0.013759036585674098,0.031370603415336956,0.010054680581838766,0.006646314282910373,0.007921869549327512,0.010185260849135373,0.02306662015833599,0.011366160657730778,0.005562163726123572
284,0.00863040451186601,0.016849837380309828,0.02021980485637179,0.017692329249325317,0.024403212757690092,0.6377539373437235,0.041629009998412514,0.054437936151770214,0.018623504472974017,0.008424918690154914,0.018623504472974017,0.03724700894594803,0.015384634129848102,0.014442717754551278,0.010839865035211485,0.00737180385388555,0.011057705780828325,0.005288917393407961,0.008231710094903096,0.016849837380309828,0.005997399745534006
285,0.009560300577082502,0.017611080010415132,0.030424846760736594,0.039365943552692656,0.013046081079282169,0.01097083672779959,0.027884210016490635,0.018144536530657847,0.02909656697372935,0.006625950895007674,0.02909656697372935,0.03717894668865417,0.017611080010415132,0.021587775496637904,0.009294736672163543,0.009698855657909785,0.015933834295137502,0.6016665144207228,0.02676884161583101,0.020913157512367973,0.007519337532536799
286,0.03454051298148573,0.01414457714175101,0.022436225811053326,0.012276425443783896,0.013278582622868292,0.006572227762833803,0.022436225811053326,0.11268606121445465,0.012512510548472047,0.0035406355900100012,0.0376587059174551,0.019716683288501406,0.011218112905526663,0.017122382855803853,0.006848953142321542,0.007150006027698314,0.008341673698981365,0.5863684918508677,0.0191367808388396,0.02689099188072212,0.005123232665516114
287,0.04283960130648012,0.13042604644335898,0.0011302124011316216,0.010198941454164374,0.0009687534866842468,0.045235305037881986,0.03345009965026529,0.04850775264684294,0.0018706963880799252,0.040896496102624545,0.06372265453272619,0.056387397180795926,0.013516339077696332,0.15316624576700427,0.09989848111667493,0.04017108749777439,0.08227246394731381,0.052428645606007095,0.007394232554269171,0.07506266380849007,0.0004558839937337632
288,0.11543638293028607,0.004150314247554841,0.006153914229133038,0.004055988923746776,0.003367236087638833,0.09825494946026633,0.06290741662168928,0.0034992845616638847,0.16053532951047453,0.0015793231207509569,0.004461587816121454,0.0018251463214033925,0.15369623673221589,0.06451156407733982,0.1256606327521996,0.14956031369515105,0.020466807025279334,0.0023482041137481333,0.007138540505794325,0.006863981255571466,0.003526846011971137
289,0.008688741074865796,0.012877955521676088,0.03069446650590828,0.020604728834681736,0.010605375135497957,0.0880593525692255,0.011268211081466578,0.012247430755299993,0.01639012520940593,0.006381995656759831,0.017589402663752703,0.6502389664807057,0.006556050083762371,0.02121075027099591,0.006438977760838044,0.021263596035846745,0.005422297061758352,0.009365785833946247,0.026709833674587444,0.010451674046577696,0.006934283742440971
290,0.007123567159618608,0.013416051483948378,0.017888068645264505,0.01578358998111574,0.016099261780738054,0.7269918953312151,0.021755759163159534,0.021755759163159534,0.017126874234827717,0.005833065862586252,0.018720071838067506,0.01490672387105375,0.010732841187158702,0.01642781814361026,0.006886451581490408,0.006288774133100803,0.00865551708641831,0.006704205438878164,0.014122159456787766,0.02981344774210751,0.0029680967156936744
291,0.08561782482970579,0.020405693016801583,0.005722797586235768,0.06506954687057641,0.0034895107233144933,0.02054827795912939,0.0040877125615969775,0.004387201582112596,0.003974164990441506,0.0032534773435288203,0.03112021806853654,0.008306750664328903,0.0021039697008219736,0.46534585034715253,0.005697795113004567,0.12861155763726434,0.12037866171056635,0.010844924478429404,0.003974164990441506,0.005722797586235768,0.0013371022397747122
292,0.008171239269372759,0.023166428416053965,0.007096076207613185,0.011723951995187,0.5581591628191591,0.011723951995187,0.018164585917133224,0.011235453995387543,0.01348254479446505,0.00293098799879675,0.011235453995387543,0.007704311311122888,0.005087752752628322,0.011235453995387543,0.0061284294520295695,0.003643931025531094,0.012840518851871477,0.0058619759975935,0.024513717808118275,0.2422501403764431,0.003643931025531094
293,0.008017273463688409,0.013296941354410039,0.012678478965832829,0.013978835782841323,0.030530975885564766,0.005506814096270826,0.020191651686326362,0.23350590068633514,0.018799123983821095,0.005563006076845018,0.017586277275187474,0.02180698382123247,0.008653565008425583,0.022715608147117154,0.005738679952955913,0.007367224263929887,0.007788208507583025,0.4909998045503143,0.015143738764744768,0.034073412220675725,0.006057495505897908
294,0.012491472863047269,0.01767086405016443,0.02130898311931593,0.028980217042269666,0.020700155030192617,0.011227627620047028,0.027865593309874672,0.010221294080594762,0.02195470988050732,0.00966007234742322,0.02195470988050732,0.017721882912452025,0.015415009065037054,0.027865593309874672,0.007971938249447145,0.6513200474778139,0.00805006028951935,0.010350077515096309,0.024982945726094538,0.025875193787740773,0.006411552442980014
295,0.663852338091926,0.0254101597940794,0.00999639460388043,0.017545110334007203,0.0254101597940794,0.007756785621350553,0.017545110334007203,0.024563154467610086,0.01797303985434884,0.01083668579453386,0.023027957313384455,0.019391964053376384,0.006407779426333066,0.022330140425100075,0.007443380141700025,0.006054211328619533,0.007241029719705564,0.01044797164682679,0.0254101597940794,0.04334674317813545,0.008009724282916332
296,0.017367100483578996,0.02605065072536849,0.018305862671880564,0.027092676754383233,0.019351911967416594,0.016932922971489524,0.019921085848811203,0.6076133533007859,0.02418988995927074,0.010420260290147398,0.018877092745339046,0.02605065072536849,0.014110769142907936,0.027092676754383233,0.0074430430643909985,0.008796323621552998,0.02930898990877821,0.02322599200318273,0.02822153828581586,0.023355755822744163,0.006271452952403527
297,0.00870484222575751,0.012053207702006121,0.014463849242407345,0.01903138058211493,0.012914151109292272,0.006457075554646136,0.01903138058211493,0.04209897202602674,0.01643619232091744,0.005832197275164252,0.01643619232091744,0.012951391856431963,0.0069537736742343,0.0139075473484686,0.004757845145528732,0.42485764578788665,0.32392535851428866,0.008218096160458719,0.011664394550328505,0.0139075473484686,0.005396958672540055
