site,A,C,D,E,F,G,H,I,K,L,M,N,P,Q,R,S,T,V,W,Y,*
207,0.0025184882575986223,0.021090391141996085,0.003307614578312858,0.0037025536324397663,0.30386033995299394,0.00195331569585405,0.0043906388207692795,0.0350742374426674,0.00302525723626176,0.5078923351660567,0.004864139085754203,0.0043906388207692795,0.0023293060410653926,0.004001146667313941,0.0017347628907235266,0.0022299427021393084,0.003131324449029986,0.08164916402269917,0.004095477282685121,0.0038761108339603802,0.0008828152789091257
208,0.02423293002880452,0.27358915619248414,0.0025461506023452514,0.001856861212760073,0.0018988241780201873,0.0009440783132291383,0.001954022555288216,0.15602146580101334,0.0020005469018426975,0.09469361402936562,0.06420494647712892,0.0024006562822112367,0.0009741793608973137,0.0017324323686060473,0.0007535692365685498,0.0007871004203971269,0.018137726747923265,0.34698611717977523,0.001600437521474158,0.002196678951042962,0.000488505638822054
209,0.11336481708192113,0.15864464198053096,0.005224737517707693,0.0037103208459083625,0.004414002385649603,0.0036058047657419293,0.003282206902149705,0.008000379323989906,0.0030119075102079643,0.0017885018485593663,0.004414002385649603,0.004740965525327352,0.0035836689683695086,0.003413495178235693,0.001729811745727547,0.2582763584868118,0.1720816245130965,0.010169528332085322,0.01024048553470708,0.004063684735994872,0.222239054431628
210,0.007009522189292122,0.03931718187516759,0.01389607030508789,0.008337642183052734,0.009659463504756216,0.0060928923645385364,0.02929839238137358,0.008165732034948553,0.007135819886396483,0.003082007810856069,0.008337642183052734,0.008082408238673568,0.004981610109371129,0.010286701394675449,0.0039018522531527574,0.002966576806704156,0.004742970104131794,0.005739681212971085,0.009900950092375122,0.8064104802441814,0.002654402825241134
211,0.153738494572187,0.13276113907981937,0.01549302658479404,0.005098470483261305,0.0185232397951954,0.09364754671125662,0.04758572451043885,0.015274430089770492,0.001755196557945388,0.029706695070100538,0.1015162122889362,0.10414988760775294,0.001462663798287823,0.024744576745428196,0.0022035220574361082,0.07103002715202623,0.05872280897032879,0.07630124792191056,0.013169418791096007,0.03245747250279867,0.0006581987092295204
212,0.0037318205538190703,0.00675874166969454,0.012165735005450169,0.008188339632032651,0.0069918017272702125,0.6201456458261145,0.009655345242420768,0.008003773029901427,0.004789659450964634,0.002442918675793206,0.00568492289974307,0.0054311316988616826,0.0032880364879595055,0.004985956969446792,0.005673247745930967,0.0024138363106051925,0.0023854382363627784,0.12856372136327823,0.14824899803418462,0.008815750003949397,0.0016351794362164205
213,0.06475900131827947,0.026661343988024052,0.0017346678510460993,0.0012067254615972865,0.02366194278937134,0.3102443985036745,0.11613131081033468,0.001802252312775168,0.013089972192352953,0.024140274820267066,0.01027920655845706,0.06106307816611959,0.1409430529624448,0.005356410365449087,0.030557208781296776,0.055005319354275294,0.034480309975485506,0.006676185702915409,0.0063400420871042844,0.06550963252428693,0.0003576634744424947
214,0.0022081400222684843,0.20222661837283107,0.004434835843043426,0.0035419158746454204,0.004188456073985458,0.0017769207586604975,0.004549529873466963,0.00475446365155106,0.002899700358913009,0.2010023835158735,0.003257688057544245,0.0036648990647372755,0.0023879885308695373,0.0034720096402774186,0.0012200082430435886,0.0013428637794457193,0.0016139005055723782,0.0019121212511672742,0.5424926036901156,0.005799400717826018,0.0012535521741619184
215,0.024902621315188417,0.010192364602152585,0.006145466692001991,0.003819616281712792,0.004998312909494953,0.004866624539766549,0.005767284126340331,0.010803906478281743,0.381913504907539,0.005569023957877185,0.03773423218517521,0.00938156988049547,0.0020046709530059967,0.04209314212317561,0.3917037243114049,0.020156541937092803,0.006452845166209231,0.021436322377543136,0.004119488661671664,0.0052799080029876265,0.0006588285908824629
216,0.0031535287412803852,0.10433900450001543,0.0036265580524724433,0.003920603299970208,0.30346676071640527,0.0019087147644591801,0.00707621083409257,0.003868328589303939,0.0029012464419779544,0.2953002437726418,0.23773764797027924,0.0036724638506050056,0.013760651318117979,0.0031535287412803852,0.0013557226364382963,0.001104471219008896,0.0020288436657188488,0.0016966353461859377,0.0021490714385021883,0.003259827462896578,0.0005199366383473036
217,0.010934097144990164,0.005244747260572824,0.2965167822720489,0.16013569957816373,0.010347389493307765,0.020815657088439996,0.004518551486031972,0.010127787813519938,0.005648189357539964,0.009385906398796865,0.0055416197470203425,0.004187227985907083,0.003717795526482002,0.01571270256391179,0.002294576926500611,0.032743584873118195,0.0029969984346130425,0.003964887562856247,0.07070716153760305,0.3229901077156152,0.0014685292329603909
218,0.43690927183845185,0.03989784162838135,0.005131766382840295,0.0345316742173047,0.006071385579698377,0.033744921473643025,0.05863248030605605,0.007837606839246997,0.004444003877923554,0.002342762913905353,0.008289776464588169,0.004843464900658256,0.004268003724342424,0.01458764834537693,0.021462287220784446,0.13329839158357576,0.06480266791776639,0.0934157420740308,0.008766286329616183,0.014997742877174675,0.0017242735046343392
219,0.032224206164094805,0.04678691760443805,0.011819786149740207,0.07522602438360629,0.032573170484102444,0.000250928821091698,0.03281160455376175,0.07510531510186107,0.05154490922522835,0.088494992179447,0.05146560936488186,0.06295592589420708,0.0002172471001397922,0.10412382643340626,0.0675990292284812,0.032092236084350516,0.1071119598952762,0.08295969964024415,0.027478030974035048,0.01701342458343202,0.00014515613417412124
220,0.003990348385585307,0.27716525799073183,0.0056704950742528055,0.010773940641080327,0.005876694895134723,0.002525142337753202,0.006733712900675205,0.005213197084393708,0.004552369284963519,0.29323378346382395,0.004552369284963519,0.004252871305689604,0.0032001803884397014,0.00557272791780017,0.001606905457277602,0.0019951741927926535,0.0026065985421968533,0.002545025348286692,0.32691421066477655,0.024035730384549207,0.006983264454832939
221,0.006874612666976141,0.019764511417556408,0.4782956318473801,0.012820223622198751,0.008949967434365167,0.006229706637030215,0.007776201213464817,0.0115694700980818,0.018244164385436686,0.005270536378015041,0.019764511417556408,0.004993139726540567,0.004993139726540567,0.015301557226495285,0.006588170472518803,0.003513690918676695,0.005856151531127825,0.004985637375935777,0.019764511417556408,0.3351273436891945,0.0033171207973521242
222,0.005103405812113969,0.005670450902348853,0.0017971848837741605,0.001805401267391916,0.17071041663913392,0.0867928971248824,0.23702484771818214,0.001369283720970789,0.016336299028195507,0.004005731371384051,0.0797819254865362,0.07762217235215317,0.007528012404842441,0.03317817017331776,0.015586308114219849,0.019697355766053914,0.0373026721125106,0.08860138982572122,0.00850567635352328,0.052860135530370674,0.04872026341237294
223,0.0636941955375425,0.05693300613028354,0.019683920486820713,0.05845527902146757,0.07720501509311267,0.041336233022323504,0.0385804841541686,0.0674623937619465,0.0028509761669365747,0.07438843014669219,0.09792938985492988,0.04443551697973349,0.0007709886838729277,0.04358165802600527,0.0008686648546700565,0.04296830651342154,0.06879027767729011,0.06326984162046692,0.04018800432725895,0.09580170728518296,0.00080571065587338
224,0.004819007636537215,0.009520478501451572,0.011828473289682255,0.00765371801097087,0.009077665547895684,0.04087640427010275,0.009758490463987862,0.08765902999333798,0.012198113079984826,0.0044423032490524626,0.008674213745766986,0.20701090876952413,0.004941007829867271,0.04274034186588354,0.04984765915252305,0.39366970146059993,0.07261626400183778,0.0037532655630722546,0.006729993423439903,0.009758490463987862,0.0024244696804938785
225,0.014872555593270071,0.040277682975712506,0.36188052629457623,0.2187693439323134,0.005594122635515625,0.0024906826431782525,0.046410498902055564,0.004610412552266128,0.008674270772867082,0.001371451835167772,0.007831771689721876,0.04396784106510527,0.013474015810274196,0.06856279411444947,0.001852046068004342,0.011030664351720952,0.0021244057838873333,0.01493533240169655,0.006019149721014112,0.05998803847446545,0.06526239238273751
226,0.008076982386070249,0.012375637061590655,0.018563455592385977,0.020359919036810427,0.01618352538823393,0.010882025692088331,0.04508267786722309,0.02717824896340636,0.033218815270585435,0.00548156337335649,0.03155787450705616,0.021764051384176662,0.011908631889455155,0.021764051384176662,0.010346844100674152,0.010179959518405213,0.009420261046882436,0.6349646867760885,0.026298228755880136,0.017532152503920092,0.006860407501533947
227,0.008203156642334574,0.029959354693743667,0.02871104824817101,0.008613314474451305,0.03132114354345929,0.010937542189779433,0.06652484441438729,0.017668337383489857,0.008718802006841225,0.003048960875911967,0.010766643093064132,0.011484419299268408,0.0032812626569338308,0.6974291039843906,0.006348540435582062,0.0062077942158207606,0.004852571534902143,0.007489838673435917,0.01602477111525824,0.017668337383489857,0.004740213135284188
228,0.0702227713151727,0.02106683139455181,0.02808910852606908,0.03830332980827601,0.008102627459443004,0.01170379521919545,0.02856800415727981,0.07638846842483725,0.04213366278910362,0.4230422296896034,0.02539378147313761,0.014528849237621936,0.08108483995838871,0.04213366278910362,0.01198933526445092,0.007141298777814172,0.008777846414396589,0.007949747696057288,0.03241050983777201,0.013166769621594882,0.007802530146130299
229,0.0212080401990953,0.06135551071901833,0.0848321607963812,0.016966432159276238,0.16174224491347824,0.01060402009954765,0.0848321607963812,0.028277386932127065,0.0016966432159276244,0.0848895059096255,0.11043991929423301,0.0848321607963812,0.016966432159276238,0.0848321607963812,0.009425795644042355,0.005302010049773825,0.028277386932127065,0.009425795644042355,0.0065255508304908625,0.0848321607963812,0.0027365213160122966
230,0.2867118794764368,0.06888693489565328,0.09485173347117885,0.01190715708738475,0.025979251827021273,0.00381029026796312,0.0571543540194468,0.0238143141747695,0.012424859569444958,0.010206134646329785,0.016810104123366705,0.03175241889969267,0.005715435401944679,0.009525725669907798,0.007723561353979298,0.016197797631260245,0.06392583912555093,0.20460412717125334,0.02041226929265957,0.021982443853633384,0.005603368041122235
231,0.0029753904019655503,0.04198973540530198,0.006621931402096812,0.0039317717699949815,0.06998289234216996,0.001997090422854594,0.00898690690284567,0.21896430388598015,0.008387779775989297,0.4281648691869604,0.007863543539989963,0.00898690690284567,0.009678207433833802,0.02096944943997324,0.004659877653327386,0.0030686999180448635,0.00898690690284567,0.1260112760522204,0.005032667865593576,0.011372220005602618,0.001367572789563472
232,0.10435573589197579,0.18706731915450478,0.00400953252336629,0.006785362731850645,0.0038352050223503646,0.0069318423599742385,0.1794202109519566,0.035075122341469644,0.005513107219628649,0.021024148793726154,0.006712942074922419,0.00400953252336629,0.08837905285157728,0.040153338707406325,0.002199067231440103,0.12131923325841042,0.0668005891760324,0.08889562687094235,0.022052428878514593,0.00420046264352659,0.001260138793057977
233,0.005402691919513146,0.007896242036211521,0.0071617078933081234,0.008323065930060792,0.0071617078933081234,0.004737745221726912,0.3503375763656688,0.008798669697492838,0.013997883609647694,0.0042602059753286915,0.00962354498163279,0.006843409764716651,0.3098513555177105,0.008798669697492838,0.0037102824025572207,0.004694060648178031,0.2130216843293817,0.0046659612032158996,0.010265114647074976,0.0076988359853062335,0.002749584280466512
234,0.018357884327144355,0.009491151080700483,0.003828723373421435,0.0036272116169255696,0.01993141726947101,0.13828935549845217,0.24621162509346553,0.006891702072158583,0.022146019188301124,0.0022231297006963173,0.008107884790774804,0.07327726937305519,0.006563525783008174,0.007972566907788407,0.13911209700579677,0.046613798452795126,0.00564096715173708,0.1420894357680588,0.011498894578540968,0.007118363310525364,0.08100697765718268
235,0.07496250320284005,0.011016634148399384,0.28420364304224366,0.10727915599339631,0.003138523208532649,0.057981386344125856,0.04082635007936242,0.0033346809090659397,0.039061166202202305,0.011204952680850654,0.0026026777826856106,0.08592974635751519,0.0016168149862137886,0.04626986342327741,0.014164243905084922,0.055178141726034864,0.06554897318297631,0.0411287674873577,0.0026677447272527516,0.0030488511168602875,0.048835179493722104
236,0.053093865533051864,0.060173047604125444,0.043083459635674386,0.047205891983553176,0.022030902824634165,0.029822814044305927,0.07926155640291314,0.0316245603829805,0.07009768771162957,0.10112201201162174,0.07200955511589006,0.058320292921461674,0.059222112699055876,0.03698872632135947,0.023053459866038625,0.06307336731180044,0.07493819878093608,0.03050368988839384,0.010556604232791254,0.033626114837599516,0.0001920798901832959
237,0.045343446229496,0.15135286706069756,0.012969903492168982,0.0032793121196484473,0.03935174543578137,0.01639656059824224,0.036436801329427185,0.07287360265885437,0.025225477843449588,0.07870349087156271,0.0491896817947267,0.010931040398828158,0.12928057394767914,0.1384598450518233,0.009914199431495305,0.08197763338925859,0.07885778743267104,0.01162171375034992,0.003239481030509254,0.003488671879009967,0.0011061642543202333
238,0.01252065210536958,0.08775895607742014,0.0009277410799258379,0.043182834779126426,0.025412740606722183,0.0077795283415168,0.019451727377984875,0.18610399119292503,0.10416569462615831,0.1172661279072803,0.04646801540296387,0.015711010574526247,0.0004270554177436396,0.07898580208030224,0.02669937091706771,0.03070322237393298,0.10380870835393971,0.08405287701863193,0.0006114657117693023,0.00778069095119395,0.00018178710349898175
239,0.01270475653747951,0.01996461741603923,0.01487305138983532,0.014501225105089442,0.012341468174544203,0.08247678014494897,0.045354766849023814,0.012341468174544203,0.011038688628207631,0.004754500034455554,0.014501225105089442,0.5848561660165313,0.007342392458273135,0.01487305138983532,0.0060421771271206015,0.09647214325439801,0.00460356352542522,0.0090632656906809,0.013489511725664595,0.013489511725664595,0.004915669527148963
240,0.11325612075406963,0.04689852876785317,0.002385556755704513,0.002171924807432467,0.0012764821236664497,0.002049562846450356,0.0016726317482525892,0.14690358665103653,0.0021399847367349306,0.006828986872926276,0.08533542387792577,0.002106808386181655,0.0012992764473033506,0.0020788423156853615,0.0009388320135353241,0.026985674960185394,0.3230236189151202,0.22670838697504475,0.003307249138590348,0.002021096695805212,0.0006114242104956944
241,0.01959333783644735,0.010032968381043436,0.007023077866730404,0.1201189520626247,0.005852564888942004,0.020767318822515472,0.1208166998886012,0.007392713543926742,0.3657809197205485,0.0013571164959865518,0.0034681866008545214,0.004131222274547298,0.0014406313572780318,0.28437944339649274,0.0015080137181411716,0.0019374007908221807,0.009905279438381362,0.0030206786523571632,0.003956663586890369,0.006533095689981772,0.000983714986887131
242,0.02065476714905247,0.015075800405456998,0.020911594110795188,0.019644224770746996,0.02818519206237612,0.008529729176771722,0.016622036344478227,0.01800720603985141,0.01620648543586627,0.005540678781492742,0.01620648543586627,0.08016929380213593,0.007905602651642083,0.011576061025618764,0.005540678781492742,0.008423002802519593,0.6533412451274778,0.009675513693054489,0.017059458353543444,0.016622036344478227,0.0041029077052826
243,0.060338240874945284,0.10236694658783822,0.005759466269556419,0.003455679761733851,0.10923302227360784,0.002812762596760111,0.04369320890944314,0.023527112489700144,0.0064730679865841675,0.12151874931767874,0.21320921306314536,0.006047439583034239,0.0017302130088025158,0.06755388696165658,0.026737635302793564,0.016805080349785825,0.09400660098698373,0.0636884062069849,0.004031626388689494,0.026215925345665886,0.0007957157346097683
244,0.006981646210833727,0.011449899785767314,0.009870603263592513,0.020446249617441632,0.023853957887015238,0.009233790149812349,0.4288337828966953,0.01908316630961219,0.011926978943507619,0.009886669961970022,0.011449899785767314,0.013630833078294423,0.28738084439626,0.009233790149812349,0.005021885870950576,0.0051246773456092845,0.03214101460517249,0.006090372226471975,0.057249498928836566,0.01683808792024605,0.004272350666331087
245,0.004854295555825897,0.008193953964647204,0.008193953964647204,0.007983852580938304,0.006919338903479862,0.3134683817508863,0.0074135773965855675,0.011120366094878351,0.005104430338632685,0.003145154047036301,0.006105299032482231,0.007784256266414845,0.005661277284665343,0.01073690519505496,0.010718877705903723,0.0029100023425849887,0.004647317173979012,0.39930094364861374,0.0070765966058316775,0.008896292875902682,0.15976492727100897
246,0.0022748279587724808,0.07626400651962081,0.0021448377896997675,0.003263883593021386,0.14392386871395105,0.0020289006118781585,0.008747126195798803,0.07528822662414789,0.002421591052886834,0.12632656692755284,0.0016682071697664861,0.003127888443312162,0.0020852589622081075,0.004715841949039354,0.0007819721108280402,0.0009877542452564718,0.032855092826960454,0.0714412356443031,0.35668089203022657,0.08228331124875564,0.0006887093820136869
247,0.003912391005532954,0.005236584884328724,0.009725086213753344,0.00694649015268096,0.34325875115804194,0.003066468625958261,0.008509450437034176,0.01134593391604557,0.006188691226933946,0.5453541689805018,0.0058685865082994315,0.009725086213753344,0.004363820736940602,0.00810423851146112,0.002502779540304169,0.002680141869932024,0.004862543106876672,0.003094345613466973,0.006807560349627342,0.0066740787741444525,0.0017728021743821203
248,0.015357298874940781,0.11026860535934045,0.0017043454169766551,0.0023333131703939195,0.01032961174326374,0.0006520973769301986,0.17096382825927187,0.06434122568897331,0.07548282432479231,0.004313786722328892,0.052511545617681225,0.08452479850782904,0.0006520973769301986,0.04005950787316202,0.18127446937903177,0.037993796486824875,0.005680817606025541,0.11789230793942314,0.0011192716171189974,0.022330190092055443,0.00021426056670563665
249,0.004253003841868273,0.13733594768075985,0.006902686117302766,0.005368755869013263,0.004831880282111936,0.002958294050272614,0.00301992517631996,0.02469141437544411,0.04714641788367852,0.3234428671609973,0.2698832077121248,0.0032212535214079575,0.0011596512677068647,0.004026566901759947,0.0014352119649837436,0.001558671058745786,0.14566420882635214,0.002196309219141789,0.005368755869013263,0.004263423778334061,0.001271547442661036
250,0.022703046554758563,0.06566419618914786,0.006784173915000489,0.003857667520294395,0.0030267852851540637,0.014717837076877969,0.008536345504589222,0.013104039151781693,0.19854183884336532,0.004711007452863809,0.00982296902699539,0.17901899088249,0.05257893970217997,0.11603823824389128,0.1490139336722803,0.06595410434009331,0.03191157197977278,0.045339564035363995,0.0050446421419234385,0.0028932506402207965,0.0007368578409551092
251,0.01802716521190938,0.02093477250415282,0.2258068462709881,0.2580990813992246,0.005904306525598963,0.016029108815803425,0.007971616182365807,0.008012987427598593,0.007237537031379373,0.002840046176870387,0.005341991618399061,0.030829590371549278,0.003561327745599374,0.014315690021222153,0.002991515306303474,0.03565812899058998,0.04883086499148266,0.007374749404872019,0.006410389942078872,0.27193687525551774,0.0018854088064937866
252,0.055705570854147804,0.10415097820336573,0.005246937263195476,0.009678134727926873,0.0652374259076027,0.2009427352379908,0.006646120533380938,0.0043344264348136536,0.012914242991921352,0.0013563511292614156,0.013109913340283797,0.005388746378416975,0.002492295200017851,0.022432518382263383,0.09373178533283323,0.014687958464577216,0.0021672132174068268,0.12016561438278692,0.21494420802302952,0.04326271402293653,0.001404109971841043
253,0.001323060035789319,0.008820411057806557,0.1411973767383707,0.1613643823172376,0.002983922633907826,0.0011785240654930069,0.0038956767720463277,0.003506109094841695,0.008950122985127242,0.0014310649366700797,0.0050087272783452775,0.13559529792693525,0.0014458181834398744,0.015027366987374132,0.0013749447430751744,0.006514156790398422,0.04733620601022853,0.008778005235413257,0.003261496832410879,0.4397323806133283,0.0012749487617606165
254,0.01078731558124208,0.014955142055812885,0.011750468758138692,0.010967104174262783,0.011345280180271842,0.0066467298025835045,0.016049420742823586,0.6648375915255678,0.010613326620254306,0.10659170261540564,0.04137876654324753,0.009821287320235328,0.008024710371411793,0.011345280180271842,0.005928164418520424,0.004538112072108737,0.005672640090135921,0.02032328517138945,0.01645065626139417,0.008545795460464505,0.0034272200544571197
255,0.0036187690785927378,0.004744608347488256,0.004965287805510967,0.005671883659258207,0.0037788916041941872,0.4325819561570415,0.005849517140738947,0.005849517140738947,0.0072375381571854755,0.0021786466901731793,0.007362323297826604,0.005474548093255681,0.005849517140738947,0.012939840947695245,0.017211875273434818,0.001967809913704807,0.003558456260616193,0.32780378418455713,0.006778011924983223,0.004591556465311217,0.1299856607169538
256,0.19885369726590083,0.6905661401770188,0.008216082966406222,0.04104964712786103,0.003866391984191162,0.0026646755566722877,0.004024203901913251,0.004381910915416651,0.0034594033542763034,0.0014606369718055503,0.0053293511133445754,0.006360838425604817,0.0020121019509566256,0.003943719823874986,0.0017297016771381521,0.001171725524606005,0.0018043121125291145,0.009204483807633453,0.004286651982472811,0.004381910915416651,0.0012324124449609331
257,0.012568860891389338,0.0406070890337194,0.01955156138660564,0.02199550655993134,0.009523761679419585,0.009426645668542002,0.02111568629753409,0.08508341869147173,0.029327342079908454,0.007763119962328709,0.037706582674168015,0.02513772178277868,0.013891898879956637,0.0406070890337194,0.008248314959974253,0.007763119962328709,0.011997549032689825,0.5302924838808875,0.03299325983989701,0.02513772178277868,0.00926126591997109
258,0.5608321712994911,0.014646731548882672,0.1091278473859652,0.014646731548882672,0.011131515977150829,0.007521294579155965,0.01919226892612212,0.01427117432968055,0.025298899948070067,0.0068713061587350795,0.023190658285730893,0.009433488116229516,0.006705732516355921,0.016369876436986515,0.007951082840822021,0.06883434196317681,0.01956239274981737,0.024641626190771,0.01987770710205505,0.01427117432968055,0.005621977766237791
259,0.0034179903473493985,0.0069727003085927755,0.008300833700705685,0.008715875385740968,0.0058105835904939795,0.004150416850352842,0.003169409231178534,0.2521944264380227,0.003557500157445293,0.17526837691573954,0.4635601770945989,0.005447422116088106,0.004391315386501655,0.0026017538464898414,0.0016291355861198073,0.0021002109363231253,0.0027669445669018947,0.03419585443227425,0.004842152992078316,0.0058105835904939795,0.001096336526508298
260,0.004810770539011155,0.00984021246615918,0.21718663850207148,0.004984848717570788,0.010308794012166764,0.004317359237355706,0.013530292140968875,0.01665266725042323,0.02706058428193775,0.003608077904258367,0.012734392603264824,0.014432311617033467,0.00984021246615918,0.030926382036500288,0.007216155808516732,0.004810770539011155,0.00555088908347441,0.004418054576642899,0.012734392603264824,0.5819435554105589,0.0030926382036500287
261,0.007352794219307755,0.4347645030140073,0.01069497340990219,0.032720830184791924,0.07237389023588471,0.006191826710996005,0.009803725625743675,0.014705588438615507,0.00784298050059494,0.02835805282681967,0.19335036018286136,0.005602128928996384,0.004901862812871837,0.023631710689016386,0.0042015966967472885,0.00500436226355641,0.0036763971096538768,0.005882235375446202,0.006920276912289651,0.11794891293729651,0.004070990924600504
262,0.007490025050751241,0.007866401200882297,0.010350527895897757,0.02185111444689527,0.00983300150110287,0.010925557223447634,0.3154336329497945,0.02185111444689527,0.012291251876378589,0.0072862475634551,0.01512769461708134,0.009364763334383687,0.19718288200497372,0.01404714500157553,0.003856079020040342,0.014468075598577792,0.28167507909302714,0.004916500750551435,0.017878184547459763,0.012291251876378589,0.004013470000450152
263,0.1620776598411164,0.3767022638938464,0.003928920609391765,0.053728549121256845,0.0027302668641535992,0.032132498009093985,0.004474604027362844,0.004474604027362844,0.0031585440193149486,0.00490443390665119,0.004239098552238483,0.02912007632074143,0.08393433763037235,0.13673774968000324,0.0017898416109451373,0.0816243446981098,0.002539640308737764,0.0015489013940871382,0.0037461801159316822,0.005196314354356851,0.001211171014925281
264,0.005483746638405973,0.023622293211594966,0.012283592470029383,0.010833894301590583,0.01395862780685157,0.30876820916303366,0.02559081764589455,0.01919311323442091,0.008530272548631515,0.0034121090194526057,0.00930575187123438,0.012283592470029383,0.006979313903425785,0.010589303853473604,0.0028970736957616462,0.0046528759356171895,0.0046528759356171895,0.16586356419596887,0.3282640886610911,0.020472654116715637,0.002362229321159496
265,0.00929221819991051,0.01734547397316628,0.02001400843057648,0.05203642191949884,0.013009105479874715,0.01000700421528824,0.02001400843057648,0.010776793360251606,0.023652919054317652,0.01040728438389977,0.01626138184984339,0.010231933691738691,0.0072272808221526185,0.023652919054317652,0.00684689762098669,0.4080142756004345,0.26078813782584515,0.01626138184984339,0.02168184246645785,0.03716887279964204,0.005309838971377434
266,0.013943851700875512,0.022409761662121365,0.02852151484269992,0.012066794741142275,0.015304227476570688,0.013072360969570797,0.03137366632696992,0.027281448979973838,0.015304227476570688,0.006971925850437756,0.01695873855511887,0.02987968221616182,0.01867140988068815,0.02323975283479253,0.009507171614233307,0.6313642519110731,0.008714907313047197,0.012549466530787964,0.016512455961563113,0.019014343228466613,0.02733803992713456
267,0.0047445378432116655,0.006042682093564056,0.006602189694819987,0.007585494542984666,0.006856120067697679,0.3587683845282583,0.009903284542229981,0.010803583136978162,0.009635628203250793,0.00424426480381285,0.009635628203250793,0.010186235529150838,0.010186235529150838,0.013712240135395362,0.006949735278203025,0.0039613138168919934,0.007427463406672484,0.31052925004739473,0.013712240135395362,0.007427463406672484,0.1810860250550138
268,0.009115495723605076,0.010585736969347831,0.018230991447210153,0.01930340270881075,0.01744939529217701,0.017271465581567513,0.014916265729535583,0.029832531459071165,0.014916265729535583,0.004687969229282612,0.020509865378111423,0.018230991447210153,0.0052928684846739165,0.020509865378111423,0.0071338662184735405,0.32945633310562306,0.006076997149070051,0.011315787794820094,0.016407892302489138,0.40526497195585065,0.0034910409154232207
269,0.003681618692403351,0.009291704318922744,0.010840321705409866,0.013937556478384112,0.015009676207490585,0.00464585215946137,0.005575022591353646,0.009756289534868881,0.005420160852704933,0.003613440568469955,0.007805031627895104,0.007805031627895104,0.19582910716405943,0.3388666012346307,0.0031987834540553703,0.003484389119596028,0.33760972110934556,0.004434677061304036,0.006968778239192056,0.009756289534868881,0.002469946717688324
270,0.016571320203733544,0.03470857257531722,0.03498389820788193,0.02421962183622595,0.01967844274193358,0.007322211252812496,0.06297101677418747,0.31590047762029405,0.013689351472649448,0.016836247891012082,0.012594203354837493,0.015742754193546867,0.00954106314760416,0.031485508387093734,0.007496549615974698,0.006425613956549742,0.007871377096773434,0.2848097798738323,0.01967844274193358,0.05247584731182289,0.0049976997439831325
271,0.003321387428241005,0.004476652620672659,0.004476652620672659,0.007920231559651629,0.005148150513773559,0.0038134448250174507,0.007920231559651629,0.6670045808357975,0.006435188142216948,0.10316732699082067,0.1187799373361232,0.005720167237526177,0.004903000489308151,0.007423746083507703,0.0019067224125087253,0.0025740752568867795,0.008248606759453003,0.018559365208769253,0.005720167237526177,0.009360273661406468,0.0031200912204688235
272,0.007859106395617092,0.010344511493573195,0.1035101278215484,0.03058768196450118,0.010344511493573195,0.020557611248418185,0.01724085248928866,0.00608500676092541,0.011493901659525773,0.006896340995715463,0.020689022987146397,0.20372726778716863,0.00862042624464433,0.011493901659525773,0.004925957854082473,0.003831300553175258,0.007388936781123711,0.0034481704978577316,0.009404101357793813,0.4961067822213357,0.005444479733459576
273,0.0798679467968017,0.10619560792926543,0.016814304588800347,0.020765966390115867,0.025221456883200537,0.037168462775242904,0.11433727120384242,0.06060509663012572,0.1401930926926526,0.027514316599855128,0.018916092662400404,0.05073731420817879,0.036685755466473506,0.05044291376640107,0.077144269631774,0.07337151093294701,0.011810518816348932,0.018107712634092697,0.008743478926737736,0.021239121585853084,0.004117788878889883
274,0.06608957525520363,0.0803606210910382,0.006684171927101806,0.0072285472935379,0.05001501942416454,0.01658263100921443,0.05782837834830318,0.04762337040448497,0.01927612611610106,0.10777106874001954,0.1317201951266906,0.0743507721621041,0.021934902132115,0.05059983105476529,0.030869912476954666,0.07454675179137864,0.01971421989146699,0.09638063058050532,0.011621897052046583,0.02793890432575831,0.0008624737970453942
275,0.13806121168993965,0.012390108741404839,0.02451180743305848,0.03512068505502155,0.007460115305713451,0.17194663925684633,0.02859710867190156,0.015598422911946304,0.007799211455973152,0.0038996057279865773,0.011438843468760623,0.04765426439001861,0.008170602477686159,0.05310046603459217,0.014291849631999497,0.05850884683441175,0.00885007767243203,0.14742011753525852,0.013198665540877641,0.011438843468760623,0.18054250669541044
276,0.02166189232287443,0.03395280928350223,0.005461716682909034,0.0042669661585226825,0.0039012262020778807,0.004137664153718965,0.06081547309897899,0.5311739002280059,0.009846108717553894,0.010644664532125023,0.027569681138203808,0.06477838613299769,0.0022384084766020633,0.041772244148793665,0.137131681677176,0.025445532350669646,0.0016857150255892078,0.0031032481152892238,0.005461716682909034,0.003413572926818147,0.0015373919446825253
277,0.006184638646158635,0.2452493851038759,0.028346260461560416,0.012598337982915741,0.0242967946813375,0.008503878138468125,0.02616577888759423,0.12262469255193796,0.020009125031689706,0.026220123302668027,0.012598337982915741,0.028346260461560416,0.007910584314854068,0.013606205021548998,0.006669708343896567,0.0048593589362674995,0.01672154898435517,0.34154348882918967,0.022677008369248332,0.020009125031689706,0.0048593589362674995
278,0.01670371012176788,0.037516916177874726,0.031180258893966712,0.027511993141735337,0.02125926742770458,0.012307996931828968,0.024615993863657933,0.46983630558649003,0.015087222045467764,0.18560812191794138,0.013308703973736232,0.01670371012176788,0.013755996570867669,0.024615993863657933,0.00677831715086233,0.00779506472349168,0.008063860058784497,0.019172736845704787,0.025983549078305593,0.01732236605220373,0.004871915452182299
279,0.005812358779201181,0.009964016188158798,0.015942425901054075,0.007246557227751854,0.008246082362614178,0.23996720246389144,0.013285354917545063,0.012586125711358483,0.009565455540632446,0.0037958156907271605,0.009964016188158798,0.011387447072181485,0.0056937235360907425,0.014946024282238197,0.0032253512082688392,0.0032315728177812315,0.008540585304136112,0.3682166713062928,0.011956819425790558,0.011956819425790558,0.2244695746503361
280,0.010107164813899583,0.027564994946998867,0.022460366253110188,0.027564994946998867,0.01956225447851533,0.009781127239257663,0.016778582741209087,0.09617687229385126,0.016389996995512843,0.6103997966053305,0.016845274689832643,0.020214329627799173,0.006004256325088863,0.012376120180285206,0.005667569054523132,0.006125554432666415,0.008918086600499635,0.012376120180285206,0.027564994946998867,0.02165821031549911,0.005463332331837613
281,0.015105859205221133,0.02769407520957207,0.019548758971462642,0.02889816543607521,0.014449082718037605,0.013847037604786035,0.02461695574184184,0.023737778751061776,0.019548758971462642,0.009632721812025069,0.017490994869203413,0.017042507821275123,0.02014114560696151,0.017042507821275123,0.007303931923403625,0.005538815041914415,0.012084687364176904,0.009231358403190691,0.023737778751061776,0.6691003830074487,0.004206694968542593
282,0.004041081203958871,0.5666703555881688,0.006967381386135986,0.02245045113310484,0.013470270679862907,0.202582908394014,0.01836855092708578,0.01122522556655242,0.01188553295282021,0.004810810957093894,0.02886486574256337,0.01836855092708578,0.007216216435640842,0.02020540601979436,0.005317212110472199,0.006076116473188093,0.004698931632510315,0.017838137336330745,0.01554262001522643,0.008082162407917743,0.005317212110472199
283,0.02081678563510694,0.021467310186204028,0.019082053498848027,0.02747815703834116,0.017173848148963226,0.017173848148963226,0.012490071381064165,0.0132106524222794,0.013469684822716254,0.00903886744682275,0.02453406878423317,0.6914995480232623,0.014616040977841041,0.020204527234074378,0.009955853999398969,0.008178022928077724,0.009541026749424013,0.011844033206181534,0.02081678563510694,0.01025304367102282,0.007155770062068009
284,0.0035420897058333484,0.011806965686111162,0.016529751960555627,0.007314080880933229,0.011806965686111162,0.2490191326074149,0.017710448529166745,0.019072790723718026,0.0077483212315104496,0.0038741606157552248,0.010780273017753668,0.010780273017753668,0.006887396650231511,0.011806965686111162,0.010496767416158891,0.004349934726462006,0.004861691753104596,0.22529624273777205,0.35162263451371517,0.01239731397041672,0.0022957988834105035
285,0.031760645216664864,0.029619003188946356,0.020505463746193636,0.020505463746193636,0.010086592745570255,0.013328551435025864,0.03554280382673563,0.09050711309475774,0.0313612974941785,0.007957344140313946,0.01904078776432266,0.024233729881865205,0.01269385850954844,0.029619003188946356,0.007726696484072963,0.010453765831392833,0.013670309164129089,0.5355412507172282,0.020505463746193636,0.024233729881865205,0.011107126195854883
286,0.015762703110312203,0.016684274173747224,0.017174988120033905,0.015367094633714547,0.01459873990202882,0.009418541872276658,0.02245959984927511,0.14061266964657854,0.016684274173747224,0.0049788795498947455,0.012655305310605389,0.032441644226730716,0.007891210757853416,0.020136192968315612,0.008110411056682679,0.006561231416642166,0.007583760988066921,0.5878635218632874,0.015367094633714547,0.021627762817820473,0.006020098928671678
287,0.05637380067866567,0.10655560033939165,0.0014221370867183905,0.0052730595872901576,0.001347287766364791,0.024969488045697496,0.022146850266618653,0.05122653094917912,0.012303805703677029,0.030759514259192586,0.06011287929510778,0.12115911062154229,0.01951032047297357,0.06543387578773695,0.10318418874220055,0.041728411958438516,0.07809345299777601,0.026912593124204673,0.07382283422206219,0.09702429640613887,0.0006399616890232758
288,0.021116127004927102,0.0029355164118006222,0.004136409489355421,0.004658542175087576,0.002068204744677711,0.10993793107327128,0.06822133340053371,0.0027576063262369477,0.0912438082699387,0.0016250180136753445,0.003250036027350688,0.27236054499415674,0.17633818340956667,0.013155780235097034,0.056888970745531856,0.1518654790657384,0.006966605097872919,0.0017843335052121433,0.003250036027350688,0.004789526777148383,0.0006500072054701377
289,0.013889689058618425,0.023505627637661942,0.023505627637661942,0.047011255275323884,0.017461323387977446,0.06053167689496468,0.010018792107855912,0.012188065168903523,0.016082797857347647,0.007639328982240131,0.016976286627200295,0.6152176208332728,0.0073632086575808504,0.030557315928960525,0.007639328982240131,0.030141129161170257,0.0065015565806298995,0.010913327117485905,0.026571579068661328,0.009259792705745616,0.007024670328496673
290,0.005807850673703981,0.011470505080565364,0.011470505080565364,0.011764620595451655,0.009558754233804471,0.46190870183699906,0.015294006774087153,0.016993340860096837,0.013494711859488666,0.005213865945711529,0.014338131350706705,0.015821386318021192,0.006747355929744333,0.013494711859488666,0.004442242631477597,0.0053978847437954666,0.005807850673703981,0.07998526133953615,0.013109148663503274,0.022941010161130728,0.2549381533884178
291,0.07241459933993205,0.01579771907378724,0.010559204157296182,0.057804636315208935,0.014156237464949126,0.04148106792054859,0.006863482702242517,0.02976659758597186,0.003709990649860821,0.0019609950577835766,0.06606244150309593,0.01887498328659883,0.0034317413511212587,0.3489820279402675,0.021220568794421905,0.13777441879755328,0.13047332196861441,0.005716942053152532,0.005279602078648091,0.006239529729311379,0.001429892229633858
292,0.007584683997787691,0.012219768663102391,0.010997791796792153,0.01691967968737254,0.3594470889544202,0.00999799254253832,0.03481099919035067,0.00999799254253832,0.010997791796792153,0.003999197017015329,0.01157662294399174,0.012219768663102391,0.007855565569137251,0.013747239745990191,0.005944752322590352,0.0054988958983960765,0.014663722395722872,0.008146512442068262,0.21995583593584306,0.22063384680665243,0.002784251087795482
293,0.009602430691288483,0.015581180679025003,0.013633533094146881,0.01636023971297626,0.006415963821783041,0.005842942754634376,0.011685885509268756,0.45796422768686595,0.014872945193614777,0.005033919911685001,0.020450299641220318,0.020450299641220318,0.010225149820610159,0.013633533094146881,0.004742098467529349,0.005453413237658751,0.0077905903395125015,0.32866118719650483,0.012118696083686117,0.014872945193614777,0.004608518229007395
294,0.015442208218120824,0.016350573407422048,0.024170412863145634,0.03088441643624164,0.023163312327181235,0.04247962725819715,0.02526906799328862,0.031142766487089107,0.02058961095749443,0.009113434358235238,0.017932886962979018,0.047815255689402834,0.02058961095749443,0.026472356945349978,0.009894545635025747,0.5585852977576719,0.009422364336480502,0.009584818894006027,0.024170412863145634,0.03088441643624164,0.006042603215786408
295,0.4729681131909576,0.019598799478429435,0.1594687274311396,0.016219696120079532,0.022398627975347928,0.00603039983951675,0.029398199217644153,0.023518559374115327,0.020450921194882888,0.008252126096180814,0.029398199217644153,0.0361823990371005,0.006189094572135611,0.014253672347948682,0.008109848060039766,0.06660179998839813,0.011399833570402595,0.006719588392604377,0.022398627975347928,0.014253672347948682,0.006189094572135611
296,0.01414203373238313,0.02378432945900799,0.03270345300613599,0.020930209923927034,0.024916916576103613,0.01276232312434575,0.030779720476363275,0.5255405201757007,0.040250403699859674,0.009513731783603197,0.024749266676127687,0.021802302004090657,0.012168726699957578,0.01687920155155406,0.008175863251533999,0.009021642208589238,0.07543857680199292,0.034290262182724046,0.027539749899903987,0.027539749899903987,0.007071016866191565
297,0.00999205614523515,0.03978960482227648,0.018406419214906856,0.031792905916657295,0.016653426908725247,0.007602651414852832,0.023314797672215348,0.04785147675045961,0.017486098254161513,0.007602651414852832,0.019428998060179458,0.07735334277989511,0.00999205614523515,0.021857622817701892,0.008529804026420252,0.24263078922712666,0.3509197417015043,0.00713718296088225,0.016653426908725247,0.018406419214906856,0.006598527643079816
