site,A,C,D,E,F,G,H,I,K,L,M,N,P,Q,R,S,T,V,W,Y,*
207,0.00341,0.04444,0.00556,0.00447,0.00403,0.00259,0.00539,0.09641,0.00416,0.67442,0.00511,0.00512,0.00284,0.00407,0.00181,0.00201,0.01342,0.11004,0.00456,0.00518,0.00098
208,0.04183,0.25145,0.00223,0.00155,0.00155,0.00072,0.00201,0.14058,0.00172,0.11469,0.06953,0.00186,0.00095,0.00170,0.00059,0.00065,0.02052,0.34225,0.00149,0.00174,0.00037
209,0.13971,0.18615,0.00604,0.00393,0.00585,0.00308,0.00353,0.00670,0.00282,0.00209,0.00392,0.00550,0.00457,0.00282,0.00171,0.29782,0.29025,0.01877,0.00855,0.00534,0.00084
210,0.00550,0.01385,0.01341,0.00741,0.00865,0.00483,0.01498,0.00723,0.00627,0.00327,0.00747,0.00826,0.00534,0.00923,0.00411,0.00286,0.00386,0.00460,0.00892,0.85854,0.00141
211,0.16954,0.10570,0.02572,0.01258,0.01382,0.11148,0.04435,0.01959,0.00301,0.03445,0.07323,0.15501,0.00098,0.05602,0.00779,0.06657,0.01690,0.06472,0.00621,0.01186,0.00047
212,0.00405,0.00851,0.01432,0.00774,0.00988,0.86550,0.01183,0.01001,0.00587,0.00359,0.00755,0.01014,0.00466,0.00628,0.00309,0.00323,0.00371,0.00343,0.00462,0.01020,0.00178
213,0.06417,0.03868,0.00138,0.00107,0.03004,0.40850,0.04240,0.00157,0.01428,0.01862,0.01618,0.02379,0.13974,0.01072,0.03039,0.03171,0.02691,0.00293,0.01007,0.08656,0.00029
214,0.00313,0.00361,0.00628,0.00510,0.00606,0.00682,0.00620,0.00592,0.00397,0.00217,0.00429,0.00584,0.00348,0.00475,0.00160,0.00181,0.00248,0.00304,0.91478,0.00703,0.00165
215,0.01395,0.02122,0.00600,0.00304,0.00402,0.01733,0.00414,0.00377,0.36682,0.00383,0.06028,0.00271,0.00177,0.04876,0.38435,0.02637,0.01226,0.01054,0.00338,0.00450,0.00097
216,0.00409,0.17995,0.00514,0.00352,0.00262,0.00200,0.00489,0.00574,0.00354,0.41756,0.34496,0.00494,0.00273,0.00425,0.00154,0.00123,0.00274,0.00195,0.00244,0.00358,0.00058
217,0.01901,0.00749,0.44049,0.26048,0.02695,0.00851,0.02622,0.00798,0.00780,0.00429,0.01299,0.00690,0.00426,0.01494,0.00789,0.02962,0.00748,0.00345,0.09684,0.00471,0.00168
218,0.47405,0.03098,0.00775,0.00423,0.00600,0.03874,0.03974,0.00691,0.00642,0.00214,0.00640,0.00491,0.00342,0.01892,0.01630,0.12330,0.14481,0.03800,0.00768,0.01762,0.00167
219,0.03034,0.06499,0.01237,0.05682,0.03682,0.00228,0.04325,0.09112,0.05610,0.07822,0.09465,0.06162,0.00019,0.08867,0.06928,0.02743,0.05624,0.07691,0.03394,0.01860,0.00014
220,0.00855,0.00694,0.00981,0.02260,0.01015,0.00496,0.01041,0.01120,0.00857,0.00298,0.01028,0.00817,0.00771,0.01235,0.00617,0.00408,0.00520,0.00615,0.76152,0.07944,0.00278
221,0.00863,0.01977,0.74827,0.01097,0.01269,0.00940,0.01032,0.01388,0.02206,0.00784,0.02006,0.01037,0.00823,0.02826,0.00702,0.00546,0.00832,0.00681,0.03041,0.00660,0.00462
222,0.00102,0.00851,0.00181,0.00461,0.16146,0.10995,0.13632,0.00238,0.03566,0.00482,0.24528,0.05008,0.00165,0.05879,0.01922,0.03424,0.02943,0.00074,0.00164,0.09200,0.00039
223,0.07750,0.11770,0.03197,0.04773,0.08494,0.02893,0.06858,0.05543,0.00172,0.08044,0.06124,0.02659,0.00129,0.02867,0.00057,0.04018,0.06266,0.05418,0.06206,0.06698,0.00063
224,0.01699,0.00458,0.00761,0.03798,0.00649,0.03024,0.01257,0.00326,0.00648,0.00226,0.00651,0.30343,0.00397,0.06035,0.00191,0.32219,0.15653,0.00300,0.00597,0.00601,0.00169
225,0.02681,0.05329,0.00714,0.55664,0.00960,0.00531,0.06509,0.00914,0.02243,0.00306,0.00826,0.01402,0.03097,0.07398,0.00434,0.02536,0.00909,0.02993,0.01247,0.03161,0.00144
226,0.01675,0.01604,0.01388,0.01608,0.01315,0.00941,0.02583,0.02238,0.03454,0.00608,0.01632,0.02223,0.01254,0.02189,0.00770,0.00764,0.00890,0.68351,0.02216,0.01713,0.00585
227,0.00843,0.02332,0.02555,0.00814,0.02322,0.01088,0.00557,0.01736,0.00474,0.00323,0.00930,0.01180,0.00363,0.77431,0.01427,0.00511,0.00506,0.00838,0.01584,0.01887,0.00299
228,0.04985,0.01730,0.02328,0.04129,0.03246,0.01671,0.01961,0.02826,0.02786,0.50992,0.07264,0.01199,0.01016,0.04429,0.00866,0.00788,0.01314,0.00851,0.02848,0.01877,0.00895
229,0.02828,0.01645,0.05915,0.05695,0.01484,0.01264,0.11952,0.02892,0.00180,0.15088,0.13698,0.08557,0.01834,0.07222,0.01301,0.01800,0.02127,0.01179,0.02163,0.10683,0.00493
230,0.34712,0.10539,0.00768,0.01192,0.02221,0.00468,0.03867,0.02933,0.01340,0.00892,0.01842,0.01987,0.00670,0.01351,0.00666,0.00498,0.03909,0.25873,0.01721,0.01993,0.00560
231,0.01332,0.07848,0.00532,0.00426,0.03708,0.00229,0.01302,0.22902,0.00778,0.37583,0.01516,0.00944,0.00847,0.01709,0.00339,0.00362,0.00623,0.13946,0.00634,0.02341,0.00099
232,0.14885,0.10177,0.00325,0.01010,0.00482,0.01231,0.00148,0.07824,0.00407,0.05045,0.04857,0.00305,0.10089,0.11445,0.00164,0.12409,0.07461,0.10374,0.00842,0.00404,0.00116
233,0.00951,0.01720,0.01746,0.01766,0.01202,0.00957,0.01206,0.01524,0.01892,0.01969,0.02243,0.01468,0.72393,0.02079,0.00688,0.00537,0.00747,0.01048,0.01785,0.01567,0.00514
234,0.07430,0.02904,0.00648,0.00478,0.01255,0.20398,0.09653,0.00624,0.07270,0.00274,0.00692,0.12726,0.00704,0.01202,0.21441,0.05322,0.00734,0.00233,0.04381,0.01491,0.00139
235,0.09114,0.02621,0.21233,0.14723,0.00337,0.09322,0.04568,0.00374,0.05929,0.01120,0.01152,0.07559,0.00251,0.05718,0.01559,0.06397,0.03828,0.03486,0.00381,0.00292,0.00036
236,0.06465,0.09712,0.03129,0.02863,0.03132,0.04315,0.06767,0.04360,0.05178,0.05501,0.03849,0.08750,0.05027,0.04910,0.02262,0.04598,0.07008,0.05295,0.00664,0.06197,0.00018
237,0.06030,0.11028,0.00251,0.00508,0.02601,0.02247,0.03922,0.04195,0.07098,0.04162,0.03176,0.01837,0.17554,0.09094,0.01162,0.04107,0.13688,0.02281,0.00357,0.04599,0.00104
238,0.01436,0.07474,0.00061,0.05955,0.05505,0.01231,0.02459,0.11836,0.10345,0.10455,0.04984,0.02660,0.00033,0.07348,0.02557,0.04682,0.09853,0.10698,0.00055,0.00358,0.00014
239,0.03465,0.08935,0.01072,0.00930,0.00814,0.02928,0.10475,0.00780,0.00776,0.00336,0.01006,0.44973,0.00446,0.01028,0.00420,0.18042,0.00336,0.00581,0.01085,0.01257,0.00314
240,0.09101,0.06103,0.00191,0.00308,0.00122,0.00141,0.00192,0.14609,0.00369,0.02159,0.05002,0.00136,0.00122,0.00215,0.00084,0.01553,0.31038,0.28044,0.00337,0.00125,0.00049
241,0.03003,0.02538,0.01083,0.17693,0.01362,0.01289,0.00453,0.01015,0.00378,0.00276,0.02211,0.00869,0.00266,0.62662,0.00650,0.01311,0.00314,0.00533,0.00915,0.00989,0.00191
242,0.02207,0.01933,0.01591,0.02278,0.03204,0.00776,0.01861,0.01576,0.01100,0.00590,0.01222,0.01412,0.00793,0.01530,0.00518,0.00573,0.71883,0.00915,0.01758,0.01930,0.00349
243,0.04332,0.06862,0.00767,0.00354,0.07170,0.00318,0.04642,0.10267,0.02523,0.15223,0.04616,0.02500,0.00144,0.09529,0.02494,0.02704,0.11916,0.03956,0.00630,0.08978,0.00074
244,0.01406,0.03146,0.01960,0.02534,0.02790,0.01393,0.01086,0.02226,0.02151,0.01390,0.02948,0.03058,0.59257,0.01913,0.00833,0.03306,0.00827,0.01492,0.03007,0.02652,0.00625
245,0.00833,0.01656,0.01945,0.01520,0.01502,0.73522,0.02035,0.01949,0.01187,0.00604,0.01654,0.01776,0.01193,0.02128,0.00676,0.00637,0.00775,0.00613,0.01486,0.02023,0.00288
246,0.00465,0.09786,0.00294,0.00436,0.11554,0.00176,0.00334,0.08761,0.00242,0.08127,0.00264,0.00237,0.00139,0.01165,0.00186,0.00133,0.06640,0.15577,0.27774,0.07656,0.00054
247,0.00783,0.01118,0.01490,0.01349,0.78555,0.00620,0.01622,0.01373,0.01158,0.00444,0.01956,0.01522,0.00887,0.01392,0.00507,0.00683,0.00780,0.00672,0.01118,0.01649,0.00323
248,0.01620,0.10840,0.00158,0.00319,0.00878,0.00072,0.15347,0.09887,0.09340,0.00608,0.08996,0.00088,0.00073,0.02293,0.19394,0.04096,0.00673,0.12948,0.00128,0.02223,0.00020
249,0.00194,0.10034,0.00456,0.00560,0.00347,0.00207,0.00261,0.00886,0.01688,0.36037,0.32663,0.00272,0.00099,0.00423,0.00125,0.00113,0.14470,0.00228,0.00475,0.00348,0.00116
250,0.04221,0.07302,0.00748,0.00436,0.00346,0.01489,0.00696,0.03136,0.24842,0.00243,0.02875,0.00235,0.09013,0.12882,0.15017,0.05167,0.03937,0.06625,0.00343,0.00377,0.00070
251,0.02524,0.02994,0.31423,0.23856,0.01446,0.01975,0.03454,0.00802,0.00589,0.00246,0.00993,0.10538,0.00403,0.04937,0.00285,0.05948,0.05667,0.00412,0.00674,0.00644,0.00189
252,0.08830,0.10509,0.00543,0.01834,0.11497,0.25472,0.01045,0.00536,0.04810,0.00392,0.03841,0.00587,0.00327,0.05565,0.18148,0.00473,0.01628,0.00167,0.00261,0.03421,0.00115
253,0.00470,0.05304,0.29565,0.31211,0.00536,0.00256,0.00696,0.02679,0.00742,0.00279,0.01892,0.06515,0.00341,0.05209,0.00223,0.03934,0.08364,0.00355,0.00586,0.00596,0.00248
254,0.00676,0.00995,0.00971,0.01132,0.00933,0.00545,0.00877,0.61176,0.00848,0.18390,0.05165,0.00816,0.00650,0.00905,0.00443,0.00361,0.02288,0.00713,0.01132,0.00712,0.00272
255,0.00510,0.00906,0.00881,0.00968,0.00658,0.84124,0.01033,0.00843,0.01203,0.00330,0.01111,0.00849,0.01168,0.01663,0.00438,0.00345,0.00634,0.00415,0.00862,0.00830,0.00227
256,0.20849,0.73415,0.00662,0.00315,0.00354,0.00221,0.00336,0.00407,0.00387,0.00132,0.00388,0.00401,0.00158,0.00240,0.00156,0.00108,0.00208,0.00235,0.00529,0.00394,0.00104
257,0.01019,0.02156,0.01891,0.02248,0.01595,0.00959,0.01921,0.02498,0.04047,0.00723,0.03415,0.02015,0.01427,0.03705,0.01057,0.00723,0.01289,0.60720,0.03072,0.02561,0.00958
258,0.69536,0.01757,0.04552,0.01796,0.01437,0.00645,0.02224,0.01745,0.02055,0.00670,0.01979,0.01811,0.00699,0.02164,0.00726,0.00438,0.00653,0.00989,0.01985,0.01510,0.00626
259,0.00443,0.01004,0.01218,0.00844,0.00990,0.00744,0.00626,0.52945,0.00780,0.30183,0.00612,0.00923,0.00500,0.00714,0.00247,0.00276,0.00471,0.04743,0.00757,0.00822,0.00159
260,0.00996,0.01887,0.56477,0.01246,0.01892,0.00908,0.03326,0.03073,0.03198,0.00925,0.02927,0.03001,0.02161,0.08222,0.01685,0.00977,0.01371,0.01006,0.02106,0.01944,0.00672
261,0.01270,0.31702,0.00860,0.20125,0.07548,0.00572,0.00455,0.00408,0.00536,0.09320,0.06536,0.00851,0.00473,0.04580,0.00550,0.00731,0.00316,0.00324,0.02416,0.10353,0.00077
262,0.01315,0.04064,0.02541,0.03271,0.02557,0.01557,0.00935,0.02235,0.04182,0.01907,0.02188,0.02388,0.56029,0.03761,0.00885,0.02258,0.00903,0.01300,0.02485,0.02390,0.00851
263,0.18082,0.38846,0.00286,0.00437,0.00291,0.04356,0.00588,0.00393,0.00422,0.00278,0.01745,0.03406,0.15535,0.06550,0.00187,0.07271,0.00208,0.00142,0.00484,0.00379,0.00112
264,0.00856,0.02485,0.03036,0.01496,0.02149,0.64775,0.04144,0.02960,0.01463,0.00575,0.01779,0.03520,0.01058,0.01369,0.00495,0.00890,0.01055,0.00596,0.00870,0.04007,0.00422
265,0.00886,0.02786,0.03294,0.03044,0.01883,0.01232,0.02061,0.02102,0.01568,0.00649,0.01376,0.01210,0.00683,0.03590,0.00636,0.36034,0.27929,0.01698,0.02903,0.03427,0.01010
266,0.01378,0.01726,0.01643,0.01478,0.01368,0.01171,0.02377,0.01999,0.01780,0.03082,0.02319,0.01843,0.01523,0.02440,0.00879,0.66699,0.02343,0.00899,0.01329,0.01460,0.00266
267,0.00737,0.01186,0.01149,0.01775,0.01303,0.71603,0.01421,0.01508,0.02333,0.00561,0.02506,0.01508,0.01324,0.02639,0.01795,0.00640,0.01224,0.00537,0.02221,0.01688,0.00342
268,0.01147,0.01583,0.01970,0.02867,0.02237,0.03107,0.01581,0.02682,0.06256,0.00726,0.03424,0.02685,0.01666,0.03349,0.01026,0.57792,0.00824,0.01450,0.01981,0.01076,0.00570
269,0.01209,0.02343,0.03109,0.02563,0.02723,0.01225,0.02095,0.03074,0.02377,0.01069,0.03097,0.02564,0.62180,0.01116,0.01012,0.00993,0.00847,0.01111,0.02715,0.01943,0.00634
270,0.01393,0.02224,0.04039,0.02380,0.02205,0.00905,0.04353,0.37380,0.01910,0.02345,0.01393,0.01709,0.00962,0.03083,0.00737,0.00728,0.00831,0.24955,0.01728,0.04180,0.00558
271,0.01299,0.01107,0.03499,0.01817,0.01247,0.00899,0.01434,0.02007,0.02553,0.37477,0.13025,0.03749,0.03582,0.04270,0.00771,0.00708,0.01411,0.14661,0.02161,0.01739,0.00584
272,0.01615,0.04824,0.33951,0.02056,0.01715,0.08466,0.02496,0.02247,0.04183,0.01413,0.02788,0.13148,0.02247,0.03229,0.01061,0.03413,0.01808,0.01370,0.04625,0.02365,0.00980
273,0.05915,0.06243,0.01231,0.03489,0.02267,0.03880,0.06267,0.01952,0.15902,0.02570,0.02879,0.01793,0.08160,0.09032,0.09154,0.05444,0.02603,0.07249,0.01345,0.02387,0.00236
274,0.05737,0.06851,0.00866,0.00395,0.05260,0.03413,0.03267,0.11005,0.00765,0.12844,0.15318,0.06646,0.00173,0.08392,0.02595,0.05051,0.04379,0.04433,0.00930,0.01622,0.00058
275,0.14066,0.07090,0.05028,0.11572,0.01281,0.20293,0.08760,0.01480,0.01197,0.00420,0.00959,0.05428,0.00805,0.01740,0.01261,0.14165,0.00701,0.00436,0.01319,0.01823,0.00176
276,0.08062,0.08242,0.01444,0.02156,0.00810,0.02372,0.09464,0.00804,0.07420,0.03605,0.03367,0.08927,0.00591,0.02698,0.32287,0.04780,0.00592,0.00499,0.00911,0.00750,0.00220
277,0.00750,0.18858,0.02916,0.01414,0.02900,0.01260,0.02998,0.04049,0.01691,0.00507,0.03253,0.03876,0.00843,0.01562,0.00816,0.00722,0.01329,0.45104,0.02280,0.02397,0.00475
278,0.01434,0.05018,0.01908,0.02615,0.01354,0.00961,0.01532,0.42760,0.01279,0.29139,0.01175,0.01163,0.00943,0.01444,0.00487,0.00723,0.00714,0.01732,0.01506,0.01752,0.00363
279,0.01154,0.02270,0.02610,0.03360,0.01974,0.61755,0.02688,0.02118,0.02075,0.00832,0.03142,0.02551,0.01306,0.02152,0.00729,0.00959,0.01259,0.00900,0.02240,0.03553,0.00372
280,0.00989,0.01908,0.02563,0.02207,0.01247,0.01112,0.04324,0.01712,0.01580,0.68056,0.01962,0.02527,0.00597,0.01449,0.00613,0.00556,0.00875,0.01774,0.01807,0.01645,0.00498
281,0.01118,0.01467,0.01804,0.02114,0.01574,0.01447,0.01997,0.01942,0.01763,0.00772,0.01982,0.01331,0.01217,0.01714,0.00860,0.00609,0.01384,0.00862,0.03106,0.70585,0.00353
282,0.01181,0.02540,0.07499,0.03631,0.02928,0.50400,0.03466,0.02216,0.02420,0.00922,0.04122,0.02013,0.01349,0.04812,0.01190,0.00824,0.01170,0.00823,0.02900,0.02786,0.00809
283,0.01395,0.01837,0.02005,0.02787,0.01508,0.01841,0.01515,0.01097,0.01180,0.00809,0.01644,0.70975,0.01188,0.02595,0.00930,0.00657,0.00784,0.01122,0.02510,0.01135,0.00488
284,0.00981,0.02239,0.03106,0.01598,0.02376,0.63385,0.03371,0.03839,0.01889,0.00811,0.01917,0.03018,0.01675,0.01628,0.01789,0.00822,0.01174,0.00643,0.00911,0.02239,0.00586
285,0.00939,0.01682,0.02607,0.03740,0.01237,0.00975,0.02446,0.01640,0.03138,0.00714,0.03057,0.03205,0.01815,0.02201,0.00891,0.01011,0.01484,0.61661,0.02273,0.02509,0.00777
286,0.02855,0.01590,0.01789,0.01140,0.01272,0.00617,0.01951,0.19151,0.01386,0.00349,0.02431,0.01581,0.00952,0.01493,0.00654,0.00649,0.00728,0.55059,0.01625,0.02289,0.00439
287,0.04473,0.10480,0.00142,0.00611,0.00425,0.05285,0.02624,0.04986,0.00783,0.03839,0.06481,0.07334,0.02464,0.13362,0.08999,0.04758,0.09271,0.04348,0.03414,0.05882,0.00039
288,0.13032,0.00488,0.00526,0.00434,0.00351,0.12071,0.05125,0.00358,0.15410,0.00177,0.00402,0.00262,0.16247,0.04585,0.11684,0.15678,0.01556,0.00235,0.00628,0.00531,0.00219
289,0.00867,0.01792,0.03801,0.02071,0.01210,0.08032,0.00925,0.01082,0.01357,0.00630,0.01888,0.63841,0.00739,0.02725,0.00696,0.02559,0.00594,0.00879,0.02667,0.01020,0.00624
290,0.00817,0.01393,0.01645,0.01449,0.01586,0.72402,0.02248,0.02151,0.01707,0.00598,0.02303,0.01839,0.01084,0.01755,0.00607,0.00662,0.00917,0.00698,0.01442,0.02402,0.00291
291,0.09075,0.03121,0.00957,0.06849,0.00345,0.02248,0.00555,0.00416,0.00350,0.00250,0.03314,0.00902,0.00208,0.46626,0.00394,0.12681,0.10014,0.00617,0.00428,0.00533,0.00118
292,0.00831,0.02060,0.00855,0.01337,0.54973,0.01009,0.01587,0.01125,0.01289,0.00351,0.01313,0.00795,0.00492,0.01102,0.00653,0.00375,0.00956,0.00658,0.03157,0.24783,0.00299
293,0.00728,0.01237,0.01397,0.01653,0.01847,0.00573,0.02154,0.28674,0.01855,0.00466,0.01760,0.01938,0.00802,0.01925,0.00573,0.00591,0.00898,0.46043,0.01752,0.02619,0.00517
294,0.01461,0.01660,0.02984,0.02285,0.01941,0.02620,0.02946,0.00891,0.02086,0.00918,0.02030,0.01877,0.01480,0.02752,0.00704,0.63176,0.00837,0.01354,0.02667,0.02776,0.00555
295,0.65864,0.02061,0.01166,0.02037,0.02357,0.00725,0.02076,0.03712,0.01768,0.00966,0.02732,0.02307,0.00665,0.02238,0.00855,0.00640,0.00717,0.00841,0.02099,0.03455,0.00717
296,0.01478,0.02359,0.02236,0.03022,0.02408,0.01659,0.02018,0.60077,0.02066,0.01181,0.01906,0.02811,0.01366,0.02573,0.00763,0.00920,0.02186,0.02902,0.02504,0.02928,0.00637
297,0.02099,0.01329,0.01540,0.02586,0.01176,0.00749,0.02105,0.05956,0.02047,0.00748,0.01522,0.02523,0.00826,0.01629,0.00526,0.33723,0.34556,0.00971,0.01337,0.01450,0.00602
298,0.01612,0.02046,0.05147,0.02178,0.04173,0.01355,0.00628,0.03663,0.00972,0.00498,0.01994,0.03094,0.00905,0.61177,0.01371,0.01224,0.01130,0.01222,0.02674,0.02554,0.00383
299,0.02137,0.03318,0.01358,0.01199,0.01912,0.58942,0.06996,0.02168,0.02958,0.00716,0.01739,0.02481,0.01222,0.01938,0.01679,0.02120,0.01175,0.00567,0.03212,0.01917,0.00246
300,0.01164,0.02470,0.00966,0.00659,0.00837,0.00368,0.11480,0.04513,0.34017,0.01564,0.00483,0.00352,0.00582,0.03434,0.29330,0.00880,0.01243,0.02609,0.02071,0.00769,0.00209
301,0.02764,0.13527,0.01221,0.00975,0.14831,0.00418,0.01490,0.05411,0.01758,0.02156,0.00390,0.01240,0.04173,0.00754,0.35424,0.00238,0.00878,0.06365,0.02040,0.03704,0.00243
302,0.02603,0.08292,0.01999,0.04312,0.05357,0.02188,0.02375,0.14690,0.02001,0.04857,0.10443,0.02206,0.01267,0.06574,0.01855,0.04307,0.05992,0.09236,0.02865,0.06568,0.00016
303,0.09821,0.05034,0.06336,0.09664,0.05444,0.00687,0.04157,0.06534,0.00389,0.04861,0.04571,0.03093,0.08218,0.04496,0.01528,0.06056,0.04773,0.04821,0.05383,0.04103,0.00032
304,0.04304,0.04941,0.01726,0.07182,0.05309,0.06186,0.02948,0.07216,0.00818,0.07877,0.09043,0.03398,0.05031,0.05671,0.01367,0.05535,0.05081,0.06514,0.07227,0.02593,0.00034
305,0.06280,0.03797,0.05845,0.07727,0.02864,0.02826,0.03436,0.01564,0.03219,0.07137,0.09528,0.04142,0.04592,0.06835,0.02858,0.06559,0.05703,0.03373,0.02163,0.09499,0.00054
306,0.12213,0.10401,0.00777,0.01581,0.04758,0.02958,0.07194,0.04824,0.03197,0.05123,0.08657,0.01945,0.13494,0.00747,0.01118,0.05122,0.02766,0.05380,0.01739,0.05882,0.00127
307,0.05214,0.11068,0.00670,0.01214,0.01915,0.03550,0.06786,0.05134,0.01321,0.04198,0.08818,0.03803,0.04923,0.05645,0.01515,0.05571,0.12203,0.09921,0.00985,0.05427,0.00120
308,0.06898,0.04133,0.07669,0.04578,0.02959,0.01904,0.10556,0.03487,0.00343,0.04223,0.05327,0.14429,0.04574,0.07536,0.02191,0.05765,0.05047,0.03814,0.00945,0.03594,0.00027
