site,A,C,D,E,F,G,H,I,K,L,M,N,P,Q,R,S,T,V,W,Y,*
207,0.00311,0.03666,0.00481,0.00421,0.10397,0.00238,0.00506,0.07596,0.00378,0.61891,0.00503,0.00488,0.00267,0.00404,0.00178,0.00208,0.00999,0.10058,0.00440,0.00474,0.00095
208,0.03596,0.25883,0.00233,0.00165,0.00167,0.00080,0.00199,0.14573,0.00181,0.10803,0.06776,0.00204,0.00096,0.00171,0.00064,0.00069,0.01973,0.34383,0.00153,0.00189,0.00041
209,0.13093,0.17698,0.00577,0.00386,0.00537,0.00326,0.00345,0.00714,0.00289,0.00199,0.00409,0.00524,0.00424,0.00302,0.00172,0.28464,0.25086,0.01590,0.00911,0.00492,0.07464
210,0.00600,0.02234,0.01357,0.00772,0.00898,0.00525,0.01975,0.00754,0.00656,0.00321,0.00776,0.00820,0.00522,0.00958,0.00404,0.00290,0.00415,0.00498,0.00925,0.84116,0.00183
211,0.16427,0.11472,0.02231,0.01009,0.01539,0.10554,0.04543,0.01815,0.00259,0.03287,0.08266,0.13806,0.00114,0.04559,0.00593,0.06806,0.03084,0.06858,0.00853,0.01873,0.00053
212,0.00395,0.00793,0.01361,0.00789,0.00892,0.78372,0.01110,0.00934,0.00551,0.00321,0.00693,0.00857,0.00421,0.00585,0.00395,0.00296,0.00327,0.04514,0.05249,0.00974,0.00173
213,0.06436,0.03467,0.00150,0.00112,0.02791,0.37575,0.06698,0.00165,0.01388,0.02046,0.01421,0.03622,0.14014,0.00893,0.03045,0.03948,0.02943,0.00418,0.00883,0.07955,0.00031
214,0.00282,0.06982,0.00566,0.00458,0.00544,0.00514,0.00565,0.00553,0.00362,0.06845,0.00395,0.00511,0.00312,0.00432,0.00147,0.00165,0.00219,0.00266,0.79068,0.00662,0.00152
215,0.01760,0.01754,0.00605,0.00330,0.00434,0.01318,0.00468,0.00611,0.37185,0.00441,0.05277,0.00494,0.00185,0.04654,0.38680,0.02430,0.01032,0.01417,0.00362,0.00476,0.00087
216,0.00378,0.15474,0.00464,0.00365,0.10290,0.00197,0.00562,0.00511,0.00333,0.37680,0.30922,0.00452,0.00641,0.00389,0.00148,0.00119,0.00251,0.00187,0.00235,0.00347,0.00056
217,0.01632,0.00674,0.39250,0.22703,0.02142,0.01261,0.01898,0.00870,0.00709,0.00599,0.01051,0.00600,0.00408,0.01520,0.00602,0.03066,0.00599,0.00362,0.08813,0.11080,0.00161
218,0.46167,0.03395,0.00688,0.01433,0.00602,0.03708,0.04603,0.00722,0.00576,0.00221,0.00703,0.00489,0.00370,0.01748,0.01802,0.12663,0.11814,0.05647,0.00804,0.01675,0.00169
219,0.03096,0.05892,0.01219,0.06296,0.03540,0.00161,0.03977,0.08578,0.05458,0.08165,0.08026,0.06207,0.00020,0.09382,0.06872,0.02899,0.07320,0.07893,0.03179,0.01807,0.00014
220,0.00703,0.09701,0.00843,0.01866,0.00872,0.00415,0.00918,0.00921,0.00723,0.09973,0.00837,0.00686,0.00621,0.01009,0.00465,0.00338,0.00433,0.00495,0.61665,0.06097,0.00418
221,0.00805,0.01977,0.65828,0.01159,0.01144,0.00834,0.00947,0.01311,0.02079,0.00698,0.01996,0.00858,0.00715,0.02394,0.00687,0.00481,0.00750,0.00620,0.02686,0.11611,0.00418
222,0.00238,0.00756,0.00181,0.00367,0.16455,0.10223,0.16989,0.00204,0.02922,0.00455,0.19011,0.05926,0.00361,0.05025,0.01801,0.02939,0.03205,0.03003,0.00393,0.07895,0.01650
223,0.07290,0.09745,0.02787,0.05131,0.08236,0.03306,0.05858,0.05944,0.00210,0.07843,0.07347,0.03254,0.00112,0.03364,0.00067,0.04111,0.06470,0.05721,0.05477,0.07659,0.00069
224,0.01293,0.00623,0.00902,0.02787,0.00735,0.03379,0.01163,0.03139,0.00839,0.00299,0.00723,0.27129,0.00429,0.05448,0.01789,0.34602,0.12856,0.00325,0.00622,0.00726,0.00194
225,0.02283,0.04896,0.12539,0.44402,0.00826,0.00437,0.05887,0.00763,0.01785,0.00250,0.00812,0.02400,0.02514,0.07217,0.00351,0.02058,0.00677,0.02493,0.01032,0.04107,0.02271
226,0.01386,0.01482,0.01544,0.01751,0.01416,0.00990,0.03225,0.02398,0.03410,0.00588,0.02140,0.02207,0.01233,0.02185,0.00859,0.00849,0.00907,0.66733,0.02354,0.01726,0.00619
227,0.00835,0.02554,0.02660,0.00830,0.02592,0.01090,0.02589,0.01746,0.00607,0.00317,0.00979,0.01169,0.00351,0.74869,0.01163,0.00548,0.00499,0.00808,0.01590,0.01847,0.00358
228,0.05664,0.01856,0.02488,0.04029,0.02434,0.01504,0.02259,0.04431,0.03261,0.48096,0.05689,0.01284,0.03380,0.04357,0.00977,0.00764,0.01169,0.00833,0.02979,0.01690,0.00857
229,0.02592,0.03142,0.06771,0.04362,0.06380,0.01196,0.10796,0.02870,0.00177,0.12888,0.12814,0.08533,0.01788,0.07643,0.01182,0.01377,0.02361,0.01100,0.01659,0.09949,0.00420
230,0.32698,0.09322,0.03674,0.01192,0.02346,0.00439,0.04483,0.02749,0.01308,0.00935,0.01788,0.02383,0.00637,0.01218,0.00701,0.00872,0.04737,0.24069,0.01828,0.02061,0.00560
231,0.00987,0.06631,0.00575,0.00415,0.04805,0.00219,0.01168,0.22567,0.00798,0.39327,0.01273,0.00929,0.00887,0.01839,0.00382,0.00344,0.00715,0.13498,0.00591,0.01939,0.00112
232,0.13402,0.13020,0.00350,0.00900,0.00449,0.01051,0.06079,0.06385,0.00455,0.04064,0.03462,0.00337,0.09672,0.08968,0.00183,0.12317,0.07200,0.09879,0.01297,0.00410,0.00120
233,0.00814,0.01410,0.01403,0.01455,0.01040,0.00796,0.12482,0.01310,0.01728,0.01455,0.01816,0.01207,0.58590,0.01679,0.00582,0.00514,0.07599,0.00854,0.01532,0.01301,0.00434
234,0.05565,0.02252,0.00559,0.00440,0.01501,0.18208,0.14643,0.00646,0.05585,0.00257,0.00731,0.10927,0.00688,0.01067,0.18931,0.05102,0.00677,0.04892,0.03304,0.01231,0.02793
235,0.08575,0.02115,0.23628,0.13391,0.00329,0.08147,0.04406,0.00361,0.05255,0.01120,0.00855,0.07904,0.00221,0.05354,0.01512,0.06104,0.04737,0.03695,0.00343,0.00296,0.01652
236,0.06079,0.08480,0.03522,0.03482,0.02822,0.03871,0.07154,0.03961,0.05789,0.07038,0.04966,0.07777,0.05326,0.04506,0.02276,0.05168,0.07170,0.04547,0.00795,0.05252,0.00018
237,0.05532,0.12397,0.00599,0.00448,0.03046,0.02044,0.03829,0.05226,0.05573,0.05398,0.03757,0.01589,0.16012,0.10678,0.01105,0.05471,0.11754,0.01908,0.00346,0.03182,0.00106
238,0.01375,0.07908,0.00071,0.05410,0.04517,0.01080,0.02288,0.14094,0.10369,0.10879,0.04872,0.02297,0.00036,0.07531,0.02595,0.04145,0.10029,0.09933,0.00057,0.00498,0.00016
239,0.02733,0.06622,0.01210,0.01103,0.00954,0.04701,0.08495,0.00931,0.00885,0.00383,0.01154,0.49477,0.00542,0.01181,0.00482,0.15244,0.00378,0.00689,0.01173,0.01288,0.00373
240,0.09843,0.05632,0.00207,0.00278,0.00124,0.00163,0.00184,0.14636,0.00318,0.01667,0.06179,0.00161,0.00125,0.00212,0.00088,0.01935,0.31459,0.26253,0.00335,0.00151,0.00053
241,0.02655,0.02026,0.00956,0.15800,0.01103,0.01551,0.04330,0.00923,0.12445,0.00229,0.01590,0.00717,0.00225,0.51254,0.00484,0.00938,0.00539,0.00456,0.00742,0.00877,0.00160
242,0.02160,0.01791,0.01758,0.02173,0.03075,0.00802,0.01795,0.01651,0.01273,0.00578,0.01355,0.03614,0.00793,0.01406,0.00530,0.00663,0.69700,0.00932,0.01740,0.01841,0.00369
243,0.04899,0.07987,0.00703,0.00351,0.08421,0.00306,0.04551,0.07629,0.01898,0.14199,0.10184,0.01868,0.00154,0.08604,0.02554,0.02363,0.11078,0.04760,0.00555,0.06859,0.00076
244,0.01170,0.02479,0.01636,0.02371,0.02655,0.01236,0.15018,0.02120,0.01832,0.01256,0.02347,0.02493,0.49084,0.01583,0.00723,0.02375,0.01623,0.01198,0.03913,0.02329,0.00559
245,0.00717,0.01377,0.01570,0.01279,0.01232,0.59464,0.01604,0.01670,0.00961,0.00507,0.01306,0.01443,0.00984,0.01777,0.00808,0.00521,0.00671,0.13719,0.01226,0.01645,0.05517
246,0.00386,0.09066,0.00268,0.00400,0.12500,0.00185,0.00514,0.08350,0.00242,0.09629,0.00232,0.00262,0.00162,0.00934,0.00150,0.00121,0.05522,0.12766,0.30405,0.07847,0.00059
247,0.00652,0.00920,0.01318,0.01131,0.63812,0.00516,0.01365,0.01294,0.00978,0.18474,0.01499,0.01339,0.00737,0.01198,0.00421,0.00544,0.00682,0.00551,0.00972,0.01322,0.00275
248,0.01592,0.10902,0.00162,0.00290,0.00929,0.00070,0.15930,0.08736,0.08743,0.00549,0.07747,0.02876,0.00070,0.02864,0.18972,0.03997,0.00638,0.12562,0.00122,0.02227,0.00021
249,0.00271,0.11267,0.00534,0.00552,0.00392,0.00237,0.00275,0.01414,0.02697,0.34806,0.30771,0.00289,0.00105,0.00416,0.00131,0.00127,0.14502,0.00225,0.00495,0.00374,0.00120
250,0.03571,0.07057,0.00725,0.00420,0.00332,0.01483,0.00749,0.02527,0.23179,0.00319,0.02244,0.06124,0.07762,0.12456,0.14978,0.05643,0.03688,0.05928,0.00397,0.00348,0.00072
251,0.02284,0.02694,0.28476,0.24508,0.01161,0.01851,0.02569,0.00802,0.00634,0.00259,0.00840,0.08053,0.00388,0.03769,0.00290,0.05154,0.05406,0.00521,0.00663,0.09494,0.00189
252,0.07743,0.10478,0.00537,0.01545,0.09839,0.23679,0.00918,0.00502,0.03637,0.00306,0.02997,0.00571,0.00301,0.04458,0.15223,0.00805,0.01158,0.04117,0.07339,0.03723,0.00124
253,0.00357,0.03830,0.24416,0.26186,0.00457,0.00210,0.00594,0.01903,0.00793,0.00234,0.01428,0.08863,0.00276,0.03974,0.00194,0.02840,0.07154,0.00529,0.00499,0.15055,0.00208
254,0.00810,0.01162,0.01039,0.01120,0.01000,0.00585,0.01119,0.62945,0.00919,0.15813,0.04823,0.00871,0.00701,0.00981,0.00493,0.00392,0.01715,0.01153,0.01303,0.00759,0.00296
255,0.00461,0.00762,0.00753,0.00834,0.00564,0.70502,0.00884,0.00757,0.01043,0.00293,0.00986,0.00748,0.00974,0.01540,0.00866,0.00296,0.00542,0.11204,0.00801,0.00706,0.04484
256,0.20528,0.71962,0.00715,0.01578,0.00365,0.00236,0.00358,0.00417,0.00373,0.00137,0.00437,0.00480,0.00173,0.00291,0.00161,0.00111,0.00199,0.00464,0.00496,0.00409,0.00111
257,0.01099,0.02791,0.01912,0.02232,0.01381,0.00954,0.01984,0.04502,0.03676,0.00741,0.03534,0.02182,0.01414,0.03824,0.00980,0.00740,0.01260,0.58156,0.03148,0.02545,0.00947
258,0.65052,0.01660,0.06672,0.01686,0.01329,0.00681,0.02122,0.01639,0.02214,0.00676,0.02092,0.01522,0.00690,0.01989,0.00749,0.02587,0.01087,0.01481,0.01986,0.01482,0.00604
259,0.00409,0.00902,0.01089,0.00853,0.00854,0.00634,0.00523,0.43703,0.00639,0.25964,0.15860,0.00797,0.00480,0.00563,0.00219,0.00254,0.00406,0.04302,0.00666,0.00742,0.00143
260,0.00825,0.01586,0.44891,0.00997,0.01605,0.00749,0.02668,0.02604,0.03034,0.00737,0.02376,0.02482,0.01768,0.06513,0.01364,0.00812,0.01099,0.00818,0.01829,0.20694,0.00551
261,0.01092,0.35627,0.00930,0.14507,0.07445,0.00587,0.00630,0.00762,0.00618,0.07159,0.10802,0.00754,0.00479,0.03841,0.00507,0.00654,0.00333,0.00412,0.01841,0.10833,0.00187
262,0.01126,0.02972,0.02039,0.02909,0.02032,0.01402,0.11138,0.02219,0.03198,0.01514,0.01963,0.01904,0.43925,0.02976,0.00718,0.01988,0.09991,0.01031,0.02253,0.02003,0.00701
263,0.17457,0.38454,0.00322,0.02082,0.00285,0.03975,0.00541,0.00411,0.00387,0.00349,0.01305,0.03242,0.13155,0.08925,0.00184,0.07568,0.00224,0.00146,0.00448,0.00426,0.00115
264,0.00754,0.02444,0.02434,0.01359,0.01898,0.53476,0.03616,0.02613,0.01260,0.00497,0.01496,0.02756,0.00938,0.01265,0.00427,0.00748,0.00858,0.05926,0.11522,0.03354,0.00360
265,0.00900,0.02435,0.02863,0.03764,0.01689,0.01155,0.02041,0.01761,0.01834,0.00779,0.01459,0.01148,0.00696,0.03181,0.00652,0.37623,0.27312,0.01674,0.02658,0.03524,0.00850
266,0.01383,0.01897,0.02046,0.01387,0.01422,0.01216,0.02630,0.02242,0.01697,0.02287,0.02111,0.02225,0.01638,0.02402,0.00903,0.65511,0.01852,0.01018,0.01436,0.01607,0.01089
267,0.00650,0.00992,0.00986,0.01436,0.01097,0.59694,0.01277,0.01366,0.01877,0.00516,0.01992,0.01345,0.01222,0.02216,0.01429,0.00559,0.01064,0.10709,0.01937,0.01373,0.06264
268,0.01069,0.01408,0.01921,0.02555,0.02073,0.02647,0.01551,0.02783,0.04668,0.00640,0.02967,0.02398,0.01287,0.02916,0.00922,0.49510,0.00752,0.01344,0.01867,0.14226,0.00497
269,0.00929,0.01872,0.02434,0.02174,0.02316,0.00972,0.01583,0.02375,0.01765,0.00833,0.02325,0.01970,0.47981,0.12039,0.00781,0.00778,0.11818,0.00888,0.02042,0.01621,0.00505
270,0.01481,0.02640,0.03858,0.02394,0.02126,0.00847,0.05001,0.35450,0.01730,0.02125,0.01349,0.01664,0.00960,0.03105,0.00741,0.00700,0.00816,0.26130,0.01808,0.04536,0.00538
271,0.00977,0.00887,0.02482,0.01475,0.01003,0.00726,0.01220,0.23571,0.01917,0.28423,0.12642,0.02690,0.02552,0.03094,0.00578,0.00558,0.01216,0.10393,0.01631,0.01471,0.00493
272,0.01339,0.03561,0.26084,0.02390,0.01488,0.06329,0.02239,0.01701,0.03171,0.01172,0.02549,0.15556,0.01786,0.02536,0.00871,0.02403,0.01451,0.01028,0.03397,0.18113,0.00835
273,0.06606,0.07702,0.01381,0.03018,0.02352,0.03826,0.07989,0.03321,0.15274,0.02631,0.02550,0.02887,0.06663,0.07703,0.08674,0.06075,0.02129,0.05437,0.01188,0.02299,0.00295
274,0.06027,0.07246,0.00800,0.00504,0.05174,0.02828,0.04106,0.08924,0.01153,0.12155,0.14603,0.06909,0.00846,0.07282,0.02759,0.05852,0.03577,0.06168,0.01007,0.02012,0.00068
275,0.13979,0.05140,0.04169,0.08885,0.01103,0.19260,0.06793,0.01506,0.01058,0.00410,0.01021,0.05207,0.00809,0.02930,0.01317,0.11394,0.00762,0.05205,0.01319,0.01597,0.06135
276,0.06097,0.06626,0.01145,0.01580,0.00670,0.01719,0.08336,0.18242,0.05275,0.02758,0.03163,0.08111,0.00469,0.03191,0.26096,0.04035,0.00451,0.00436,0.00790,0.00614,0.00198
277,0.00706,0.20747,0.02889,0.01363,0.02743,0.01123,0.02871,0.06787,0.01795,0.01212,0.02589,0.03529,0.00825,0.01495,0.00766,0.00644,0.01444,0.41454,0.02276,0.02265,0.00479
278,0.01513,0.04596,0.02311,0.02660,0.01611,0.01051,0.01842,0.44168,0.01356,0.25613,0.01227,0.01332,0.01087,0.01783,0.00551,0.00742,0.00745,0.01794,0.01870,0.01745,0.00404
279,0.00963,0.01845,0.02272,0.02482,0.01591,0.49169,0.02235,0.01831,0.01702,0.00681,0.02426,0.02081,0.01061,0.01933,0.00594,0.00747,0.01124,0.12874,0.01892,0.02767,0.07731
280,0.00996,0.02191,0.02457,0.02390,0.01484,0.01067,0.03442,0.04347,0.01600,0.65717,0.01870,0.02358,0.00598,0.01379,0.00597,0.00575,0.00880,0.01595,0.02123,0.01819,0.00514
281,0.01249,0.01901,0.01854,0.02373,0.01531,0.01426,0.02152,0.02086,0.01827,0.00836,0.01905,0.01455,0.01483,0.01711,0.00817,0.00590,0.01325,0.00882,0.02862,0.69360,0.00375
282,0.00922,0.20582,0.05232,0.03169,0.02401,0.40353,0.02923,0.01851,0.02010,0.00775,0.03710,0.01954,0.01140,0.03882,0.00971,0.00752,0.00937,0.01144,0.02452,0.02127,0.00716
283,0.01624,0.01940,0.01973,0.02774,0.01578,0.01800,0.01426,0.01171,0.01235,0.00840,0.01914,0.70367,0.01279,0.02404,0.00952,0.00711,0.00841,0.01143,0.02367,0.01099,0.00564
284,0.00772,0.01887,0.02622,0.01309,0.01978,0.50557,0.02838,0.03195,0.01518,0.00670,0.01637,0.02372,0.01346,0.01479,0.01542,0.00693,0.00945,0.07939,0.12328,0.01906,0.00467
285,0.01685,0.02109,0.02421,0.03177,0.01161,0.01094,0.02815,0.04110,0.03137,0.00741,0.02673,0.02945,0.01633,0.02455,0.00851,0.01022,0.01445,0.58959,0.02199,0.02480,0.00888
286,0.02429,0.01616,0.01765,0.01272,0.01335,0.00725,0.02050,0.17455,0.01480,0.00399,0.02043,0.02135,0.00898,0.01666,0.00706,0.00651,0.00738,0.56301,0.01595,0.02247,0.00493
287,0.04861,0.10539,0.00142,0.00583,0.00328,0.04356,0.02487,0.05032,0.00932,0.03585,0.06324,0.08928,0.02293,0.11089,0.09439,0.04563,0.08784,0.03796,0.04737,0.07155,0.00048
288,0.09392,0.00424,0.00489,0.00445,0.00303,0.11712,0.05691,0.00331,0.13315,0.00172,0.00376,0.09253,0.16709,0.03495,0.09686,0.15514,0.01269,0.00216,0.00527,0.00513,0.00167
289,0.01041,0.01978,0.03317,0.02948,0.01389,0.07372,0.00951,0.01127,0.01440,0.00675,0.01825,0.63068,0.00738,0.02835,0.00719,0.02710,0.00613,0.00950,0.02664,0.00988,0.00650
290,0.00739,0.01311,0.01479,0.01358,0.01376,0.63665,0.02008,0.02001,0.01588,0.00572,0.02014,0.01754,0.00947,0.01620,0.00553,0.00622,0.00805,0.03132,0.01399,0.02366,0.08692
291,0.08464,0.02607,0.00990,0.06493,0.00702,0.02881,0.00599,0.01270,0.00357,0.00232,0.04411,0.01230,0.00253,0.42716,0.00970,0.13046,0.11025,0.00602,0.00462,0.00563,0.00126
292,0.00807,0.01780,0.00937,0.01455,0.48630,0.01006,0.02218,0.01083,0.01226,0.00368,0.01261,0.00937,0.00590,0.01193,0.00634,0.00434,0.01126,0.00711,0.09436,0.23876,0.00292
293,0.00805,0.01344,0.01386,0.01647,0.01445,0.00576,0.01825,0.34382,0.01733,0.00478,0.01855,0.01974,0.00875,0.01738,0.00540,0.00575,0.00858,0.41651,0.01572,0.02242,0.00498
294,0.01489,0.01652,0.02795,0.02553,0.02066,0.03163,0.02807,0.01632,0.02077,0.00916,0.01951,0.02845,0.01673,0.02717,0.00799,0.60737,0.00872,0.01222,0.02584,0.02880,0.00572
295,0.59675,0.02027,0.06093,0.01898,0.02318,0.00685,0.02364,0.03259,0.01860,0.00919,0.02801,0.02744,0.00649,0.01967,0.00840,0.02646,0.00858,0.00785,0.02146,0.02779,0.00684
296,0.01457,0.02365,0.02580,0.02713,0.02436,0.01531,0.02371,0.57569,0.02719,0.01105,0.02096,0.02601,0.01316,0.02278,0.00781,0.00914,0.03972,0.03078,0.02587,0.02870,0.00660
297,0.01732,0.02212,0.01640,0.02784,0.01339,0.00753,0.02181,0.05565,0.01948,0.00752,0.01662,0.04260,0.00884,0.01815,0.00635,0.30569,0.34735,0.00885,0.01447,0.01580,0.00621
298,0.01286,0.01667,0.03749,0.01755,0.03281,0.01221,0.08853,0.02759,0.13170,0.00409,0.01588,0.02693,0.00707,0.47792,0.01200,0.00956,0.00965,0.01182,0.02062,0.02401,0.00305
299,0.02131,0.03811,0.01297,0.01063,0.01599,0.50713,0.05157,0.01837,0.02271,0.00696,0.01725,0.01969,0.01033,0.01890,0.01220,0.01900,0.01107,0.08227,0.03507,0.01771,0.05076
300,0.00990,0.03863,0.00914,0.00890,0.00795,0.00414,0.12139,0.07040,0.32220,0.01271,0.00439,0.03066,0.00590,0.03266,0.24355,0.00713,0.01399,0.03146,0.01560,0.00743,0.00188
301,0.01993,0.10078,0.01212,0.00849,0.16009,0.00408,0.01368,0.04628,0.01704,0.02394,0.09930,0.01426,0.03598,0.00658,0.30010,0.02241,0.00712,0.05805,0.01806,0.02953,0.00219
302,0.02717,0.06995,0.03469,0.04352,0.04872,0.03295,0.02456,0.13070,0.01769,0.05314,0.09226,0.03171,0.01454,0.06650,0.02208,0.04951,0.05873,0.10410,0.02201,0.05208,0.00339
303,0.09408,0.07336,0.07199,0.09106,0.04998,0.00600,0.03237,0.05276,0.00398,0.05945,0.04112,0.04526,0.09503,0.04808,0.01249,0.04791,0.04640,0.04857,0.04279,0.03044,0.00688
304,0.03916,0.04755,0.05261,0.06967,0.06090,0.05455,0.03030,0.06238,0.01052,0.06169,0.07802,0.03018,0.04785,0.05042,0.01394,0.05259,0.05963,0.07235,0.06387,0.03660,0.00520
305,0.06996,0.04607,0.06460,0.06224,0.03313,0.02677,0.03817,0.01936,0.03305,0.06357,0.08987,0.04056,0.04867,0.05302,0.03641,0.07301,0.06119,0.03083,0.02842,0.08044,0.00065
306,0.09701,0.09397,0.00794,0.01302,0.04562,0.02667,0.05217,0.05146,0.02738,0.05478,0.07937,0.01903,0.13214,0.03293,0.00903,0.05158,0.07222,0.06379,0.01423,0.05437,0.00131
307,0.04958,0.10473,0.00703,0.01391,0.02686,0.03298,0.06429,0.05442,0.01488,0.04789,0.08756,0.03680,0.05179,0.04393,0.01849,0.05782,0.12137,0.10115,0.01141,0.05181,0.00131
308,0.08490,0.04694,0.06298,0.04465,0.02886,0.02113,0.09625,0.03935,0.00589,0.03804,0.05658,0.15106,0.04109,0.07645,0.01866,0.04853,0.04446,0.03438,0.00861,0.03499,0.01620
