site,A,C,D,E,F,G,H,I,K,L,M,N,P,Q,R,S,T,V,W,Y,*
207,0.003110016067863625,0.03665632476542469,0.004808704872461373,0.004211734730522172,0.10397049327660217,0.0023784225012451784,0.005057675382639831,0.07596405408864748,0.0037843085617837156,0.6189079052454587,0.005025813017013042,0.004879698516649837,0.002669814491314424,0.004044007562220324,0.00178174096268898,0.002081222414310059,0.009993046008782635,0.10057687826165101,0.004404206608424361,0.004744978582115287,0.000948954082181157
208,0.03596448773376239,0.2588270396966305,0.002333848461583079,0.0016548936086365482,0.0016694985954408797,0.0007980254716933307,0.0019888602718338894,0.14572989842769093,0.0018143330696419446,0.1080270319438793,0.06775683207386406,0.002042703357494247,0.0009591350475601315,0.001713516403395056,0.0006425926498484525,0.0006924609993027309,0.019726619131125018,0.34383046764472763,0.0015284422262160748,0.0018901701088363096,0.0004091430768374089
209,0.13092932501106533,0.1769796992581438,0.005771163555396465,0.003857992123201049,0.005373273309560506,0.0032570848809764623,0.003448237830012708,0.007136319077160405,0.002886325935615336,0.001989474923288614,0.0040865145344878675,0.005244796984536194,0.004239813735478252,0.003015479545058384,0.0017171299672584727,0.2846387799987346,0.2508597098328385,0.015900286278489776,0.009111737209275739,0.004916980343173636,0.07463987566624793
210,0.006003099137133008,0.022338338066684643,0.013573856640759678,0.007718353018428063,0.008984833868307751,0.0052478971502760525,0.019750882960262787,0.007542803303326336,0.006558779236304821,0.00321036554304197,0.007761913851002639,0.008201218943982992,0.005219257991352377,0.009580145007788447,0.004042212415177408,0.002895730964768409,0.004153860350099277,0.004979610162693441,0.00924520529665595,0.8411647461701887,0.0018268899217653955
211,0.16427353029148645,0.11472216653611068,0.022310334205823373,0.01008856945351378,0.015385312248992658,0.10553656447692493,0.04542950164273096,0.018151972192456,0.0025923361855271034,0.032870237734806775,0.082655453296916,0.13805502088140106,0.0011385553671123686,0.045591785393662876,0.005927718131691982,0.06805971664901013,0.030840389807168345,0.06858196468175078,0.008528430130795588,0.018726378892310516,0.0005340617998076017
212,0.0039458224537574915,0.007929413340070515,0.013605097388078293,0.00788712811791376,0.008915428521528558,0.7837153249647223,0.011103443110799555,0.009340666208205369,0.005512424051722105,0.0032100075567743553,0.006926354220921491,0.00857012759078893,0.004205698066492624,0.0058460556851959965,0.003951354658349452,0.002960584850768012,0.003269895137137444,0.0451425178936507,0.052494865914133264,0.009738393545293702,0.0017293967236959324
213,0.06436478743239539,0.03467260054019277,0.0014976057246840434,0.0011153139937741024,0.02791153107929606,0.37574953504659403,0.06697851267380782,0.001649082420261198,0.013881567231323983,0.020462059852021094,0.014212493290218535,0.036215984185126164,0.14014024814215384,0.008929796457264834,0.030445944459895475,0.03947705516927379,0.02943338929871166,0.004179432216153253,0.008826040156731899,0.07954536185788225,0.00031165877223782477
214,0.002820284175953076,0.06981557266186365,0.0056647749606377985,0.004583825298916675,0.005439202565763908,0.005136233110165656,0.0056497723280324146,0.0055287426017985196,0.00361566370087911,0.06845050326384904,0.003945232668798972,0.005113794419652636,0.003116159945009396,0.004323873989206805,0.0014722931115662642,0.0016537661396597984,0.0021889030156722403,0.002662300210639549,0.7906845504295618,0.006616670762939682,0.0015178806394330058
215,0.01759763294930212,0.01754248392391161,0.00604827333288371,0.003298588847311842,0.004343247747200425,0.013178855995757072,0.004680914851435187,0.0061135264040100045,0.3718539233719869,0.004412064689676671,0.0527658459235146,0.004935938231517291,0.0018459850402534565,0.04653575533622097,0.38680242243056934,0.024300718697205726,0.010321437276286973,0.014171803735296898,0.0036235130019285117,0.004757699350481053,0.0008693688632496051
216,0.0037769128976661843,0.15474351852976612,0.004637363494270486,0.0036540243343973267,0.10290241426688927,0.001969772301704775,0.0056202278372352215,0.005114021021318852,0.003328747552786814,0.37680376781096264,0.30921711158604476,0.004520565063676043,0.006409727623690455,0.003887325224792171,0.0014772415995576709,0.0011887015403780204,0.00250511393215337,0.001866434702568106,0.002345849847831909,0.003472318555821866,0.0005588402764878348
217,0.01631811781813919,0.0067395661868522895,0.39249754390119956,0.22703415470120944,0.021419063021133083,0.01261330024011075,0.01898310039137573,0.00869859175906052,0.007085606619612225,0.005989973027320757,0.010510175425797736,0.005996158016987305,0.004078971313134369,0.015198730328210605,0.006022858870156185,0.030663264343947356,0.005988356872297001,0.0036226310782338463,0.08813061050554145,0.1108004878879126,0.001608737691767932
218,0.4616684498520458,0.033950845403234585,0.006879454228709993,0.01432753119645025,0.006023116273563541,0.03707738626349092,0.04603427181513989,0.007220895762701585,0.005764613243338146,0.002205154187301566,0.007031936181358226,0.004890233145849093,0.0037046101560686225,0.017476869817300494,0.018021799868760558,0.1266306634456326,0.11814021189404146,0.056474517712846284,0.008042739584438324,0.016747717513783653,0.0016869824539444643
219,0.030964926083149682,0.05891911370327061,0.012189409531073989,0.06295738128894046,0.03540251370826545,0.001606215097729459,0.03977054358023744,0.08578119549822523,0.05458048582267391,0.08164801026493623,0.0802585075675833,0.06206784894020833,0.00020198786219047908,0.09382259509249798,0.06871702016058011,0.02898679299889842,0.07319810816728689,0.07892763589200269,0.031785828809408494,0.018070567250148373,0.0001433126806925157
220,0.00703233954048347,0.09701239427125281,0.008428782896648179,0.018656509278330603,0.008723477297414567,0.004145840265912607,0.009183111633186518,0.009205418050243061,0.007229029462282144,0.09972830016853979,0.008369179184956438,0.006864839242367642,0.006209459825196546,0.010092625275158166,0.0046509713452166325,0.0033834134463209507,0.0043329830776567884,0.004949504378192864,0.6166501967273564,0.060972294069825794,0.004179330563457842
221,0.008046146191273426,0.01976987313913958,0.6582809468913365,0.01158719107125177,0.011443418277579824,0.008344711801335754,0.009472792271630781,0.013108700330354507,0.020787435258162523,0.006981881001859654,0.019959869355249113,0.008577571179952493,0.007151642431970178,0.02394345448942767,0.006874694684227637,0.004811325313287587,0.0074984752837246845,0.006204491495807057,0.026861221592510448,0.11611070606066337,0.004183451879255566
222,0.0023812181759502596,0.007562898862372606,0.0018080513741408934,0.0036720377725254915,0.1645451197513564,0.10223372936443546,0.16988717665705147,0.0020440706400229355,0.029217202794844525,0.00454851287086401,0.19011444000166874,0.05926163329360354,0.0036113471604311462,0.05025193999563998,0.018007128828288442,0.02939172591072428,0.03205270993492354,0.03002727713648271,0.003927075294019355,0.07895410636230007,0.016500597818354105
223,0.07289967736552845,0.09744594728091621,0.02787420860625431,0.05130609364697133,0.08235959363941014,0.03306460457195812,0.05857870910001726,0.059441610605980945,0.0020962226217314246,0.07842540935262657,0.0734730277978282,0.03254045976050855,0.0011201463469934162,0.033637859558620704,0.0006713635355251134,0.04111042244748634,0.06470278488876509,0.057206951743123235,0.05476876213165737,0.07658683422875019,0.0006893107693469284
224,0.01293407774750245,0.0062291801645817935,0.009015242773900397,0.02787335348350729,0.007350904807006287,0.0337867367823834,0.011632917492374268,0.03138984398906516,0.00838520477797867,0.0029869311501610324,0.007231717452672381,0.2712883851611849,0.004293735706764804,0.054477891009944525,0.017886334144475203,0.34601524171278464,0.12855684665962977,0.003248975061614444,0.006220259706885123,0.007259313667200541,0.0019369065483829742
225,0.022830686185555938,0.04895558220294068,0.12538804038249907,0.44401719112142946,0.00826477155081052,0.0043679455734968895,0.058866355832087075,0.007630638977713118,0.01784511209429104,0.0024981024882926857,0.008117135531908416,0.024003245802975345,0.025140582419786724,0.07217140176381254,0.003512228195020138,0.020582193176110996,0.006770018988691788,0.024934136103682867,0.01031968618985417,0.04107228489379373,0.02271266052524667
226,0.01385802923022817,0.014816615567256311,0.015442590410309856,0.01750612484563169,0.014159611004349879,0.009899732423606542,0.03224946876599038,0.02398077417834149,0.034098522487690436,0.005878490533540201,0.021397267115636064,0.022071527563755106,0.01233193248062258,0.02184857995203339,0.008585305858348675,0.008488234908968396,0.009070729283133074,0.6673255941901788,0.023541133897744686,0.017262057064648253,0.00618767823798604
227,0.008351167924726054,0.025536110444934895,0.026603715982992784,0.008295257699384107,0.02592222065557458,0.010901624760604363,0.025885127159615384,0.017462588325064664,0.006068758310020697,0.0031684598107063334,0.009786676673784323,0.011692854406718904,0.0035127599024296166,0.7486859837419448,0.011631159598743753,0.005475938051994076,0.00499183691619124,0.008084154230994138,0.015899398852978235,0.018469191748526844,0.0035750148020700055
228,0.05664043917374858,0.018555826532830822,0.02488376012387411,0.040291182172810906,0.024339273617340115,0.01503829149656287,0.02259353493454894,0.04430558804237094,0.03261486692857265,0.48095934949002817,0.056891292089320894,0.012838917028099646,0.033799032926250416,0.04357365087389633,0.009771616724237342,0.007636309234841813,0.011687955049811497,0.008325938886114716,0.02978771348207517,0.01689948324822717,0.008565977944437149
229,0.025920983760412086,0.03141769340966327,0.06771138912624125,0.04362499787762703,0.06380412723470966,0.011961358643413711,0.10795933695659517,0.028703452230225676,0.0017654790502698448,0.128884568643623,0.1281354061903797,0.08532583369265341,0.017880045263824543,0.07642519264299703,0.011815259899666503,0.013769260214105352,0.02360889992569254,0.011000582659675464,0.016592097709779156,0.09949497892433123,0.00419905594411439
230,0.32698362982277684,0.09322110045700129,0.03673601839016522,0.011915631841193314,0.02346359731810602,0.004387843676599771,0.04483085968787152,0.027489253808574792,0.013075047978735134,0.00935015564884638,0.01788351349757623,0.02382961808665778,0.006369293846009,0.012179334574475814,0.007013090222036851,0.008720003129714396,0.047371922387652,0.24068787207594197,0.01827828046906502,0.020613386311207283,0.005600546769793259
231,0.009873142716224461,0.0663140600157272,0.0057514186305524725,0.004153807110141469,0.04804510423310823,0.002193578579421071,0.011675951271223206,0.22566747422582192,0.007983429631698943,0.3932727500474113,0.012729668054301577,0.009286501299220852,0.008872459829118372,0.018385599213908175,0.0038161817985889455,0.003437549031929334,0.007146654335292139,0.13497590706365004,0.005906886806242634,0.019394822504611366,0.0011170536018062583
232,0.13402063888111374,0.1302037438361674,0.003502046543916408,0.008996241143198533,0.0044928863025128505,0.010514615198809718,0.06079421109467358,0.06385121756331734,0.004549026635537368,0.040643299188969015,0.03461771043753053,0.0033677436566095127,0.09671772257097877,0.08968386123242206,0.0018257301838521293,0.12316933582931323,0.07200478055156243,0.09878981108490174,0.012965186652295726,0.0040950637585284565,0.0011951276537894599
233,0.00813970777856004,0.01409607054007316,0.014027541089573103,0.014548274110996977,0.010399138673548405,0.00796119672410114,0.12481593436547526,0.01309526059375585,0.01727811612906296,0.014546457497806581,0.018159841526708773,0.012070888072915025,0.5859009825265381,0.016792342801993706,0.005822049712405838,0.005142062414213663,0.07598542093456534,0.008543713953147063,0.015321109640575712,0.01301001374760153,0.004343877166381761
234,0.05564978431491129,0.022523244695329625,0.005593408562002216,0.004396195856921999,0.01501109156342091,0.18208386958827968,0.14642607845943068,0.006459765427654282,0.05585054646512638,0.00256600802562896,0.007314744105874724,0.10926810137195914,0.0068790067088465206,0.010671266337158225,0.1893119798898706,0.05102120794929535,0.006773004506194197,0.04891975181001889,0.033039257292553484,0.01230966403153839,0.02793202303798444
235,0.08574532771931519,0.02114760329944024,0.23628487383230787,0.13391240797850198,0.0032897765615059246,0.08147148109951152,0.044061300712642935,0.003606772236134299,0.05254894364886459,0.011203553007416748,0.008546204168469079,0.07903972287400747,0.0022149468770304172,0.053543177034053,0.015117308080820112,0.06103858504549838,0.047370322850579905,0.036948197934722725,0.003428896404717285,0.00296112949858464,0.01651946913587585
236,0.0607949862729967,0.08480109320970074,0.03522136025501994,0.034821328293850866,0.02822134991076022,0.03871029772988388,0.07153616579010197,0.03960798584509931,0.05788677035763657,0.0703782940057478,0.04966131382440255,0.0777707557471738,0.05325575039051156,0.04506384009796855,0.022764599302306513,0.05167676902483446,0.0717024121321428,0.0454707612877866,0.007948122616729255,0.05252461569984154,0.00018142820550440852
237,0.055316548786412324,0.12396882673599384,0.005993913539829434,0.004482496735830638,0.03045826354071161,0.020442974738023575,0.03828901619124948,0.05225728643580275,0.055726579344687506,0.05398365410411706,0.03756743513758861,0.015887221781770766,0.16011907651804214,0.10677886083207089,0.011049634767798718,0.05470885631558887,0.11754213501831358,0.019080875235749365,0.003462691250168517,0.03182063187636471,0.001063021113885618
238,0.013745786536961374,0.07908204080784748,0.000713579754232445,0.054096141306957814,0.04517160953261775,0.01080012838825137,0.02287903478559154,0.1409397637754273,0.10368983565926156,0.10878811458418436,0.048717727836275336,0.022971282356303427,0.00036299153189135063,0.07531401567853811,0.025948380205761085,0.04144505674558425,0.10029242861727931,0.09933475166053655,0.0005716687974416354,0.004980235804969653,0.0001554256340863497
239,0.027334470465069843,0.06622357631010449,0.012102838524108995,0.01103472039643859,0.009542693731471213,0.047009407728177244,0.08495053169073029,0.009311529762335473,0.00885232038189982,0.003827618505838671,0.011539853805086528,0.4947727084454425,0.005419223405463851,0.01181412239153079,0.004816694748928982,0.15244009643281559,0.003776850099437818,0.006891386816016189,0.011728827913410324,0.012879227092791006,0.0037313013529018182
240,0.09842597458490011,0.056316960537679955,0.0020706296280233773,0.0027765739868291597,0.0012367497287334008,0.0016261145002338287,0.0018385841005867747,0.14635849228815132,0.003175195668634025,0.016670295452271094,0.06179416902238032,0.0016079701987953847,0.001248520763496767,0.0021235572325005703,0.0008753477317957045,0.019347501514767194,0.314591536629716,0.26253025467166763,0.0033468242482688547,0.0015058883694939434,0.0005328591410746062
241,0.02654987963320225,0.020261221157902205,0.009560125718620742,0.15799596321718254,0.011032439071740237,0.01551271694073368,0.043295322040274364,0.009232404599757483,0.12444846241755782,0.002291245208531564,0.015895870621137915,0.0071734888882128076,0.0022524797148603722,0.5125412028848721,0.004837673648433401,0.009383996793800425,0.005394025926969454,0.004557953720091546,0.007417019578764628,0.008768307311202064,0.0015982009061523436
242,0.021599731976536547,0.017913836315839888,0.01757904233028361,0.021731955414551515,0.030751857349208104,0.00801567911636378,0.017946166265088038,0.01651214490218159,0.012734745685316412,0.005782736395731135,0.013545891753748615,0.03613574259053606,0.00792507588112582,0.014060367710280602,0.005302657391448262,0.006628343522027416,0.6970029566351542,0.009323073577321497,0.017404719185181782,0.018409466624450203,0.0036938093776249584
243,0.04898980300884695,0.0798711031657104,0.007032909851081392,0.0035117925990888737,0.08421369523731588,0.003058300492220119,0.045512668923864824,0.07628644467224831,0.018980085526039494,0.14199395955226812,0.10184376742571148,0.018679206597840507,0.001535839383663756,0.08604180506814008,0.025538587184294057,0.02362730098937552,0.11077870896809755,0.047603576712716034,0.005546208672709119,0.06859240223186365,0.0007618337369038236
244,0.011698357175789936,0.02478924488271894,0.016359115462302523,0.023711897769333135,0.02655263074674913,0.01236137668531566,0.15018396291839387,0.021198230039835734,0.018317800715795557,0.012559048977452589,0.023469882874080087,0.02492869818758486,0.4908405837331349,0.015832761037602307,0.007228300108106858,0.023750319432913572,0.016229824830617204,0.0119757615751861,0.03912922731896334,0.023290937231528364,0.005592038296595349
245,0.007170792014128063,0.013768247741575446,0.015698918293946856,0.012792785975295122,0.012321662079754074,0.5946384080073078,0.016037017839258174,0.016702590208008225,0.009612009166929574,0.005073890350686234,0.013059670209066655,0.01443211070842733,0.009837186248009054,0.01776829260350078,0.0080812593426274,0.00521407307036894,0.006713661929179614,0.13718842232853157,0.012263293150497102,0.016451040034425417,0.0551746686984764
246,0.0038579652271133447,0.0906580197186176,0.0026755049811721643,0.003995382386328502,0.1250012982953543,0.0018480704753977967,0.005142365671877592,0.08350265166587711,0.002421096388682017,0.0962913607805113,0.0023177351567491835,0.0026243139996042805,0.0016245887494216772,0.0093354164773352,0.001498356850041638,0.0012144942734957948,0.055217468182413555,0.12766200343538153,0.3040545437801233,0.07847110184408644,0.000586261660415753
247,0.0065235743676301285,0.009195990150210156,0.013175644545163,0.011311694398553158,0.6381186989303206,0.005155382045016536,0.013649710944359197,0.012936301779057163,0.009781623612241929,0.1847427000786478,0.014994949875362413,0.013387186299658495,0.007365590856003507,0.01198216148753802,0.004214099025512042,0.005444425955068534,0.0068201015858603406,0.005512729136439663,0.009723701737208814,0.013217577393412913,0.0027461557967356533
248,0.015915790753996777,0.10901977831724703,0.001621722974175506,0.002904585032320713,0.009294700671210411,0.0006957487955971324,0.15930360750895917,0.08736353282236668,0.08742517816942313,0.00549376389356326,0.0774743147280429,0.028761220886219237,0.0007029337506969063,0.02864024930441018,0.1897186878956761,0.039968299563888324,0.006381423119128163,0.12561749041977854,0.0012237323802107567,0.02226664345549727,0.00020659555759181266
249,0.002710535102659117,0.11267407634424155,0.005337715526671889,0.00552104950025083,0.003922030002372433,0.002367278336892235,0.0027457442121536306,0.014138471537879236,0.026967257334765283,0.3480579900982776,0.3077122829229976,0.002889911474951438,0.0010461432192141978,0.0041631204572970355,0.001314950864780209,0.001270390752844376,0.14501825878376143,0.002248847965889632,0.004953545096162041,0.003740040978040751,0.001200359487897455
250,0.03570620807496821,0.07056521874867351,0.007249337588191799,0.004195710781615104,0.0033162976114023096,0.014834147230926539,0.007486585580595246,0.025273325125868638,0.23179104870270015,0.003188534121400528,0.022442940466295195,0.061238542560217345,0.07761556097852558,0.12455886212650068,0.14978142741608222,0.05643266070662101,0.036884368980043276,0.05928048213510121,0.003967798966253689,0.003475904885342022,0.0007150372126756115
251,0.022838420631470457,0.026938148689479618,0.28475633879418,0.24507603962033153,0.011607492358722332,0.018506969785143865,0.025685664880100278,0.008018565096665169,0.006339460822823592,0.0025850364991146135,0.008398619393561782,0.08053127411740266,0.0038764157856002166,0.037686475968737816,0.0028992470362473096,0.051537276533732135,0.054058801504890175,0.005205636990882278,0.006627653296164899,0.09494024084265612,0.0018862213520930693
252,0.07743386559203454,0.10477736927282155,0.005370242724193105,0.01545258544470216,0.09839165975456128,0.23679288064551976,0.009184722788083178,0.005017121179843352,0.036369899896010534,0.003063659703607976,0.029974951878324097,0.005706625599004314,0.0030119100089372325,0.044579351879348306,0.1522274643980476,0.00804906423526542,0.01157700857834471,0.041169324534758474,0.07338560468925348,0.03722866496794813,0.0012360222293908562
253,0.0035738008506661536,0.03830075217183639,0.2441643511212089,0.26186307970128125,0.0045652537605536695,0.002098991176197185,0.005940208522526913,0.0190255060110871,0.007930206755189214,0.0023373847285658674,0.014282408901193677,0.0886287234505189,0.002756971941187666,0.0397386602238336,0.0019418966820303472,0.02839877479882573,0.07153716178691477,0.005292230367507013,0.0049939258821897,0.15054886021801808,0.00208085094866778
254,0.008100669725253131,0.011617854052880445,0.010390895053760563,0.011202390841121875,0.010002070805764584,0.005851751519522062,0.011193247656868901,0.6294510088151545,0.009194278717453814,0.15812847382535888,0.04822654368433916,0.008712895538131584,0.0070104785569644985,0.009812717222517265,0.004930318177613567,0.003918614650701841,0.01714567839191418,0.011529544538903697,0.013030241536832335,0.007593591519362421,0.002956735169580686
255,0.0046072288837509905,0.007622594771174909,0.00752817391562309,0.008343319142746651,0.00564330854314266,0.7050238774824709,0.008839517752624723,0.007570052510292111,0.010432073139212038,0.0029253393031419186,0.009862973673770826,0.007482948372535269,0.009737949295525952,0.015402059507208209,0.008656545884235952,0.0029558349693649135,0.005415225444228632,0.11203606936247355,0.008007625340519207,0.0070643181171113276,0.04484296458884621
256,0.20527549856109992,0.719623874824351,0.007149582064971678,0.01578303445502902,0.003650272100904168,0.0023583580777007296,0.00358127098362275,0.004171253469297638,0.0037347741293903432,0.0013689379309132985,0.004366300124493191,0.004795554021758573,0.0017266922334906664,0.0029143888679137504,0.0016145872317344819,0.0011110101973389032,0.0019888778242141392,0.004636027561031893,0.004957191691523636,0.004087506624603182,0.0011050070246171196
257,0.010985408674799543,0.02790684963484522,0.01912275676234826,0.022320171129253098,0.013808659245248017,0.009535383067998686,0.019843255927929324,0.04501705712654208,0.03675508741040869,0.007406433740175761,0.03533519260948876,0.021815279949794777,0.014143003864241848,0.03823650028045367,0.009795956418067788,0.007404424361301132,0.012595278681216246,0.5815646461197587,0.03148088656539293,0.025453989382834122,0.009473779047901476
258,0.6505168664837142,0.0165982272411748,0.06672450975100482,0.016856292453001475,0.013292632999949004,0.006807794199738398,0.02122245528346321,0.016388628253559332,0.022135260187905337,0.006760147517475852,0.020923596272365664,0.015217620963006717,0.006898339307759052,0.019885527114521868,0.007493599468948217,0.02586685389171083,0.010872966920549903,0.014807604199908045,0.019862125718018958,0.014824024168041586,0.006044927604182478
259,0.0040929191327910884,0.009017362637861492,0.01088546967390712,0.008533046031586337,0.008535332547965025,0.006342276815666588,0.005230217270951465,0.4370310025660251,0.006386858193097217,0.2596424097417191,0.15859865613865795,0.007968839606241446,0.004797308806648682,0.005625707502649616,0.0021916935250090486,0.002539147994177664,0.004059143822472621,0.04301842277494287,0.006661802796456444,0.007416698607586143,0.0014256838135869871
260,0.008246669205437733,0.015856970206956235,0.4489092695480488,0.009970952010773736,0.01604954790130561,0.0074891549440776655,0.026683643086176555,0.026037583583810475,0.03033953305942434,0.007372198765379054,0.023755935153789282,0.02481748580428585,0.017684501521261446,0.06512537452596716,0.013635537410288542,0.00811716842318458,0.010990895426564713,0.008179322562578141,0.018287445290959534,0.20694261538209377,0.00550819618763687
261,0.010915887747915215,0.3562672438556302,0.009297609990922993,0.14507434570674274,0.07444668552727125,0.005874168576448828,0.0063016264722972155,0.0076193215059529,0.0061843755618108546,0.07158779403860276,0.10802172853744713,0.007538793285710103,0.004785775509554569,0.03841163137728541,0.0050684400372001,0.006540985857220428,0.003329358045612496,0.004120917744017041,0.01841100002529496,0.1083331157472512,0.0018691948498117074
262,0.01126397601168494,0.029717670218937856,0.02038724606739414,0.029089345199311473,0.020324941982175288,0.014021569699722333,0.11137707092424122,0.022186485862430078,0.031975424842108545,0.015138764282732996,0.019627514815275873,0.01903830486239659,0.4392512977638103,0.029756607990473,0.007182970496051899,0.019875211233910065,0.09990838121796992,0.010306023987648714,0.022526164261426406,0.020031751359662713,0.007013276920635611
263,0.17457362387621264,0.38454386576408656,0.0032185930243613,0.020824217582334707,0.002850554160721381,0.03975054404408809,0.005414403619803092,0.004109244958893646,0.0038656769484913833,0.003486886074367797,0.013046717979360885,0.032416547622458915,0.1315459547178592,0.08924732120147356,0.0018425252682431387,0.07568070964112816,0.0022354063887632483,0.0014606850091518216,0.004477315589425056,0.004255655802742991,0.001153550726032425
264,0.007536573706161322,0.024439575096792936,0.024336515440879652,0.01358642195413161,0.01897699909856639,0.5347580078386028,0.03615502552192534,0.026132824233338136,0.012599622197964356,0.0049738599721440985,0.014959648949381699,0.02756030354903975,0.009377110189863836,0.012653130675991164,0.004267317140522391,0.007482612202530722,0.008584772049652438,0.05925850039698998,0.11522096400301902,0.03353643419625011,0.0036037815862522047
265,0.009002515943669109,0.02435286315251642,0.028634475253468492,0.03763602462985075,0.016890319531648733,0.011546492217978566,0.02041260595394737,0.017608790471231435,0.018338019178855913,0.007792739430737633,0.014591298059240329,0.011478381455416546,0.006960856477940654,0.031814567870719686,0.0065243250641519495,0.37623267241082564,0.27312477068189805,0.01673852585210418,0.026579915754169736,0.035235010340774635,0.008504830268854192
266,0.013832586180785972,0.01897480289745497,0.020457300114694432,0.013873922646782074,0.01422045899412331,0.012161680011478165,0.026302284146478765,0.022420282078086436,0.01696927559937447,0.022872853398356124,0.021114614698402034,0.022245605173767738,0.016376131060214554,0.024015182568782944,0.009029881762985711,0.6551144417393776,0.01852274771135476,0.010179742167152795,0.014361849951904343,0.0160685570814309,0.010885800017011742
267,0.006495478627279359,0.009918736196123493,0.009863253505751776,0.014360770493198944,0.010969431346589393,0.5969426606160761,0.012772621164402346,0.013656608402564906,0.018768368436120984,0.005156520560472903,0.01991687944161889,0.013450483899699812,0.012219103138215753,0.022161744289908327,0.014286062032465205,0.0055852413324889725,0.010635751667919828,0.10709082581231862,0.019374479447837507,0.01373056120042134,0.06264441838852543
268,0.010687873040086643,0.014084011682405263,0.019212926294244592,0.025547207698799663,0.020728838775539108,0.026473502850212296,0.015509654508893947,0.02782633458564804,0.0466779172550091,0.006402267652320645,0.029665058161123276,0.023975981149586777,0.012870296462808547,0.029160962859731843,0.00921748762547646,0.4951016704010241,0.0075216231338221156,0.013438778629320464,0.018673700919143558,0.14225882594103526,0.004965080373768325
269,0.009285177710820674,0.018719655971565007,0.024337606506633067,0.02173522838447353,0.023159591488105955,0.009716344145540333,0.01582819004888957,0.02374728150402507,0.017651268089032248,0.008333135414953181,0.023247477870542255,0.019696391695851075,0.4798101208192284,0.12039496719876164,0.007810686097396868,0.007781436788433998,0.11818003235152093,0.008882374088071727,0.02042493565358772,0.016205589020515387,0.005052509152051463
270,0.014812485402926734,0.026397786663619263,0.03858474239854411,0.02394068569117205,0.02126206026595905,0.008472170660543309,0.0500116984035347,0.3545031691353449,0.01729924080490765,0.021245789342288334,0.01348677978662805,0.016639047640120086,0.00959507584681014,0.03104628479718327,0.007414747961346475,0.006995171239112708,0.008164815058668997,0.2613036773598331,0.01808274662732554,0.045358085108987624,0.005383739805143859
271,0.009769157318142997,0.008870981231221996,0.02482089843192191,0.014754381680562942,0.010030519863313015,0.007261781351849209,0.01219818360255963,0.23571254162512967,0.019168372130456694,0.2842348772847555,0.12642387948475228,0.02689835429107074,0.025517435947760448,0.030942554018617188,0.005777546984097545,0.005577736478134969,0.012156331940467835,0.10392832601154389,0.016312009775032242,0.014713057989469964,0.00493107255913937
272,0.013389461438255075,0.03560925062030369,0.2608409927759578,0.023899310117568264,0.014883853561853094,0.06329463762272937,0.02238911463521792,0.017010191316658096,0.03171467049686893,0.011716197567569203,0.025485254291511255,0.15556247273234006,0.017855331144564404,0.02536042132214943,0.008714296267093786,0.024033112041481678,0.01451409106465549,0.010281972977329721,0.03396522087682729,0.18113341537093394,0.00834673175813158
273,0.06605631568725431,0.07701704571491695,0.013809017223895076,0.030184957456635655,0.02352353096582634,0.03825537537049041,0.07989483019049043,0.03321233961675863,0.1527417906776636,0.026306892265862147,0.025500410617790795,0.028867823351947607,0.06662847864840607,0.07702732946673758,0.08674391606439773,0.06075213158819964,0.021290510016910836,0.054365634482456286,0.011881401958063899,0.02299407535750175,0.0029461932777941034
274,0.06027456212537167,0.07245847037709291,0.007998287096000414,0.0050436257976439886,0.05173884497428138,0.028279359869794237,0.04105770943767691,0.08924043604791132,0.011528474479097628,0.12155031508645124,0.14602865592229933,0.06909175544043648,0.008463353388086126,0.07281654725771612,0.02758918778281617,0.05852106818667211,0.035767696901850714,0.061679404525436354,0.010072616551006575,0.020123856772259818,0.0006757719800986279
275,0.13979156873435528,0.0513963048210627,0.04168802828242069,0.08885142900888861,0.011028550639999649,0.19260414577132237,0.06793491457980809,0.015063344705233945,0.01058100746655754,0.004096681559328263,0.010207325513641207,0.05207317683880281,0.008091368205393884,0.02930088146543487,0.013170480917289167,0.11393821186016896,0.00762476351567632,0.052045417374592375,0.01319065553850283,0.015967265647570884,0.061354477553949564
276,0.06096585402311705,0.06626096616930563,0.011446395093914855,0.015797209031295095,0.006700311855055592,0.017191819552509733,0.08336481276964709,0.18241896724679776,0.052749013281482654,0.027580170974690954,0.0316335850409951,0.08110899969614921,0.004686538091386159,0.03190788128898205,0.2609563623116031,0.04035105316647023,0.004506933051643184,0.004359916264094909,0.00789665847026342,0.006140213424979491,0.0019763391956168328
277,0.0070588861360474835,0.2074691074582347,0.02888647180491329,0.013627572787802173,0.027434714242440077,0.011234378362855893,0.02870938619972019,0.06786987597266665,0.01794583436787067,0.012120409800357668,0.02588759429307702,0.035290943551323097,0.008253845730671538,0.01494858377895407,0.007660679979869917,0.006435923020014986,0.014435672540430655,0.4145380536443947,0.02275697623949713,0.02264901191856176,0.004786078170296265
278,0.015126420922684866,0.04595678669563693,0.02311075176658929,0.026603433078109362,0.016114092969953416,0.010508280524935347,0.018415930498553567,0.4416757420254509,0.013558589969120996,0.25613097357270687,0.012267152619175324,0.013321342939013492,0.010870112348225838,0.01782952636785097,0.00550734038608051,0.007419041524193474,0.007447771875315341,0.017940153269743055,0.018702700387030202,0.01745094143715882,0.00404291482247125
279,0.009627965923655305,0.018453576572715385,0.022716797045147268,0.024817657339773046,0.015906953917385315,0.49168852349257036,0.022350162250266297,0.01831353453991624,0.01702350651807963,0.006810602322357637,0.02426482780910025,0.02080517749115756,0.010605233977271157,0.019330856545370593,0.00593773095151495,0.0074709942508110775,0.011242677079285576,0.12873583625391014,0.018920365317834028,0.027670771827937923,0.07730624857394042
280,0.009961426868258837,0.021907472270536396,0.024572115401698336,0.023904306963662702,0.014835950972687478,0.010672030308410766,0.03442070888000167,0.0434708136782826,0.01599691825212406,0.6571702312178094,0.018696665690567695,0.023581989048334303,0.005983473940957814,0.013787597362941459,0.005972723504000084,0.005748522592149737,0.008803050676845321,0.015950460719404945,0.02123242773978587,0.018188836069218076,0.005142277842322474
281,0.012487091170048524,0.019014593097727992,0.018541119110325157,0.023726407170486203,0.015306930292377908,0.014263111078930904,0.021518366413757244,0.020860553834816376,0.01826898451549187,0.008358295376428222,0.019045786595301064,0.014553256924308302,0.01482564400919576,0.017108795252605568,0.008169167309255085,0.005903361273336187,0.013254342873007682,0.008820573461178866,0.02862187318189958,0.693596859770691,0.0037548872888305764
282,0.00921937543836089,0.20582098468309962,0.052315189488156506,0.03169052493164893,0.02400694649955912,0.4035286532314733,0.029227643962145566,0.018513623020290523,0.02009584494729345,0.007751808409860855,0.03710294905081204,0.01954035989420791,0.011395787892701056,0.038816261603975985,0.00970565516423976,0.007520450160548093,0.009365393494298543,0.01143604319630224,0.024515575671219886,0.0212675584562997,0.007163370803505889
283,0.016237797632647013,0.01940326867001867,0.019728286147639842,0.027736213621162548,0.015775452053635078,0.0179972754087748,0.01426421516289627,0.011714387817889119,0.012354463970336974,0.008403645508345698,0.019140276500976383,0.7036660121326287,0.012790599817904041,0.024036312591740452,0.00951568704638625,0.0071059781120814194,0.008405152043988505,0.011427780081100099,0.023672455069897295,0.010986256485977423,0.0056384841239735676
284,0.007721536646307466,0.018865032397065405,0.02621899933469676,0.01309092436253019,0.019777175101894733,0.5055743328806405,0.028376217701431616,0.03195378739176947,0.01517650436811011,0.006698604183344487,0.016374975428228886,0.023716209608528216,0.013464722503221184,0.014790606723415457,0.015423896831919465,0.006927602315046508,0.009445472381648045,0.07938808038385749,0.12327879404547555,0.01906181515850059,0.004674710252367843
285,0.016847109623122296,0.021085329038836573,0.02421427516381788,0.031765696547352014,0.01160777661776913,0.010939829659845723,0.028153670911494438,0.04110219006753262,0.03137075423130637,0.007410673968289878,0.02672972085744949,0.029445398383776123,0.016333942141101055,0.024547681389863924,0.008513844657649405,0.010223206978310381,0.014446877510369308,0.589587958766734,0.021990397755121415,0.024803860501269398,0.008879805228988598
286,0.024287513641227453,0.01616336110292411,0.01765494278834206,0.012724110486034718,0.013347983003050868,0.007251302832024529,0.02049555998568016,0.1745453129096902,0.014801689275846212,0.003988653373265726,0.020426485263093628,0.0213534873731317,0.008976908801086203,0.016663697304097936,0.0070603115200904105,0.006511895431062065,0.007382335016105099,0.5630148458474767,0.015952496635497703,0.022466000897117613,0.004931106513154812
287,0.04860838570659882,0.10538592626409808,0.001421614380271396,0.005833874382890444,0.0032842125456078925,0.04355653171939628,0.024873452906688947,0.05031838082935688,0.009322157824688182,0.035845853975181405,0.06324350273665676,0.08927731944021207,0.022927874131229858,0.1108939533830458,0.09438836144559686,0.04563048521981979,0.0878354305119637,0.037958254984528594,0.04736684801652704,0.07155159104099523,0.00047598855464599005
288,0.09391782264002008,0.004235152780447403,0.004887048416307532,0.004447486592705851,0.003031577758800312,0.11711625153436837,0.05690967043027254,0.003305394443995075,0.13314892318000923,0.0017237369410405539,0.0037625835167303264,0.0925338066530681,0.16709293106505493,0.0349547842302756,0.09685823276272947,0.15514229159411405,0.012692902842611103,0.0021603462465968524,0.005271474650078555,0.005133308829125893,0.0016742728916482187
289,0.010408966090851806,0.01978225239458948,0.033174588854599514,0.02947545352321523,0.013885716152100524,0.07372336482470104,0.00950846500045707,0.011274703365763396,0.014404587509931203,0.006748329542309899,0.018248482760706373,0.6306824579115374,0.007380214011346843,0.028354889511793505,0.0071868964301214965,0.02710478444932507,0.006129737773056543,0.00950016541470982,0.02663956487052935,0.009883583677184796,0.0065027959311694415
290,0.007385621443262017,0.013111317969343998,0.014790845223684906,0.013583380877283772,0.013761597577680619,0.6366518441360515,0.020084387223592,0.020006293148552748,0.015879136544079294,0.005724209427316507,0.020135020815382678,0.017535199198324667,0.009472980273284188,0.016199477962061167,0.005526120923204062,0.006215892532318354,0.008051975157198854,0.03131725743242205,0.013985513342702573,0.02366189913605138,0.08692002965620294
291,0.08463641650832615,0.026074928435670996,0.009901585764426547,0.06492726740076361,0.00702093709000206,0.028811451990042775,0.005988388950893164,0.012696545050350944,0.0035709720330398664,0.0023226550995074655,0.04411249851175245,0.01230278946908888,0.0025286496336629233,0.4271641365585659,0.009698831571616794,0.1304619224926555,0.11024977938065487,0.0060197437509316555,0.004616375921742049,0.005632695033428802,0.0012614293528765462
292,0.008068242292115944,0.01780343714847426,0.009369088291517782,0.014554575662593855,0.4863047971446271,0.010056916048970903,0.022180917567558522,0.010832839338947459,0.012256501825782648,0.0036755248815029972,0.012610724081533768,0.009372286410539703,0.005895502104296106,0.01193238745371253,0.006335177817984387,0.0043350457150899925,0.011263907667756229,0.007105187277130464,0.09436421865246314,0.2387630937649887,0.002919628852413446
293,0.008052979604376122,0.01344059422840004,0.013856742087444382,0.016470614416253124,0.01444944266314894,0.005764838543680969,0.018254952833041755,0.34381643398481515,0.01732730874008666,0.004782981958118211,0.018547402896118018,0.019736951599467017,0.00875390723371408,0.017377833586979998,0.0054008695821226,0.005754925853508844,0.008583647216221494,0.41650601112342667,0.015721484457746567,0.02241873815237154,0.004981339238957851
294,0.01488661634576892,0.01651762637704794,0.02795039768610304,0.025530267144883323,0.020661160881063585,0.031626186485796605,0.028065848216759323,0.016318484857096627,0.0207705367469037,0.009157038014283523,0.019508442283918383,0.02844902555718352,0.016728500516854032,0.02717265772798333,0.007988996071705749,0.6073669245667311,0.008723343987730654,0.01222035478841367,0.025838373881767133,0.028803514776015476,0.005715703085990266
295,0.5967517086662522,0.02027233389470706,0.06092823245278756,0.018983311774817168,0.023181615361798098,0.006846711872428075,0.02364264187481416,0.032588044283216634,0.018604269234001766,0.009190392037193275,0.02801408045141776,0.027442144954658226,0.0064945153133870595,0.019673678086832836,0.00840456618813059,0.02646484692737909,0.00858287731935257,0.007849596056296452,0.021456531368467386,0.027787223275496473,0.006840678606565626
296,0.014565339851567235,0.02365297159050836,0.025804744637317436,0.02712548920179567,0.024358064629877312,0.015314808849162679,0.02371444122252545,0.575694978403699,0.02718926939641697,0.011045483730239489,0.02095720347497013,0.02601000071322381,0.013160651653277797,0.02278188299447215,0.007814195264215567,0.009139918092948715,0.039716749794609,0.030778913804256663,0.025871211436785446,0.028700687789298605,0.006602993468832576
297,0.017321613459663765,0.022123017373246057,0.016404096000733906,0.027836108529515752,0.013389268970666205,0.007528666012132267,0.021805754890214024,0.055654984116510486,0.019478439964136746,0.007518658625953759,0.016624211901762064,0.04260169844489783,0.008837296680289007,0.018147254643918743,0.006351806925342311,0.30569486799573015,0.34734692442320075,0.008853745126897471,0.014467587525803821,0.015799635893911056,0.0062143624954738574
