site,A,C,D,E,F,G,H,I,K,L,M,N,P,Q,R,S,T,V,W,Y,*
207,0.003405779972996126,0.044439291577138995,0.00555925001953563,0.004466325279563375,0.004025569938406273,0.0025909759039407423,0.005391193663575106,0.09640896241163752,0.0041638342245446935,0.6744156902851597,0.005106649982642462,0.005124228364590116,0.0028400687164389397,0.004065438009673515,0.0018052299986717067,0.0020068622703954347,0.01342390678865896,0.11004073538112694,0.004558571271293981,0.00517941245619274,0.0009820234838171726
208,0.041830266586241324,0.2514459814487037,0.002227697391201993,0.0015539098065747857,0.0015548358041512255,0.0007249990509254269,0.0020062791301067263,0.14058411474102972,0.001721226153541568,0.11469374090113614,0.06953277487223161,0.0018637268951357524,0.0009516128908915403,0.0017040584207895606,0.0005871043564884039,0.0006451412887555331,0.0205210653227259,0.3422526428772038,0.0014924445785870332,0.0017369156877329833,0.0003694617958450863
209,0.1397115789756374,0.1861472278969502,0.006044376574240851,0.003931827761847392,0.0058529087715159574,0.0030827249385937294,0.00353125329394421,0.006704288953745654,0.0028235351483190223,0.0020899614606532378,0.003922770608907,0.0054967127141406155,0.004567886119032624,0.00281647172846973,0.0017107890780239357,0.29781999075469595,0.29024875249270954,0.018765665251692,0.008547363046560069,0.005343628146763018,0.0008402862835578753
210,0.005499887611053451,0.013848916162443166,0.013412749808595574,0.007408708436115728,0.008647519050083518,0.004825399543144811,0.014977128249707393,0.007231338937515227,0.006270258911258991,0.0032745444091349207,0.007474049684977592,0.008260624296637705,0.005338081932343001,0.009226866814344944,0.004112392496189734,0.002860308043800535,0.0038593054730830193,0.004599574637554619,0.008917332898796364,0.8585418791331922,0.001413133470027526
211,0.1695410481511362,0.10570268026425636,0.02571898801633804,0.01258361893864002,0.013816348475891287,0.11148107335975907,0.04435139020887702,0.019590743243798756,0.003010905999317961,0.03445200906715989,0.0732250738009059,0.15500758751822513,0.0009765011515246414,0.05601538971778021,0.00778981616881992,0.06657456139750209,0.016899180225588128,0.06472232306167089,0.006207935800645378,0.011860832087066439,0.0004719933450966423
212,0.004052823403726702,0.0085147491752585,0.014324778579392357,0.007736522360854314,0.009877241918657728,0.8655001645340263,0.011827492044988949,0.010009112797357339,0.00587380635210084,0.0035935519972649307,0.007547069881510701,0.010139625536752555,0.004664528855759183,0.006276105043070599,0.0030904081145586948,0.003233959120849422,0.0037121235875247766,0.003431916158836922,0.004617799854107581,0.010199715315965856,0.0017765053674356885
213,0.06416768048945334,0.03867822881627713,0.0013790746615030157,0.0010696082598625105,0.03003632522425842,0.40850210331805376,0.042402113605544384,0.001572497474004213,0.014277364750809499,0.018622952367898106,0.016179136656099272,0.02379243719462945,0.13973884573200837,0.010716489503172708,0.030390312299194828,0.031712923076773036,0.026909928960324736,0.002931055472772174,0.010069039191545705,0.0865632265246799,0.00028865642113548985
214,0.0031263562527953717,0.003610049806379947,0.006279744519434985,0.005104780011052303,0.006064575811653133,0.006815889285918235,0.006199893555315141,0.005915882076922248,0.0039736453718621605,0.002174563137836821,0.0042890049744263355,0.005838242097110317,0.0034802456520793253,0.004749806163671499,0.001598435545827602,0.001809217319766838,0.002476404270722171,0.003037389690375687,0.9147805237992849,0.007025305785496514,0.0016500448720685496
215,0.013945138766358972,0.021217543584791127,0.00599967665332457,0.0030380751301113673,0.004015715166053161,0.017334971723752333,0.004137730213982614,0.003768336366874135,0.3668241326042109,0.0038335850555764146,0.060281652792684284,0.0027131224070282016,0.0017666420838771861,0.04875706194274365,0.38435177149015154,0.026372807077262188,0.012255733331325843,0.01053954441417378,0.003375525172056936,0.004496595024227766,0.0009746389994331761
216,0.004088604975859084,0.17994577554464147,0.005142766215169507,0.003520734851610886,0.0026202410421312375,0.0020003010703275722,0.0048922363388065465,0.005736867237326308,0.003542498108191244,0.4175555298301231,0.34495684339392757,0.004944615670211563,0.0027342657764766925,0.004254223466548064,0.001538001081117358,0.0012308167010625826,0.0027432490653706305,0.0019513343807591903,0.002444239052496769,0.003578564102284509,0.0005782920955581003
217,0.0190101281547137,0.007486975649992022,0.4404879247157749,0.26048338226273227,0.02695489978504574,0.008512121815946126,0.02621537484404761,0.00798399373183081,0.007804315250648355,0.004292006341582702,0.012994453265186431,0.006900623032527416,0.004259559206460552,0.014941744210360014,0.00788699984198397,0.029623104079361938,0.007484036091138981,0.0034515028359226466,0.09684233498951067,0.004705677974061281,0.0016788419211717026
218,0.4740480388588428,0.0309773472906612,0.007753298151644841,0.004225459686023023,0.005998981620496122,0.03874361865841487,0.039735167569681804,0.006912540224428878,0.0064249179260454405,0.0021363498239996724,0.006403016039743255,0.004913617268444512,0.0034229133719317216,0.018921480553262274,0.016301556192748614,0.12329679937666099,0.144808983882179,0.03800390553225402,0.007680966211849395,0.01762270483208814,0.0016683369285995266
219,0.03033528604267712,0.0649852117526869,0.01237422122174088,0.05682305974160755,0.03681718532034696,0.0022838582360483395,0.04325001309347529,0.09111913569640731,0.056098274121396695,0.07822451930768086,0.09465495666893403,0.06162381046320895,0.00019435824321582253,0.08867197942204386,0.06927601562662955,0.027434071456172368,0.05624118230329224,0.07691160401788197,0.03393972772709521,0.018599138583506553,0.00014239095395171292
220,0.008553335117932551,0.006935962411513319,0.009807926807845865,0.02259779359695574,0.010146868498554491,0.00495618922999231,0.010407810999442175,0.011201528533167738,0.008567359550941456,0.0029755585208976927,0.010277584134952899,0.008170823210706661,0.007714099543574968,0.012352573953837164,0.006173004289186148,0.0040775330730851,0.0051961753453867564,0.006151743893145949,0.7615181897586465,0.07944057591246409,0.0027773636177702943
221,0.00863191295342207,0.019772553999931164,0.7482736044133147,0.01097067479577828,0.012690143699187152,0.009402214383488525,0.010321087800713764,0.013878315446490859,0.022059070694525437,0.00783755331378196,0.020057548324095467,0.010369786906658456,0.008230893784684983,0.02826440312089387,0.007017956790082054,0.0054601425105930326,0.008319637160023114,0.006813918555742697,0.03040957667998747,0.006602387246397801,0.004616617420207287
222,0.001020124357868405,0.008509122842384483,0.0018134846193242596,0.0046053560250922795,0.16146247130746766,0.10995414548421198,0.13631834112648614,0.002381464099549009,0.03565765467816903,0.004819903620603989,0.24528069725923501,0.05008136376432872,0.0016530145382254993,0.058788824906801096,0.01921753918532274,0.034238910983059465,0.029427728846130007,0.0007402207918634494,0.001637774764267392,0.09200109177826478,0.0003907650213446914
223,0.07750241827952142,0.11770241785623256,0.03196935266597111,0.04773150095972321,0.08493688291255888,0.028928790346775427,0.0685778215729416,0.05543121902799816,0.0017188458491288494,0.08044389895559376,0.061244846769277356,0.026592931150896084,0.0012947251785536606,0.02866596032492842,0.000572712875952642,0.040181480414518744,0.06265903849450259,0.054175506804451386,0.06205914103385658,0.06697939770053382,0.0006311108260837028
224,0.016991612802985067,0.004583530996146905,0.007608627516009468,0.0379831712197755,0.006487524436561589,0.030241903038523726,0.01257013100656747,0.0032552509869287413,0.006478750626975591,0.0022592451007153163,0.006510469306125078,0.3034271233570153,0.0039700996452135704,0.06034666558197502,0.0019056716404512778,0.322188011838877,0.15652713798852574,0.0029968298108855387,0.005965392848607733,0.006009725268806881,0.0016931249823275221
225,0.026809751481698875,0.05329453181655476,0.007141797426460511,0.5566411147159875,0.009600096008457966,0.005306577038656208,0.06509428429710283,0.009140752190436613,0.02243053275500302,0.003061427814855143,0.008259817453001684,0.014020948171910385,0.030973865724542984,0.07397570558849406,0.0043423192585280365,0.025357957588306015,0.009092825591094016,0.029933537954676025,0.012469954424274201,0.031614408103457864,0.0014377945965012504
226,0.016748552652307132,0.01603710482008914,0.013882157819271799,0.01607922775004232,0.013147653812407852,0.009408585789365648,0.02583286421537402,0.022382036785809058,0.03453837609624294,0.006076954113632056,0.016316963419926018,0.02222526565354433,0.012543582776206291,0.021890844235961753,0.007704536737185936,0.0076423726042499866,0.008895963401258394,0.683506047897224,0.022162586468676963,0.01712700934501233,0.005851313606212087
227,0.008425173565921793,0.02332448832053051,0.02555004985040367,0.008136229311850507,0.023222759211632228,0.01088366604601683,0.00556526853222943,0.017359713795852067,0.004743736461610432,0.0032282092781035165,0.009296693464144419,0.011797071960444152,0.00362850852517751,0.774314423620722,0.014272469180324598,0.005110009970080735,0.005061469606835789,0.00838131200977325,0.01583671272183823,0.01886961893104534,0.0029924156354629145
228,0.04984927310303652,0.01730032410197033,0.023281085922776626,0.041285108355078357,0.03245759669628867,0.01670553963524658,0.019606300323183508,0.028264147851137785,0.027855468998307167,0.5099179093902405,0.07264004739741253,0.0119939509233385,0.010156129410181269,0.044293644916292674,0.008662757454130553,0.007883814463355633,0.013143009367518953,0.00851403448114343,0.02847631530422675,0.018765840061543318,0.008947701843590575
229,0.028277455541070473,0.01644878475498574,0.059151003291171275,0.056954280736802435,0.014835068395325357,0.012640027915346743,0.11952292503670216,0.028916484879274985,0.001799896967440955,0.15088210001062174,0.13698314963845304,0.08557267014078951,0.018336851816098697,0.07222170856630496,0.013009992027478575,0.018002885296271115,0.02127465642247528,0.011787976167492019,0.0216253711494233,0.10682638798830624,0.004930323258165437
230,0.3471195049959469,0.1053881832376753,0.007678160849658418,0.011919869218097595,0.022205770063648395,0.004676620380918096,0.03866911252208388,0.02932672362547744,0.013400142183380221,0.008922166150104677,0.01842021818468099,0.019868217680140333,0.006696223068041161,0.01350613902675982,0.0066578546560656275,0.004981105878941471,0.03909496401870253,0.2587297445282863,0.017211286057267745,0.01992885753999423,0.005599136134128772
231,0.013322018873353918,0.07847622232093981,0.005316162244780303,0.004264824780214713,0.037076210178577367,0.002291822657704309,0.013020473455411973,0.22901905939574285,0.007781254559553766,0.3758266904776367,0.015162730311457385,0.009436298497408444,0.008469586026760657,0.017093674100875644,0.003394333871219725,0.0036219735888715692,0.006226528051515373,0.13945822256936485,0.006343996276567163,0.02340612375411574,0.0009917940079276514
232,0.14885309037568273,0.1017719561769987,0.003248303554191467,0.010101680348872478,0.004821726942594094,0.012306001618227458,0.0014812111660320714,0.07823926517424118,0.004066986343491728,0.05045287438659044,0.04857009461883458,0.0030468492232311245,0.10088705743067952,0.11444912249492992,0.0016390616600581425,0.12409438711476464,0.07460687623932744,0.10373690319188145,0.008421565539186288,0.00404236431602939,0.0011626220841552013
233,0.009508215708083488,0.017195984792003977,0.017460457687705593,0.01766087820146507,0.012017854063668546,0.009572922475288254,0.01205511336537848,0.015243556041887357,0.018918232388770592,0.019689583259045525,0.022427989799246765,0.014684627227014212,0.723925796030952,0.02078917935424414,0.006877933367330145,0.005366063297231478,0.0074672892371571604,0.010482590328112643,0.01784910713732608,0.01566560262874918,0.005141023609339386
234,0.07429573430879476,0.029039291502644192,0.006475751156292606,0.004780687976920214,0.01255092871039586,0.20398112663319343,0.09653330514241323,0.006243797105402132,0.07270281010353902,0.002737447188095281,0.0069181737634246825,0.12726351737141112,0.007036747171765693,0.012020616051843135,0.21441192133190756,0.053224912697545465,0.007339023183422756,0.0023349098309989325,0.04380943864955974,0.014905314392044905,0.0013945457283853202
235,0.09113673997755276,0.02621308787496067,0.2123254892273399,0.1472290339710548,0.0033654032379925626,0.09321652847720435,0.04567877602928319,0.0037428178996684784,0.05929283237219572,0.011202853170699793,0.011517967361360812,0.07559471113225362,0.002514012822438731,0.057179833839440794,0.015593840168687707,0.06396880670523014,0.0382809976843817,0.03485791315840524,0.0038094722434495517,0.0029172686894468162,0.00036161395695273027
236,0.06464554664296912,0.09711511601248837,0.03129031056469272,0.028629046448999704,0.03131657345382325,0.04315403957267286,0.06767347048369637,0.04359969857615871,0.05178131168064007,0.05500643500281083,0.0384871931786588,0.08749598716002988,0.05027256923623939,0.049101396986273096,0.022620169020440457,0.04597846988135147,0.07008451880774616,0.05295429698748298,0.006643881808698257,0.061973866130962556,0.00017610236316496487
237,0.060303100064870496,0.11027680657364197,0.00250591856365966,0.005084089043921732,0.026011522593176732,0.022466181807914244,0.039215123622160626,0.04194912832427694,0.07097713009530647,0.041623735720394225,0.03175631180901957,0.01836531247324207,0.17553832780322365,0.09093836872219468,0.011617352435950426,0.04107446777875401,0.13688430881113486,0.022810455978449086,0.003574296359998149,0.045986611875042084,0.0010414495436683107
238,0.01435835375275727,0.07474358317306115,0.0006064990913857485,0.05955279457087351,0.05505104399556553,0.012310428411618656,0.024592688489394866,0.11835765006667845,0.10345190617581318,0.10454910792263639,0.04984258405293106,0.026601418247192015,0.0003309595889652061,0.07347812247765606,0.025572884850107773,0.04681597393140988,0.0985342887489491,0.10697568898148886,0.0005517703402778021,0.0035800082318575045,0.0001422448993800337
239,0.034649327428865014,0.08935305575713712,0.010717732091245833,0.009301468042113166,0.008143306509934715,0.029275721519791388,0.10474841411158352,0.007796560556231108,0.007759136258745912,0.00336417774153023,0.010059168155085072,0.44973097965989817,0.004457638879059209,0.010284657892378524,0.004203953559833173,0.18042407302202437,0.0033634933864441167,0.005805447378683833,0.010848486007283189,0.012574084776354213,0.003139117265778246
240,0.09101090150031535,0.061026176422593344,0.0019131660641828097,0.0030788985765275063,0.0012168835312668766,0.001414390327125565,0.0019215602767538673,0.1460859451067087,0.0036928011345835716,0.0215909497419435,0.05002354159460759,0.0013585511051022493,0.0012231429215934751,0.002145914690908175,0.0008436055909258946,0.015528414792058094,0.31037549548701393,0.28044118851997907,0.0033666118031081076,0.001248284206338309,0.0004935766063640622
241,0.030028150531579693,0.02537534754633159,0.010828649644565912,0.17693446879446145,0.013622376163139355,0.012885415999842782,0.004534633116110942,0.010152250127672853,0.0037822337660624924,0.0027583095648040703,0.022109712631279612,0.008694622195045562,0.0026584038936515422,0.6266220826290618,0.006502503613579517,0.013107294795289548,0.0031383991712634995,0.005326591253958738,0.009147197574701758,0.00988591312181221,0.00190544386578495
242,0.02207221439027859,0.019332854271031336,0.01591276644002782,0.02277582073645377,0.0320351899926241,0.007758654086159807,0.018608231225392947,0.01576461433334668,0.010998875810041484,0.00590376520285033,0.012215594912689788,0.014118966984736126,0.007934812495867687,0.015302521052611522,0.005183646696426022,0.005731013881781329,0.7188338123889924,0.009146853519455003,0.01757734960100095,0.01930318176443619,0.003489260213796137
243,0.04331558407579778,0.06862318145464649,0.00766963164184388,0.003539849017766385,0.0717040317191699,0.0031810694399501236,0.046422398931075665,0.10266611076352239,0.02523359429576716,0.1522315646695628,0.04616104460699455,0.024995090105243638,0.0014386525710943761,0.09528576412138182,0.024939063125044306,0.027038411309170368,0.11916476295865445,0.0395611619655816,0.006303499814718933,0.08978064067496254,0.0007448927380508513
244,0.01405671265826804,0.031458917431194756,0.019603371561657527,0.025344721845278886,0.027901967176616076,0.013925169953067317,0.010859052929243149,0.022255761904947505,0.021513211601939527,0.013895238485193875,0.029479874418236476,0.030577630742230077,0.5925704534015723,0.019132246481497285,0.008331507226684999,0.033063140476565715,0.008274229943339564,0.01491845624954316,0.03006909151402673,0.02651736188716952,0.006251882111727478
245,0.008329040243279146,0.016555394630039567,0.01945140045859668,0.01519725267247353,0.015022823667891178,0.7352234211355186,0.02034873806059448,0.019493702264573164,0.01186579858107802,0.0060382585025112005,0.016536855797358866,0.017756037929433574,0.01192514072968091,0.021283986307723688,0.006762450160989241,0.006366108434260916,0.007746834306779913,0.006132161668490468,0.014856641422829813,0.020228413613686783,0.0028795394122101267
246,0.004649533861283776,0.097855026318116,0.002940838576908362,0.00436113178298206,0.11554001308605594,0.001757655407157616,0.003339985409916987,0.08760986418674174,0.0024208490565796083,0.08127375770699051,0.0026424991502405322,0.002372526777750339,0.0013942536430284619,0.011645203741483125,0.001856549219648437,0.0013278642876154564,0.06639865586014011,0.15577238733092075,0.2777413696550717,0.07656499714175184,0.0005350377996167861
247,0.007829166048678716,0.011175692783150873,0.01490092371086783,0.013494296521489256,0.7855486728164598,0.0061998387545456725,0.01621984119802171,0.013731485710562959,0.01157808980489592,0.004436965627720795,0.019558131558893903,0.01521823634261107,0.008866475915534959,0.01392112297557647,0.005069758768115978,0.0068265679976367896,0.007798880825352174,0.006721920897926007,0.011181772430999552,0.016489326703047143,0.00323283260791242
248,0.016195036693524775,0.10839536479620035,0.0015804117527749315,0.0031902209632841093,0.008777245135183746,0.0007175745049305992,0.15347349713380282,0.09887468638906335,0.09339635509173855,0.006083752479180445,0.08995569928322374,0.0008794320754143326,0.0007283519375802602,0.02293062002003426,0.1939407971539983,0.040955551102420044,0.006731725875679474,0.12948008165995625,0.0012759627617566363,0.02223487013721819,0.0002027630530349007
249,0.0019393007330545387,0.1003431406759824,0.00455523023135645,0.005597196315869612,0.003467104862502681,0.002071770480202046,0.0026086537300704657,0.0088620001190968,0.01687767706030867,0.3603655515669177,0.326626820528434,0.002724240451723179,0.0009893891949678644,0.0042313972350655794,0.001254820314678442,0.001126250599893671,0.1446952837624661,0.0022751173392635536,0.0047459397097364305,0.003478349577894096,0.0011647655105156646
250,0.04220778883507303,0.07301573002843634,0.0074819194247874535,0.004364732412275459,0.003461053774526432,0.014892302307950824,0.006961705618598258,0.03135796811291211,0.24841565363236756,0.002427297455668887,0.028752926185945098,0.002348318399081025,0.09013387161669839,0.12881917406780538,0.15016517428798315,0.05167193888988485,0.03937076748017852,0.06625094118496982,0.0034293773784188136,0.003767232007902635,0.0007041268985358625
251,0.025244048341250998,0.029939836782143018,0.31423108505577596,0.23856451873088497,0.014459085275284014,0.019745900269814085,0.03454268922896751,0.008021353931198455,0.0058904227185457006,0.002457531660236727,0.00992693328114314,0.10538211599032934,0.0040339598056006384,0.04937186894249565,0.002853112901219228,0.05947685030530321,0.056672769761593925,0.004121080783887406,0.006736284973207912,0.006441923636225329,0.0018866276248927106
252,0.08829801296097792,0.10509056480754947,0.005431895454691919,0.018339810803089805,0.11496877667804059,0.25471795334928427,0.010454023915434298,0.0053584685523582025,0.048097728348055126,0.003917313990781256,0.038407471147344246,0.005865565209297982,0.003271717413396923,0.05565276862789077,0.18147530393065478,0.0047296171206095226,0.016281906258813653,0.0016711796107442495,0.002606303022365454,0.03421164044045394,0.0011519783581657628
253,0.004699171258104571,0.05304092272885132,0.295647838312628,0.3121124283933031,0.005355919323876591,0.002559224731549274,0.006962474397767205,0.026785204469209803,0.007420248640220199,0.0027905446245137617,0.018919249712617877,0.06514543621231071,0.0034125488200615617,0.052094306842063336,0.0022253726515079333,0.039341083803039384,0.08363763967525789,0.00354934293355389,0.005860140407079111,0.005957100020362994,0.002483802042121362
254,0.0067573467972586575,0.009949210051414224,0.009711108201571499,0.011320034174551422,0.009330466118510954,0.005454262377991341,0.008765161113891555,0.6117577174599478,0.008484754766053567,0.1838968594303355,0.05165043225488497,0.008158699647079713,0.006503362649740851,0.009046435743639976,0.004431395057160137,0.0036088659399983935,0.02288219754280331,0.007132674222660822,0.011320034174551422,0.0071174895488113794,0.0027214927271424693
255,0.005101458786330117,0.009061587983018236,0.008809616970679151,0.009679036884490875,0.0065755170126168975,0.8412448381451856,0.01033451805856761,0.008430320195068694,0.01202934063022532,0.003298685609626288,0.011113298861742938,0.008487148512175063,0.011682165372919455,0.01663316878696469,0.0043788811896365186,0.0034498474971949664,0.006343610036034852,0.004152211951431757,0.0086224320482872,0.008300698943011383,0.002271616524792408
256,0.20848639920869944,0.734152742148017,0.006616331614254406,0.003149728118613018,0.0035422121592606705,0.002205199338214951,0.0033598045244774993,0.0040659247462381315,0.0038724595169473634,0.0013230884104671724,0.0038847746300674987,0.0040129118198354505,0.001583987374757687,0.0023997233899331334,0.0015570300090326466,0.0010806525337053524,0.002081160680056652,0.002351799437731114,0.005292461546049048,0.003940304479196448,0.001041304314445213
257,0.010193682566504644,0.02155672993540813,0.018908354450219565,0.022482503413913973,0.015951108028162235,0.00958975176772703,0.019207040743126944,0.024983876344077255,0.04046896007565882,0.007228090629099288,0.034149497577149135,0.020154059033302824,0.014268556356384455,0.0370512059038208,0.010569777147114556,0.007225076560787344,0.012894143505479459,0.6072007272391942,0.03072469992814089,0.02561212318286184,0.009580035611866669
258,0.6953592140758258,0.01757397508732086,0.04552284093352463,0.017961072905060875,0.014373191511348091,0.006451044010029614,0.02223754846213375,0.017447355215498724,0.02055344030782297,0.006704568196846238,0.019790065265683054,0.018109687386395318,0.006994642703460617,0.021643352453289546,0.007264857783011315,0.004383109855977843,0.006528254005916169,0.00989059320447657,0.01985433502600091,0.015100449087222103,0.006256402523154821
259,0.004430383525511934,0.01003969380249585,0.012177787660507835,0.008441631354509021,0.009897707026700547,0.0074382067983234604,0.00626062129083793,0.5294492906300263,0.007801537210923177,0.30182942615470887,0.0061178956606874535,0.009229548351318116,0.005000305516722196,0.007137684330729503,0.002472972494453669,0.0027586165231049337,0.004705243450257983,0.04742970694627718,0.007571627698645509,0.008219756116132225,0.0015903574571263317
260,0.009964618538651023,0.01886534907735476,0.5647705850710374,0.012464003657375211,0.018919924845875034,0.009075052797438646,0.033260318558780394,0.030730041750504096,0.03197900744816763,0.009254259195939397,0.029266706429051513,0.030010072897912042,0.02160664604881258,0.0822248707707006,0.016845228211174446,0.009770367365271293,0.013710898598109865,0.010059956555545764,0.02106397163480689,0.019442145367861187,0.006715975179630291
261,0.012697434512218947,0.31701861427644157,0.008598928281433393,0.20125110346771813,0.07548308317296454,0.005715339509175238,0.004550576895573985,0.004076188039621597,0.005355073092418812,0.09320266464449431,0.06535741271474,0.008507125464066963,0.0047277318578959355,0.045801591721419926,0.005501861707426506,0.0073092976540524365,0.0031558385135918056,0.0032402589283024594,0.024156361581797618,0.10352521715222854,0.000768296812417309
262,0.013150951492151789,0.04064330472796564,0.02540560515314233,0.03270846057551957,0.025570912222711496,0.015569575937859684,0.0093487899114646,0.02235417157019748,0.04181751132497353,0.019065022642371945,0.02187742491437314,0.023875075626403043,0.5602855056432285,0.037611339484921735,0.008846416234057677,0.022578779051576202,0.009025032280441332,0.013000785606197354,0.02485015411840973,0.023902001101304776,0.00851318038072834
263,0.18082160589376073,0.38846466669920665,0.002863429231846067,0.004372051812873636,0.002910697809005272,0.04355956706158515,0.005884303416023215,0.003926565424659046,0.004219243413079601,0.0027781121582261007,0.017450527692922088,0.03406478327331766,0.15535176326160266,0.06550210696220873,0.0018688670968921395,0.07270889211263735,0.0020832894287759907,0.0014165768166841636,0.004842883326171743,0.003785326526936061,0.0011247405815859972
264,0.008562987240038997,0.02484821603939192,0.030362976926304786,0.014962685780402125,0.021486184744423795,0.6477529071763874,0.04143712945994073,0.02960267973279675,0.014634297022630777,0.005754735448489845,0.01778659748845536,0.03519865908854493,0.010576008333082861,0.013685044087249944,0.004952438862902764,0.008897480335987489,0.010550720106670063,0.005955968497500533,0.008699401673983016,0.04006832423601735,0.004224557718798558
265,0.008857664815548408,0.027856557742191486,0.0329447086649145,0.030435825985026706,0.01883092655753574,0.012316236219323729,0.020611904715632814,0.02102478902672135,0.01568056924112505,0.006485466954156563,0.013756256163938795,0.012101605337255471,0.006827644305834671,0.035895392278920704,0.006363038785734579,0.3603418708160212,0.2792930871099245,0.01697709785323457,0.029028952398025675,0.034268079111340936,0.010102325917592572
266,0.013776953420741204,0.017257323515121777,0.01642519275069169,0.014777486599601972,0.013678574752899622,0.01170633953243185,0.02376659305623319,0.019989698627142734,0.017801799660776357,0.03082331717231531,0.023192552770043617,0.0184285666525707,0.015228491649977756,0.024402897435778146,0.008791236837361913,0.6669895366535299,0.02342666791050854,0.00899487998533521,0.013286546947074956,0.014595664007913045,0.0026596800619503357
267,0.007370949019313207,0.011856763247403212,0.01149378541121767,0.01774840846830608,0.01302608698603525,0.7160297986599851,0.01420728947548853,0.015083121035358277,0.023334738552556078,0.005612648438802929,0.02505750506080294,0.0150826080849743,0.01323553694274821,0.026386496367164808,0.01795422540959629,0.006397205090287463,0.012239895798543498,0.00537161369478056,0.022205599104058577,0.016882110097295767,0.003423615055281229
268,0.011474061698327426,0.01583314903893398,0.01970389371776181,0.028669110193794117,0.022368560517220158,0.031074521484534684,0.01580634889857313,0.02682323614893648,0.06255874301774586,0.0072594168638396624,0.0342426545526292,0.026848476000775088,0.01665901045187586,0.03348651160054206,0.010259298328977921,0.5779243390487246,0.00824393612619815,0.01450027404657065,0.01980660522747077,0.010755752933627575,0.005702100102940876
269,0.012086957220029334,0.023433631797886136,0.03108624890724467,0.02563406433751824,0.027234549128413645,0.012251590138579814,0.02095477377765753,0.030742777488603164,0.023766821707195903,0.010692982838194795,0.030968700991865834,0.02564207172982906,0.6218006276468129,0.011159150180827098,0.010116637419067617,0.009929960622852983,0.0084651879726086,0.011106222601455574,0.02715301436078555,0.01943023876333864,0.006343790369233032
270,0.013933068002523329,0.022242393707770286,0.040385164493875206,0.0238012176186451,0.02205386902797178,0.009047150364408715,0.04353203921820832,0.37380451489287037,0.019104185471036754,0.023450560067926455,0.013933068002523329,0.017087194363406694,0.00962208219641313,0.030826673002228036,0.0073738471340323635,0.00727994988039419,0.008311534039616778,0.24955062610283352,0.017284898570021516,0.04179920400757,0.005576759835724221
271,0.012993042263093994,0.011068145536496665,0.03499302133754653,0.018171456741018596,0.012471704538082742,0.008985949615265089,0.014337159624013631,0.020066522019795734,0.025534964124576565,0.3747686524317229,0.13024585055906682,0.03748744781784302,0.0358246536769866,0.04270195798617193,0.007712959269891955,0.007079567088759063,0.014110194530975251,0.1466128064129312,0.021607931043785274,0.017389450153501712,0.005836563228474643
272,0.016154638959574065,0.04824162018366894,0.33950642525316244,0.0205551241941018,0.017153524595993043,0.08466315080988497,0.02496324570818255,0.02247278359452444,0.04182505491554051,0.01412612585349607,0.027883369943693684,0.13148007520492577,0.02247278359452444,0.03229368115346126,0.010608465473599442,0.03413401778563489,0.01807666820642138,0.013698874217065716,0.04624578063634403,0.023646731945733062,0.009797857770467582
273,0.05915050013248062,0.062427764607742714,0.012306373541442442,0.03489445298989555,0.02267456800713924,0.03879883166811417,0.06267360968381443,0.01951596111007508,0.15901613967016914,0.025703180098865658,0.02879256959548599,0.01793307792383202,0.08159984023937235,0.09031953731690584,0.09154373928070958,0.05444244191582596,0.026030505617191786,0.07249459540663808,0.01345036347372698,0.023871552243326082,0.0023603954772462134
274,0.057367055560455696,0.06850739502012027,0.008655344680449716,0.003951165049697033,0.0526007577493398,0.034127724300084136,0.032672374982363785,0.11004896886962448,0.007654648660595911,0.12843993825966707,0.15318288632010368,0.06646224707960266,0.0017275790160716869,0.08392490535919153,0.025948825435746923,0.050508226384318844,0.04379443540704257,0.044328791497901865,0.009297976300486569,0.016216332995510573,0.0005824210716252449
275,0.14065674725656307,0.07089940286089164,0.050276138707101806,0.11571680098582214,0.012812768307142747,0.2029328990285604,0.08760381753376134,0.014795805601877765,0.011971905471849734,0.004195219474999106,0.009591566536081498,0.05428263306319492,0.008051751069247748,0.017401089180856217,0.012609796559934001,0.14165289437304757,0.0070121064372984645,0.004358067294259302,0.013186650537315426,0.01823147673697601,0.0017604629832191241
276,0.08061783487323836,0.08241504461220733,0.014438734299417767,0.021562330467681298,0.008099854681544448,0.023718897251905117,0.09463948260498115,0.008041500756193674,0.07420046556344703,0.03604792419597392,0.03366553699239075,0.08927430647772497,0.005910602898778206,0.02697569985907624,0.3228687026288166,0.04780381357437053,0.005917542064670172,0.004988250338497752,0.009114129363940612,0.007503533674060163,0.002195812821083987
277,0.0074960098809919076,0.1885789686354141,0.02915657747658973,0.014142190190245388,0.029003674022991366,0.012599628475049775,0.029981189855783172,0.04049246768303101,0.01691418903596115,0.005070553049202488,0.03253222244815766,0.03876328509620444,0.008425476438580272,0.015619773157656605,0.008156165797856592,0.007224205061888728,0.013292734318468396,0.45103533605199725,0.02279696017462153,0.023968955361997786,0.004749437787310648
278,0.014337776323143356,0.05017672195451803,0.019075998202900582,0.02614915304629637,0.01354150574107783,0.009608422321488537,0.015315898816001382,0.42759546024493134,0.012794273930947614,0.2913923994000896,0.011746376941894869,0.0116301593476363,0.009427170236904925,0.014436292619947487,0.004871852003689599,0.00723102992454437,0.007139727783580763,0.01732386148176219,0.015062276041392503,0.017515229129636368,0.0036284145076157246
279,0.011535769495882368,0.022698356764993675,0.02610398261719386,0.03360320739578364,0.019737389694770884,0.6175491840069098,0.02688256591662691,0.02117723895419512,0.02075253200680322,0.008317995638172876,0.03141523361957098,0.025514042700645598,0.013060989197861363,0.021523272676936794,0.007293920823138006,0.009590704967326,0.012593722966860307,0.008995418727718776,0.022402138263855766,0.035527748029011604,0.0037245855357425726
280,0.009888557895438462,0.019078710932305162,0.02562798997599241,0.02207396297199462,0.01247279921977355,0.011117481842987317,0.04324177194939796,0.017117784370498275,0.015800378880429667,0.6805554485240488,0.01962236119093522,0.025265818758601864,0.005973082748892289,0.014493335954269583,0.00612530072873856,0.005560006671891398,0.008745532715018163,0.017737630988964814,0.018066144136179373,0.01645414894607756,0.004981750597564904
281,0.011177707152462222,0.014674852041805953,0.018037299179756418,0.021140528037691696,0.01573585407954806,0.014471147816003338,0.019969071749714948,0.01942194137669368,0.017629097287506484,0.0077210821586297974,0.019823182458349888,0.013308631475824888,0.012167893210312884,0.017141938968270785,0.008601785002180815,0.006085634389047074,0.01383917062742307,0.008615180990172954,0.031063920397318485,0.7058450981523121,0.0035289834489745683
282,0.011808522555561899,0.02539629923056505,0.07498909353916677,0.036310561830920976,0.02927528440940723,0.504001525650203,0.034657190479675457,0.02215782174715957,0.024201000944530073,0.009222307136244336,0.04122199070493637,0.020126264377768974,0.013485573621231163,0.0481216893960668,0.01189987669112354,0.008242617004228093,0.011698624425192657,0.008234996126287988,0.02900205349921662,0.027860256480490675,0.008086450150022734
283,0.013948303631417048,0.018371247911925993,0.02005140247203575,0.027865241912573245,0.015076254005971006,0.018408989038680587,0.015151287053812322,0.010966255515693978,0.01179685354414733,0.008086034539107171,0.01644338035934799,0.7097492441873119,0.01187787923793554,0.025952205270573493,0.009295603569879893,0.006569955704083266,0.00783721469127075,0.011219653518559383,0.025100289787292472,0.011352862893454723,0.004879841154926347
284,0.009811260116544524,0.022394065752542526,0.031063623021767323,0.01597934610332867,0.023762279809786516,0.6338519330172532,0.033709102287564054,0.03839428572579519,0.01889059593640994,0.008110825967139117,0.019172326633466498,0.03018417790391549,0.01675338542971602,0.016282427242067604,0.01788746153979975,0.008216436109338757,0.011737362695919767,0.006433999206900196,0.00910687381135573,0.022394065752542526,0.005864165936846513
285,0.009390341826351012,0.016818491963781677,0.026068680872629996,0.037395812947931206,0.012368368553868567,0.009745468772255652,0.02445910445387384,0.016399728553920065,0.03137548259987031,0.0071373388822778445,0.030574187404012902,0.032051232634731586,0.01815398395687736,0.022012020490322706,0.008907418744437626,0.010107927551769154,0.014835161683489417,0.616611312791487,0.0227328647595853,0.025088925810971493,0.007766144745555454
286,0.028549918906685078,0.015902904567512553,0.01789492012249614,0.011402618412194804,0.012722604553561893,0.006167683311898464,0.019513540053882686,0.19151163454124598,0.013860396826895705,0.003493540284951215,0.024312075239337747,0.015809408946332194,0.009519757822702597,0.014927449471989101,0.006535261751794277,0.006487227438272014,0.0072816220301241885,0.5505905078395714,0.016245197636389277,0.02288511993676618,0.00438661030539638
287,0.04472567822056539,0.10480108922645129,0.0014213530270478988,0.006114281780690588,0.004252674935229444,0.05285005355624568,0.02623675422672409,0.04986430576944575,0.00783133388519376,0.038389023833175814,0.06480881445743125,0.07333642384954697,0.024636650960358004,0.13362399218070023,0.08999044779729501,0.04758152185051043,0.09270641926905754,0.043481085914690555,0.03413885491375945,0.05881523835842342,0.00039400198745734717
288,0.13031867045756657,0.004884970964770793,0.005262367879783587,0.00434195880151499,0.0035132642658616126,0.12070541176491692,0.05125383894514196,0.003579288502874139,0.15410148063504447,0.0017730964047231587,0.004018857261420146,0.0026204374825237746,0.16247030489279907,0.04585428622786489,0.11684286377132827,0.15678069785830184,0.015556051714980194,0.002348352617289207,0.006282193961442488,0.005305199855114648,0.002186405734737259
289,0.008668604606968496,0.017920564773053246,0.0380090694630683,0.0207075526471609,0.01209791253416206,0.08031920878956922,0.009253301446757648,0.010818022464193333,0.01356548233622298,0.006302829822344784,0.01888458082745941,0.6384148764506699,0.0073887166882298395,0.027253676303209996,0.006960680154062179,0.02558661209340248,0.005943828369269865,0.008793584563321778,0.026673557771463362,0.010195479162904385,0.006241858732505826
290,0.008174506828041035,0.013931724413733314,0.016451015295244675,0.01449276101819983,0.015863019249618693,0.7240234152855776,0.022479577448344425,0.021512769292780703,0.017071348886374606,0.005979381168118997,0.023033465547720667,0.01839210563847641,0.010835792445054115,0.017551861013347415,0.006068060069067294,0.006624896426579799,0.00917403739894629,0.0069832554788650004,0.014423695682302222,0.024022343623511702,0.0029109677900954964
291,0.0907473250925232,0.031213533116612874,0.00957277656799173,0.06848858294354096,0.0034532869025285283,0.02247664402478987,0.005550842075218488,0.004161518782540483,0.003501462724629389,0.00250348512036941,0.03313752701608072,0.009016692560333904,0.0020771037749337555,0.46625519086771505,0.003937962960214239,0.1268056743402066,0.10013800808667511,0.006171144599821219,0.004284762843289028,0.005329277685487514,0.0011771979144978902
292,0.008310021439280071,0.020595271391160193,0.008554736538880598,0.01337202365020451,0.5497336512397306,0.010086377802187194,0.015865876756162446,0.01125026273715203,0.012885856840277897,0.003513688813746832,0.01312777465030478,0.00794854528425836,0.004915470371875532,0.0110249613075737,0.006530390565681405,0.003753120623436949,0.009564000303772906,0.006584524694661566,0.031568410010773165,0.2478277172441568,0.0029873177347224276
293,0.007278254060919941,0.012370301003087558,0.013968346584093131,0.016525801767891556,0.01846618208383189,0.005725786438204265,0.021539486494928255,0.2867425371337897,0.018554490513322603,0.004657512981334816,0.017595954523566867,0.019380277578590364,0.00801828594026604,0.01924998383339656,0.005730255139419226,0.00590568216143389,0.008980175654575989,0.46042842308688753,0.017522878644776793,0.02619163463174992,0.005167749743933079
294,0.01460882040959297,0.016601152861860886,0.029840390097581743,0.022853192499204165,0.019410085158004756,0.026199466099596336,0.029464238328494676,0.008906344042100387,0.020860999641608334,0.009178839842307666,0.020296219944388065,0.01876591049107386,0.014797945296533832,0.02752280811930001,0.007036221290045748,0.6317577379712609,0.00837383381335573,0.01353812273561749,0.02667235439107788,0.027763063945902396,0.005552253021092195
295,0.6586435064038995,0.02060910110284587,0.011657984963611548,0.020365119602185983,0.023573109055023182,0.0072548678888837365,0.020764863203399167,0.03712278673776728,0.017680943253561204,0.009659525007699506,0.027322021068304562,0.02307201791343709,0.0066472256840127844,0.022383680956274916,0.008551925252176002,0.006396370396869571,0.007174399193827558,0.00841459988814249,0.020985483065027115,0.03455399873927037,0.007166470623780633
296,0.014776992911159286,0.023587292656258547,0.022355390452908158,0.030223128840729988,0.024078638656764163,0.016591051711571145,0.02018180159560654,0.6007722075176982,0.020658702244695615,0.011811359703557636,0.019061171874391353,0.028113850067790387,0.013656614129937907,0.025733223715931196,0.007633361270556352,0.009199056035128453,0.021855836290917037,0.029023239615022966,0.025036942205226172,0.029281156733995915,0.006368981770153081
297,0.020986392116878073,0.013289723648730847,0.01540293439364743,0.02585770983594498,0.011757190001636683,0.007491673310771985,0.021051233499213364,0.059556737799535915,0.020474610819124363,0.007476662231504224,0.01522181882255337,0.025225876277399174,0.008259916947815936,0.01629207055702717,0.00526280837480334,0.3372269073800319,0.345560515784049,0.009712026209905082,0.013374667834343108,0.014496244233413155,0.006022279921670879
