site,A,C,D,E,F,G,H,I,K,L,M,N,P,Q,R,S,T,V,W,Y,*
0,0.0027535919348257577,0.008123096207735986,0.0073846329161236235,0.0038528519562384123,0.008331380725883061,0.0024491747360008,0.004709041279846949,0.0070635619197704225,0.025472664688358213,0.0012025940785979092,0.003134313649287197,0.006816584230267961,0.0015497162876443853,0.003123778221546327,0.8820292871626909,0.0018084815304792547,0.0018854381913507123,0.002565188276127153,0.017376145034003206,0.0070635619197704225,0.0013049150534515642
1,0.19201526546017597,0.07618456366611531,0.00674434211152032,0.004192428880134254,0.007566822856827676,0.10238757043159415,0.007475656316383968,0.004627162081768368,0.0045290472573713105,0.0024143170204664185,0.0032656814434729974,0.003485839743032975,0.0033905982199992873,0.005966148790960284,0.0010022977714943247,0.5532565093079577,0.007901650425032002,0.0030565491342850718,0.003447108190332609,0.005640722493271541,0.0014497183978034337
2,0.00304000517491042,0.002770898351494923,0.00897861993520054,0.003016255134481432,0.41012388644207076,0.0011770751744317781,0.00857957016030274,0.00857957016030274,0.0037851044824865035,0.010124600396235663,0.015739403536702286,0.007149641800252284,0.0028598567201009134,0.003748355895277896,0.0009823935298056573,0.0014792362345349551,0.002626399028664104,0.002206175184077848,0.3429856493661796,0.15754759052347836,0.002499712769008619
3,0.04582792255257477,0.022341889721496005,0.014332533028884232,0.013096969836739037,0.01688053890068587,0.006969029821384074,0.008878837821490376,0.015192485010617282,0.0073749927236006225,0.010549565733306563,0.015502535725119676,0.01766568024490382,0.670928996690051,0.006226428283039869,0.004196410964503469,0.006125567249038335,0.004546252280920124,0.00799604474243015,0.0718836206150374,0.028134231501143116,0.005349466553034255
4,0.03072470546965144,0.036390580691191346,0.002523469043626756,0.003604955776609651,0.002803854492918617,0.08150048863710384,0.0016050805273131138,0.003915727826317379,0.00244206681641299,0.001102486475370913,0.0034940340604062764,0.347417331412896,0.20077083179396887,0.13906450465864714,0.017588780667409157,0.10259781486349531,0.012304755355202961,0.002671908399134212,0.002803854492918617,0.003915727826317379,0.0007570407130880267
5,0.16048431147595427,0.1183442706075143,0.002064598729867828,0.006985467486516946,0.0022467692060326363,0.07453662378298359,0.07489267868877864,0.0012025496169979731,0.0017166326518002167,0.0010051335921724954,0.0024641984840357957,0.13138073291839336,0.046435447330244045,0.003395117911338207,0.01256063771887853,0.1346093416270183,0.20717121252830367,0.002679959224387004,0.0027778237456403507,0.012274874966019485,0.0007716177071223196
6,0.02273703147944433,0.03584897709366888,0.01584167875136022,0.3059639957660729,0.005109553629446592,0.032468332163067846,0.1857628813035569,0.003948291440936003,0.0024468284986082275,0.0018002572373179704,0.004825689538921781,0.1489111356198554,0.0034400955128947356,0.1759858875507381,0.0022416106245314086,0.03769168152371728,0.0023318768241769685,0.0018002572373179704,0.005695895849219151,0.0041363053190758125,0.0010117370360714984
7,0.03007691203483176,0.055039658889274846,0.005503965888927485,0.0035232596851567204,0.006111915372061202,0.018907996397084452,0.004268564618555256,0.07537918682007828,0.006726223035299192,0.1719989340289839,0.016735031419036272,0.00292059684427465,0.1667066591357844,0.04586638240772905,0.0043522619640171244,0.0650806777406966,0.09828510515941936,0.19533039016957301,0.011098268008243668,0.014742765773912906,0.0013452446070598384
8,0.03199435831294164,0.1339763754354431,0.009223161652880089,0.008868424666230853,0.011528952066100112,0.0037799842839672483,0.026505688647351238,0.006689138365266919,0.00524043275731823,0.2027966051748019,0.07145406689890299,0.00795100142489663,0.06010354603759039,0.011587145983605891,0.0014686563141528802,0.009598307493882489,0.2477074319161971,0.042872440139341786,0.02296737864607596,0.08130980026426893,0.0023771035187835276
9,0.0451049492555013,0.17960165170256126,0.00797621980531962,0.015014060810013401,0.0063809758442556945,0.20943059735246222,0.012972472974780264,0.004387721476551503,0.004399941300853752,0.006829258609319418,0.007734516174855387,0.014261905529502399,0.0018495582157262882,0.06628933690112716,0.00290044356557077,0.11945981420583204,0.2221785983169359,0.051654028754125066,0.014179946320568213,0.004815830825853354,0.0025781720582851294
10,0.32403289231762705,0.2746510757745868,0.002960518561418058,0.00517200252161763,0.005400179103453703,0.0795106380000569,0.003635764148859919,0.00517200252161763,0.005828764746584948,0.007755298971596459,0.04161379935978589,0.004478197305303071,0.004655938193020431,0.00517200252161763,0.0030099358937282932,0.15313369084263265,0.022999788954008164,0.03218216605539444,0.0111276417889349,0.005321915638186257,0.0021857867799693555
11,0.04165438607753223,0.21599039745011897,0.003117016909372405,0.002455831504354016,0.0023588084478542875,0.03038124495266114,0.005065152477730158,0.01008528938284107,0.003985693752967993,0.013152641854212973,0.02825455780597486,0.003424328435648558,0.0024072011775351245,0.004052121982184126,0.0018702101456234427,0.08642570623004077,0.31818978944574766,0.21438848824874673,0.006078182973276189,0.005654123696070874,0.0010088270495064214
12,0.007357752465262454,0.01191036872316556,0.011562182445412425,0.0161870554235774,0.015619088566609773,0.7880899837000267,0.01413155632217074,0.013092471298481718,0.01413155632217074,0.00468572656998293,0.010233195957433987,0.01219572668899667,0.0061825558909497,0.013696739204565487,0.005743793859979076,0.004321383769559751,0.005670624511444311,0.006585757479149869,0.02070437321620365,0.015089627937233169,0.0028084796476238382
13,0.004688517569587422,0.12072932741687618,0.0047227572875970444,0.005772258907063056,0.03219448731116697,0.012319319124171037,0.008701212786801884,0.09895846509580014,0.0042582237838989755,0.22936108434611535,0.096383736568499,0.0037645166785193838,0.00604527934090765,0.0023394812787590137,0.0011805834573732714,0.0014842951475304996,0.23251574169176148,0.11475262803980311,0.012369126229420832,0.005772258907063056,0.001686699031284659
14,0.006517270986161438,0.1194833014129597,0.002544746374514117,0.0025961553921810686,0.004356260742812302,0.0019038472875994505,0.0018760538965396044,0.2278043440377593,0.001679865253764221,0.11302896966600737,0.1558702826512084,0.001419996595723347,0.001184421123621778,0.003023757456775598,0.001066470472306746,0.0040675166438454355,0.10520379205716168,0.23487025964402164,0.008031855744560182,0.002649684369339441,0.0008211481911371432
15,0.07728818792259429,0.5799084343516295,0.005771749021630324,0.0123058045178156,0.004975793785476696,0.014212896923801257,0.005435063662035221,0.007328175724092434,0.008696101859256355,0.012633646102731757,0.006938379143023686,0.005771749021630324,0.003047699249739377,0.006938379143023686,0.0016064227572517896,0.16181549064164816,0.06958860804127656,0.005016981841878666,0.0038140797628317346,0.004560285881149539,0.002346070645482829
16,0.1185054381503683,0.12500182640910074,0.00227970363941253,0.0022697103079251306,0.0032805491396424207,0.06759358020640259,0.0020692694573129114,0.025000365281820147,0.0015460059163832096,0.0120969509428162,0.3380331080358781,0.003202440826793792,0.00043527015041984344,0.005434862017786989,0.0011398518197062648,0.15703197319216805,0.11015271162858246,0.018655630649154716,0.001949311807613612,0.0036352031006848446,0.000686237320027241
17,0.048539296352130265,0.05542173389459649,0.004590979972334726,0.0039941525759312115,0.006051746327168503,0.04455907405125557,0.00256035421534052,0.0769821401292017,0.00319532206074497,0.35506084070667643,0.17851846978558084,0.004870917775525868,0.0036244563680388714,0.0068760027467043554,0.0011003175140306368,0.02125910021529369,0.0488127571766493,0.12377520569793217,0.004160575599928345,0.004992690719914014,0.001053866115021428
18,0.29946747923968725,0.20887931356455072,0.001660071958510912,0.0024968165671906983,0.13925287570970052,0.13844326596720227,0.009306504069707709,0.0060191113673347205,0.0032410599670263866,0.02967035704041914,0.012207232610915308,0.004885075892329628,0.0008893673788146287,0.003663806919247221,0.0009741914351755615,0.10365220874820334,0.01516575717230173,0.011274975649332287,0.0037873060288847672,0.0037040685337444428,0.0013591541797207435
19,0.17393218305334415,0.005740355996053023,0.009262847175449196,0.0064692900907899155,0.004201703873399635,0.3601014737772182,0.006175231450299463,0.006368207433121322,0.009262847175449196,0.0017343203222117643,0.007689910862637069,0.01722801813147099,0.00236956555651026,0.015160655955694475,0.016459424450469027,0.2657234535712754,0.07580327977847237,0.0018262810298932692,0.004631423587724598,0.007547505105921567,0.002312021622595298
20,0.19644648182211208,0.086215179865611,0.004197440226040107,0.0018143773880302397,0.08717312630856222,0.2494420331685498,0.008436108997602797,0.004610303199093232,0.0026283036929410013,0.002714734037290866,0.0028122849514468713,0.014264693395946547,0.0019131190145897081,0.019019591194595398,0.000812799118915281,0.13273094106278577,0.016011390546470616,0.0008563460472123202,0.001155819884091756,0.16562893998626824,0.0011159860918439966
21,0.06448623693695217,0.07761935036209404,0.0011385754896371858,0.0012174866621862978,0.1084645565809524,0.009287763939210434,0.003536770933036965,0.06696459987009142,0.0014638827723906678,0.20933382068322842,0.17552253886281122,0.001280897425841834,0.001921346138762751,0.003235951391600423,0.00044392112953363193,0.05057422940045505,0.07833808373726756,0.11499410570240962,0.016633540872949597,0.013019080883563577,0.0005232602250247493
22,0.11032411294995659,0.12779903861008599,0.007220929800133216,0.02865311135664898,0.0030559056102385,0.03585312395396077,0.054932107772318474,0.012665505744605702,0.0013328950002104098,0.014185366433958391,0.026889842965470576,0.0543772379968405,0.013619530852640945,0.1643801709853469,0.0031924014479554103,0.07563743158910141,0.12291539197719134,0.1378670847626108,0.0018983656063602807,0.0021981075442066406,0.0010023370401582284
23,0.06256283661369476,0.02927468581169114,0.004968167971349277,0.05212745977504104,0.0031143739521890994,0.006734194218835199,0.32693550904699353,0.0032603602311979635,0.18405407170556368,0.0010700669476752288,0.0028583980109132827,0.12482813991574028,0.0024548594681961136,0.06591231521490912,0.07850651856135955,0.017498778361123648,0.022690064538602745,0.001656055990449759,0.002898097983287078,0.005789396820968769,0.0008056488602188017
24,0.10326762020701923,0.18333865583985176,0.003755656999109289,0.0009144073781599689,0.031118300849762682,0.004216027857064621,0.002475319385776576,0.07892322679287636,0.0014284543775649392,0.09198440743414303,0.18625881523118823,0.0014826994805104431,0.0044229057045347955,0.005855594245923084,0.008768504264869567,0.017183957850403032,0.026965167728948896,0.1998502082079621,0.030045255992874303,0.017115065467369472,0.000629748704087769
25,0.002241273863630604,0.004442524979696377,0.21892965343806742,0.051660768353685715,0.005408291279630371,0.08591146129343868,0.03190235526326553,0.0095685153408845,0.006723821590891813,0.002022612998886155,0.006723821590891813,0.13861897659617162,0.045720526583691586,0.07461034698666937,0.009105987230656499,0.1670442768645986,0.08018125289500734,0.002564756689309248,0.005923366639595168,0.0484337604407588,0.0022616490805727005
26,0.07956262925326293,0.06273755711726828,0.0028786621501620236,0.005064313041951708,0.00934143773253443,0.007097405204607165,0.048070533629042046,0.24097014528335894,0.017226244496605866,0.1028692738157638,0.08927384816822094,0.07274517096161708,0.002040842569144718,0.014382289037260559,0.040422948733512626,0.01263096548349596,0.04579632220128447,0.11406683831607775,0.0044108532946031,0.027030543226057076,0.0013811762841686476
27,0.08828923538268875,0.021047106032123352,0.03479142252056108,0.22552327466492011,0.007892664762046257,0.0018055397612859211,0.09989153839464794,0.020151484498841504,0.05661910293873999,0.013996843912988433,0.02879756061827687,0.020770170426437518,0.015358698996414335,0.1764680706231097,0.02054255212039437,0.03551699142920815,0.06445676222337776,0.043913047145412124,0.003307365418791375,0.020009572636173607,0.0008509954935609921
28,0.0580521587885009,0.06372792731499242,0.019300457986826277,0.030705274069950893,0.11580274792095764,0.022517200984630656,0.03684632888394108,0.020587012193378006,0.006786317072496929,0.07569985078101511,0.1281943621125303,0.01986811851585058,0.0012109838992283325,0.04119000180115364,0.0015011467323087105,0.10279591753853123,0.049555502715979305,0.06010489270875808,0.03637394005209568,0.10866996996930448,0.0005098879575698242
29,0.10583260243494905,0.09391331236469375,0.0037023736694164963,0.0029739215582153017,0.0014995690120852038,0.07703826404916285,0.07209506807794673,0.0572680840602271,0.08735894577257448,0.001984378263933698,0.15673370374377946,0.016141350562681737,0.015222595513119871,0.012166042738153509,0.026207683731772347,0.03734217827975133,0.1622679959332967,0.05768770885597555,0.0013949479182187943,0.01045519297810067,0.0007140804819453352
30,0.17734921184527677,0.006769416895792477,0.008608023953908953,0.008939101798290066,0.011245966778493953,0.6170697463692095,0.015157607397100545,0.013671567456208334,0.024043101388504313,0.0031983942214065374,0.020507351184312506,0.01223245509239693,0.006396788442813075,0.021789060633332035,0.002395896486405406,0.02161229784066428,0.007578803698550273,0.0030210135445672697,0.006835783728104168,0.008014367129501437,0.003564044115161024
31,0.006723092084915277,0.01773751954318073,0.013446184169830554,0.021375985090499854,0.01938752136115103,0.0077191057271249475,0.009528870479134557,0.024519512309691006,0.020841585463237357,0.00455530852949244,0.02193851101393406,0.019849129012607006,0.7361257666298153,0.008015994408937443,0.003145899692564129,0.005145777915148098,0.006070463773884636,0.008594468232262826,0.017013539153663146,0.021375985090499854,0.006889780318425572
32,0.03862414175579145,0.004850266649056758,0.006955521416400911,0.0021800888021555097,0.1622634660775352,0.07384530973188914,0.0417869126687967,0.109410820357975,0.0027715809423181476,0.05950023193548183,0.1290043470473584,0.0018489360727141665,0.0015876733667871646,0.007243064862591427,0.0008025601634308744,0.005625161320799555,0.07737417174288502,0.08744280699295671,0.11777053707240945,0.0687218503529006,0.0003905506677658266
33,0.3076429382079973,0.14194526616252465,0.003167778052190844,0.011250003095317833,0.004305556740183367,0.06700521880963897,0.006012932688876771,0.005054349216736997,0.008942310152688532,0.003310676761808155,0.011625003198495092,0.004414558176643706,0.002235577538172133,0.00830357371321078,0.0037101074037750293,0.29945571672487226,0.05498617200345227,0.033495235756741494,0.014531253998118865,0.005625001547658915,0.0029807700508961772
34,0.37087339653765594,0.13204817632928764,0.007636852084401966,0.0047165804079883035,0.007925035181926566,0.05342119954062348,0.008571976829430774,0.006774626849066259,0.0050003198171679536,0.002545617361467321,0.006364043403668304,0.008077439704655923,0.005185516847433433,0.005676038711379838,0.002692479901551974,0.005919680909704466,0.12163211935134352,0.22731733467468368,0.010244557674197756,0.005526669271606686,0.001850338610758185
35,0.07670710129163694,0.2388773409949306,0.016059196552731057,0.004744762617852358,0.003939048211047241,0.05161910626552688,0.007732205747611251,0.08366909889449084,0.0029404162702183633,0.018916329717290913,0.039536411761892445,0.01491211108467884,0.006958985172850127,0.004349365733031328,0.0019153170200504935,0.10138916991855729,0.11987778325664715,0.18351127198471442,0.01687720343985923,0.004639323448566751,0.0008284506158154913
36,0.041140050951624825,0.017177463991671298,0.01376207528814398,0.008047507550055625,0.01676553800536434,0.462518585150577,0.010897666474033656,0.012454475970324178,0.006227237985162089,0.0025516487353834903,0.006012505640846156,0.03646504516166745,0.018007429709465405,0.007692470452259052,0.002399486196117502,0.10170035934717499,0.09533345140305216,0.0034398819436003755,0.12965349390815092,0.006082418497135065,0.0016712076381904647
37,0.0028396389423466393,0.05346297249472044,0.011742290761595562,0.006484548629537849,0.0037109265046847695,0.0029757860149249027,0.016710183006885992,0.07610510094256503,0.005430809477237949,0.38453087062927016,0.27771044045868665,0.010344399004262757,0.0036819047303308116,0.005792863442387145,0.002413693100994643,0.002348458152319112,0.05863680854259661,0.06171343121304148,0.0036205396514919653,0.008866627717939505,0.0008777065821798704
38,0.013245372443371994,0.06622686221685999,0.017996581440930626,0.013677401895107277,0.010056913158167114,0.009781198112028551,0.015542502153530998,0.09460428818797866,0.011030162818634899,0.30055086371980344,0.2521188134048738,0.02011382631633423,0.037943702334123655,0.0067046087721114095,0.0035993162881861255,0.005103508169816148,0.00876756531737646,0.0883024829558133,0.011397834912589399,0.011030162818634899,0.0022060325637269806
39,0.05717851369573374,0.03622168288417521,0.0035294040223448004,0.0049898470660736825,0.14310014247773567,0.04748388680614566,0.0040195990254482455,0.1272566284584199,0.003710399100413764,0.057051415125332995,0.15741451697643663,0.0030788418067263157,0.001955480606974822,0.003710399100413764,0.0016259052237768182,0.031050391876088834,0.1445386899825077,0.13029152891287926,0.00420430247762748,0.03688936367466693,0.0006990607000779556
40,0.10042874301468414,0.12213214744950471,0.006658088380911098,0.005789642070357477,0.0028934066209869596,0.14056820723864835,0.007197933384768754,0.19401271848943227,0.006341036553248664,0.07957451691932013,0.03000789863624194,0.004931917319193407,0.002512486181475886,0.006341036553248664,0.0019727669276773624,0.017683225982071143,0.02453348469584645,0.23454651200275803,0.00512160644685469,0.005222030102675372,0.0015305950300945053
41,0.10669840800931464,0.007234860780344719,0.013069425925784011,0.008807656602158789,0.007791388532678929,0.3351006010606509,0.010950059559440659,0.004549996835126655,0.005064402546241303,0.0017692235969401931,0.004766496514109462,0.02572608547235189,0.003092764913735147,0.005194259021785952,0.0016599149082418476,0.3577462650449533,0.08453895472526733,0.003190174832277986,0.003822190600936832,0.007502818587024155,0.0017240519306353373
42,0.00776685778634234,0.012242674137793856,0.013890726425573801,0.012898531680889959,0.007524143480519142,0.009588373801077212,0.018057944353245942,0.0074465749910292535,0.01062232020779173,0.0113121263945293,0.008025753045887084,0.007151661129998392,0.00776685778634234,0.010944208698936935,0.004151251575458837,0.0039907059344189925,0.006392192691414491,0.0057785421930387,0.1930809518847056,0.638267525517187,0.003100076283819046
43,0.03911495524050139,0.06657898568029451,0.024005949261402156,0.008322062410619412,0.005623015142310415,0.004914603785798866,0.010578892894855186,0.15926737750972408,0.007900692161980456,0.0031331817394942576,0.006239279030745683,0.01733763002212378,0.005833221315854729,0.010067010980588,0.003105247168141572,0.003805821224368634,0.048755319645833906,0.5516135847494068,0.012612789212726598,0.007430412866624476,0.0037599679566051565
44,0.03692478307618312,0.058184213248020686,0.01712725663454233,0.013282362288012418,0.026856400534713748,0.005291347578151287,0.007937021367226932,0.13445033950639718,0.013559078169012678,0.03148001364170368,0.015496089336014488,0.009713966449441917,0.00638074266777067,0.010847262535210142,0.0038740223340036216,0.004615856397961762,0.00546920800094629,0.5744873020285709,0.009166700733980399,0.009432402204530557,0.005423631267605069
45,0.21442534772834432,0.3624982464521936,0.0012030234309885848,0.0009022675732414385,0.0009022675732414385,0.0043963041926503715,0.03294758310671682,0.006112669528137158,0.0009658547089913696,0.005900220590245862,0.06725538753435314,0.02549856431737215,0.0004540668128324462,0.017162495213615875,0.0022423360580603653,0.06022449228138102,0.177440631431093,0.011249366610605362,0.0007535421490807618,0.007243910317435271,0.0002214223894194179
46,0.009087691148190198,0.03867678077949995,0.010585423295394976,0.013976829330394198,0.02499115065752305,0.6196182841538636,0.006917207301941271,0.008625159722173686,0.007128958545878249,0.0026564180132930357,0.008417324548145404,0.16021723983179154,0.00403836958090213,0.006468869791630263,0.0065308998664623695,0.022309696724312416,0.02586148923763579,0.0031813187367138243,0.00907321996748141,0.008317118303524626,0.003320550463247983
47,0.005622720527031229,0.012048686843638348,0.009071102283539897,0.008910924911490042,0.008877979779522992,0.008295817171029684,0.005582216789870706,0.004837921217887945,0.32060720008764326,0.006190151038933463,0.0034227599311315872,0.0023433711209066223,0.002027061962802212,0.01708168261376576,0.5515663443875148,0.010070544227518618,0.0017613790841825045,0.0066149653259190925,0.0042191173411813485,0.007720087049821189,0.00312796630466893
48,0.03408477633031974,0.04115349414882355,0.004492347520711766,0.004322824972760379,0.008876243836020764,0.0833985013567572,0.04451370043138773,0.0049845476863666655,0.002760358115136145,0.0008361668742930658,0.015037401322199884,0.1694135341732676,0.005325746301612458,0.020922574756334664,0.0007662532560411373,0.2024748618828197,0.33185554844218335,0.017752487672041534,0.002141212369685047,0.003138489363784932,0.001748929187452672
49,0.038092424277328084,0.26199279632537786,0.0028782644171771407,0.004851718450469959,0.0033387867239254836,0.0025875831735839784,0.029110310702819758,0.08639188982772318,0.0031301125536801404,0.03650840340675728,0.05982912615519353,0.029110310702819765,0.0015650562768400702,0.0026358842557306444,0.004752703788215472,0.035744753607183335,0.16772365544837087,0.2214846076584671,0.0025040900429441123,0.003912640692100176,0.001854881513291935
50,0.018511757538128466,0.009492075660445723,0.503843044049768,0.18480476303651008,0.009336467862733499,0.004236779147655456,0.03529575103936494,0.009492075660445723,0.007031167155885721,0.00256542585417452,0.0075936605283565784,0.049786179674707554,0.002935693503230636,0.06981577128665593,0.002981803872391327,0.028704375845266677,0.02175765475029346,0.0045200360287836775,0.008500366263085722,0.014275115213332757,0.0045200360287836775
51,0.004066191182549917,0.05482018887320051,0.008132382365099835,0.00786130295292984,0.166121784464244,0.002893731148317732,0.004211412296212413,0.05540519792758763,0.005549155025597533,0.18419583461395367,0.41771781623658744,0.008275055739926146,0.0022896998892028664,0.003600596772334277,0.002033095591274958,0.0023235378185999522,0.002649740471374993,0.02476228708839927,0.03406302997946439,0.006738259673939862,0.0022896998892028664
52,0.0037591850538181873,0.05560034048350084,0.011669136937893954,0.008617208815675539,0.09807453930795833,0.0039724721490702825,0.011202371460378197,0.037869344562912084,0.008117660478534924,0.0025005293438344184,0.006668078250225117,0.010372566167016846,0.002605202665204232,0.017551802957529478,0.006019693499884868,0.0049122970541513305,0.023549403968142563,0.13017587193501032,0.049930471427127227,0.4959203480786159,0.010911475403515454
53,0.004323978401227757,0.008647956802455515,0.011467942716299705,0.00925483096403134,0.0053285390398968326,0.0049766543863187405,0.00507235927836333,0.4672371748705498,0.005438405824224603,0.25567109639307545,0.005171817303429279,0.006762365410858204,0.002293588543259941,0.005438405824224603,0.0020526278791820492,0.00261151170767221,0.004293436640408162,0.17693009412323218,0.006206180764115134,0.008792089415829773,0.0020289437113453325
54,0.046809596600593854,0.07176427786525828,0.0392649668454696,0.37107938306548244,0.004594555447874809,0.0027506878010303128,0.008936164868279289,0.05424044257257894,0.004180661696971226,0.03777560603408972,0.060976183807082196,0.004751188019961449,0.001825784042605273,0.05520900943984043,0.001866538150699141,0.0280666550014548,0.06293613257230983,0.13309543381260538,0.004181045457566076,0.004355255684964662,0.001340431213282024
55,0.03155857094648352,0.007953350295011836,0.004525182064403286,0.003749436567648437,0.1519574963309924,0.005685117045453517,0.14934583425022455,0.0041296096609364985,0.049129184365450676,0.029908449589804643,0.03589013950776558,0.016545962620529223,0.05558983830425024,0.04338719087160994,0.23182026030336075,0.02440529486528059,0.004947019229448768,0.0045194990491260354,0.027116994294756218,0.11645419847043494,0.0013813713670283714
56,0.10576810278770117,0.06555026848525888,0.16965951843243476,0.06741817659061204,0.002004865740866133,0.012947700090896337,0.0269912870233419,0.0027974870802783243,0.002405838889039359,0.0013720373771725063,0.0024549376418768975,0.05734412627669707,0.0010837112112789906,0.0530676151645366,0.0007811165224153764,0.13159896056524106,0.1219444194194196,0.09892265357952412,0.0026731543211548437,0.07235479462559719,0.000859228174656914
57,0.15754361742011952,0.09100714939097332,0.006532438308467126,0.0061392269529425,0.006642442276954179,0.3581717465771697,0.006047596699913508,0.009422999509167558,0.004941329010904939,0.0019669367907485676,0.007503499609151944,0.007108578577091316,0.0024556907811769998,0.016739009350887703,0.001777144644272829,0.07452848342320213,0.18253735657179682,0.04750659031319056,0.005128974416382342,0.004552685156114663,0.0017465042193715733
58,0.060182342190325304,0.03345856340326849,0.3050269415870483,0.19061516226549696,0.006521275701975379,0.019202493722809206,0.03944588527543233,0.018181257094606277,0.006777012004013628,0.001997847469391301,0.02817563233959452,0.12744493721779152,0.04520623677597166,0.017844567148409866,0.0018682573632686217,0.032310281345641526,0.0256961766937102,0.016222333771281693,0.009177205962039362,0.012430029051227172,0.002215561616696763
59,0.027253238409432525,0.008688138571076424,0.007181012492420309,0.009022297746887056,0.01851163363659567,0.004569735222449288,0.00683241965298243,0.6255960913851253,0.005413378648132234,0.047569288860100395,0.06206576922440106,0.012338175894332852,0.016420361217398673,0.0062277807456388515,0.0024520530461923013,0.002234092775419652,0.0029693638154311836,0.09676064278506297,0.008908091446293549,0.026427382700055776,0.0025590517245716016
60,0.061286983205798264,0.0611731581908919,0.052434135592193065,0.04994517345965225,0.039478026506912796,0.06009616596922127,0.0445435617894844,0.046244039641995915,0.016820082290636897,0.0727092727978248,0.05451073502158684,0.03886294755656662,0.000430887812467332,0.06679569111284886,0.021202060509343208,0.08802291540589875,0.08693631787579387,0.04314892408107553,0.01738605548583243,0.07764285462690126,0.00033001106707364217
61,0.007251986067194207,0.007838332335673463,0.014284214980837075,0.010475090985947188,0.01625445152991805,0.003994738087861216,0.013467974124789242,0.012570109183136627,0.007482207847105135,0.0027039733619955465,0.0076647007214247715,0.010247371616687467,0.0038637630685870784,0.0071966273949255494,0.009720861197871883,0.0035046772815436693,0.004227615196122184,0.00557845082091862,0.8365887705096947,0.012570109183136627,0.0025139745046298054
62,0.03527178850323216,0.052239132515244494,0.2800433041371203,0.230007846692312,0.05298116564756331,0.01771757488795135,0.007984602672160246,0.008970356088476327,0.011795720335092064,0.003938205112013996,0.03752388391940097,0.012747348125729516,0.001295698912531153,0.05382213653085797,0.004591461884149019,0.0010988838878428764,0.030274951798607598,0.05980237392317551,0.02654242349466968,0.07045806964039587,0.00089307129147348
63,0.04798756748774343,0.06102178459672638,0.0648333773288241,0.06814159068651617,0.042846042399770926,0.0064177901807316445,0.04491273385670105,0.02381337935482005,0.053192788023825203,0.05880903695756167,0.05584963635916476,0.0679405240582821,0.08164886671392967,0.07582764721695133,0.04143268786536345,0.03041898309019593,0.038955060224981984,0.08543683178099003,0.015507503087917091,0.034804169826275454,0.00020199890272766625
64,0.002935667034902867,0.0772795011980542,0.47292688748752576,0.04140950547385001,0.026147199653476987,0.15059379299124495,0.029099889055641672,0.009540917863434317,0.00875887541561183,0.0022930961388511664,0.006071493185821838,0.11344851939553237,0.0027540793832593904,0.006938849355224958,0.0026190754919231457,0.009115537493872714,0.014358288827053835,0.005399965145826769,0.009553784488770437,0.006123097578483717,0.0026319773416370526
65,0.48231774535720906,0.3546770441705869,0.00789885030565837,0.004005066447087395,0.006412007895181503,0.00248867886342661,0.00672865026037565,0.00672865026037565,0.007171324619610892,0.0018990267285380754,0.006264605414832502,0.007078190533641919,0.002738797342162953,0.0065665141095232245,0.002466156882762116,0.002161682706262519,0.006932127487482021,0.0703548795540183,0.005343339912651253,0.007171324619610892,0.0025953365290020364
66,0.006275148056683659,0.02551893543051354,0.016075290147427413,0.24189746736590886,0.014444680432366155,0.00369401498889765,0.0038092231860002625,0.10345514363721708,0.023253210762997863,0.09694344185893412,0.034957445795224036,0.004219447221415675,0.2174657106252459,0.04874403396839667,0.001735848540455815,0.007138163756787004,0.0298031362692129,0.1086904987839042,0.004353397926857442,0.006233274304364064,0.0012924869411896774
67,0.027595103593981214,0.15569550460409787,0.007650695908793704,0.009532014574890517,0.056895024033315915,0.0035454444455385458,0.007965108069429062,0.10225692498031161,0.006607419193958198,0.0027688232812777213,0.011866385491190234,0.00855077778041649,0.003322587937533266,0.01286559491826579,0.013342098433757117,0.0033805400527227997,0.03178558744512725,0.5129439822394392,0.007178430729238536,0.01057187071033312,0.0036800815763817817
68,0.019270872513701364,0.027343744352111413,0.009962449492629739,0.007431717170603236,0.005296166259510352,0.029824295000087764,0.004346853439409441,0.004750169737911347,0.004954478113735491,0.004079860268410275,0.0042663561534944505,0.026086830331137435,0.002143099835243724,0.004306228640910287,0.001865451273592715,0.4206351098245874,0.40796297956637884,0.003092392379714099,0.0050083311367108765,0.0055514031876795255,0.0018212113224403185
69,0.005236109364040706,0.012940670285414882,0.011466416708595467,0.021607699092808866,0.010064965777544907,0.8015949953309877,0.013724953333015783,0.014849949507853146,0.017420133076520034,0.004174409769488671,0.011919038420776866,0.011323086499738023,0.008087918928384301,0.012581207221931134,0.003805376519032922,0.00452923459989521,0.007612158991420521,0.004126677057785661,0.009846162173685237,0.009846162173685237,0.0032426751673944342
70,0.02072085128300831,0.05050707500233276,0.005172417966898986,0.004456237017636049,0.003914262245220854,0.0630959255284397,0.005911334819313128,0.009970342190211173,0.0019971060328066613,0.0029601216118583305,0.003713530848030041,0.25499173229671684,0.002374224640543797,0.005266461929933513,0.0020542936606123634,0.1334798188635289,0.3971196947146638,0.009209267236892584,0.015392632381663317,0.006480722423637263,0.0012119473060516453
71,0.2735332405137909,0.04232650284087065,0.00812223442148098,0.008015362915935178,0.008231994346095589,0.002436670326444294,0.01087799252876917,0.02713431761184886,0.011493727954925917,0.003521199893705627,0.008344761391932513,0.009229811842592025,0.006922358881944018,0.011944462384530856,0.0022560152664591673,0.5369287483094529,0.004512352456378322,0.006188653509850891,0.005588693409275904,0.008828515675522805,0.003562383518193412
72,0.0020396400883318355,0.004393070959483953,0.00543904023555156,0.009518320412215231,0.00884506046509244,0.0026562754638740182,0.0020462257556329282,0.03883197277357656,0.00445012382908764,0.05936861512814596,0.0072906284008457094,0.0034265953483974833,0.3022459686701871,0.005039110806466886,0.0015790761974181949,0.0011856731309333852,0.0015123985878464207,0.14048037209264463,0.006230173360722697,0.3905177639304965,0.0029038943630487145
73,0.019164674960095676,0.11614147927206127,0.0033248252175775814,0.0018175711189424115,0.002065421726070922,0.0006460560849321366,0.14032342950172802,0.011695365744878899,0.10558316297460119,0.05226501890664804,0.1053287457144214,0.06108740143530498,0.0006522384398118702,0.04616128042719953,0.1201416989256202,0.044717574906889906,0.10091786042456065,0.06413199528827628,0.0011172054295684412,0.002198674740656142,0.0005183187601546801
74,0.002074461136345449,0.005429453838336237,0.003891909388541904,0.00619416564655261,0.03290017155975685,0.001963329289755514,0.0023025432508127497,0.38938063152143,0.0039980523718657745,0.3912684269028008,0.003490363181787581,0.003575493991099473,0.004300260450401955,0.0022905508380481,0.0011190477376723542,0.001470855387642927,0.001972133456974149,0.1335663787936224,0.00360480131889537,0.0036956786630692033,0.001511291274588437
75,0.06513221718323764,0.096454293285656,0.07390460221847886,0.11104117055727673,0.050941642622972294,0.0003768746723835605,0.06794963505724104,0.04420349516028888,0.03770655287711455,0.05487395213055835,0.03336797173125396,0.04633267997353643,0.001012762955974567,0.053180204946686,0.031812684913271785,0.06047315191815727,0.04290478136017355,0.046578164345071525,0.06103897267912311,0.020379291701002427,0.0003348977105413907
76,0.0052666723248043015,0.013056103062428834,0.012874768297672876,0.008203392189667673,0.009861524653536673,0.004030362249706291,0.012874768297672876,0.01103551568371961,0.010415542892499408,0.018403993175863345,0.008200017280374483,0.01103551568371961,0.0047054990732611525,0.011304674602834722,0.004175600528974987,0.0041199258552553205,0.0043725628180775805,0.8224687535494024,0.009459013443188237,0.01103551568371961,0.0031002786536202245
77,0.04978979530827174,0.038679314229709987,0.030644480838997273,0.05337527353701277,0.08185041978932177,0.0002482595660759557,0.04349382802623507,0.05672966087024131,0.062135717069598424,0.060189097885505825,0.14977490010059924,0.03964629708545273,0.0003466551258011822,0.04757555650254328,0.05286172944727032,0.046834183267991145,0.05089543551429251,0.03149554798643516,0.046988203953129165,0.0561655875377247,0.0002800563577901176
78,0.004110470815587036,0.010987604680126883,0.010780291384275434,0.008656900657069666,0.00782678689543285,0.0038605097524770137,0.003995492610955231,0.3060514141423273,0.005241793058409157,0.5057095343246104,0.004642840177486301,0.005890262302748433,0.002180745967048084,0.024949026177403397,0.006993592784990346,0.0028856335523565558,0.00285677721683299,0.06597381598245272,0.0066436679461232325,0.007141943042082476,0.002620896529204578
79,0.004392845543171389,0.006234985237237779,0.3363501781835931,0.004939403889240318,0.005282418048215339,0.0026050280785719485,0.003961813536161505,0.005282418048215339,0.005210056157143897,0.0019504312793410486,0.0061344209592178135,0.10976196902527072,0.0019306299465558603,0.005676628350320963,0.001991278007704212,0.48382201788097423,0.002291169273924726,0.00214878022300285,0.0053568183024155554,0.0028741787526055515,0.0018025312771161354
80,0.007182838867431643,0.012943075441977765,0.4115832790341138,0.4701748143207387,0.006982448593698532,0.0031966047232654627,0.006803411450270364,0.009309931458264711,0.017406703372785708,0.0026013043780445506,0.008844434885351474,0.004738090117152575,0.0024913901085497105,0.00495949619739335,0.002884054853918958,0.002139782633552775,0.0032556202031968607,0.003235768860494441,0.01105554360668934,0.006317453489536767,0.0018939534035727593
81,0.02828304175630184,0.06497469471010711,0.0048302314110556625,0.0021489698136791615,0.041548539217222166,0.003772553352413816,0.19320925644222653,0.0018836032691879358,0.0016400032788604123,0.0017388833079800391,0.008280396704666852,0.3867820661108896,0.0007028585480830341,0.019465111656492968,0.0031092541239176874,0.16590627861722484,0.0006950199769148218,0.0009348018689504352,0.026841822874859658,0.04258489733828668,0.0006677156206788824
82,0.0028215866793164525,0.006699740819019891,0.015322145793085745,0.0054507924486795105,0.006755911767377422,0.42431254748890584,0.010427602945299933,0.006482023452483742,0.006229477084205156,0.0019186789419351877,0.005849630920534109,0.007053966698291132,0.0023284938615718296,0.006395596473117293,0.0018737099042335816,0.0018736458348232819,0.0019903308526298628,0.008494342832257506,0.004996559744622885,0.41942657818163237,0.05329663727597744
83,0.006562438852956083,0.01257800780149916,0.8018481325147582,0.009843658279434127,0.012238061644701887,0.005958003695446971,0.006913103524488088,0.010062406241199327,0.012755162840956895,0.0048171093707869116,0.011916007390893942,0.040848547743011665,0.005003406418275909,0.011610468739845378,0.005204692883378962,0.004231853092093176,0.004212170054455533,0.00628900390074958,0.01257800780149916,0.008061067483083632,0.006468689726485282
84,0.005763847053832605,0.022377288561938335,0.01653973502404138,0.00845364234562115,0.3345317252680982,0.005594322140484586,0.011527694107665206,0.013113904331756859,0.006135708154079868,0.0025607263301735995,0.010868968730084336,0.01653973502404138,0.0038817745464586923,0.009754202706485943,0.0028389097429324757,0.0036933388888636103,0.004090472102719913,0.005677819485864951,0.17047894313146064,0.34271698739442663,0.0028602549289695623
85,0.0009658794415142786,0.01545565615316268,0.0018562995516602544,0.0017217850913950185,0.05297252123346582,0.0007973367201762166,0.3097890263935669,0.009199795329263504,0.004906557508940535,0.0005375709108880374,0.009424180581196756,0.0012247749619201677,0.002959183874895374,0.012391561055742675,0.1021965835433614,0.1045161762405835,0.13964192645478113,0.019034059301924484,0.021230296913685002,0.1883241296637303,0.0008546990741457286
86,0.006198911639413088,0.011914791203027757,0.010921891936108777,0.006600280018943432,0.008211936368663512,0.0039206791565518685,0.010793399089801616,0.03554204384455533,0.00650665902576693,0.8141721369515696,0.007582139856472208,0.009361621659521811,0.005096882903517429,0.007841358313103737,0.002797069886076638,0.0037294265147688505,0.0047048149878622415,0.02293035086745505,0.006898037012279226,0.011762037469655607,0.002513531294885308
87,0.0034692619565264106,0.02171038575111409,0.006383442000008595,0.004910340000006613,0.006022115094347732,0.004091950000005511,0.00559951052632333,0.1507355187956681,0.007092713333342885,0.40321063147131364,0.037088575658153246,0.018165832975421993,0.0029015645454584524,0.011868344210609033,0.004636071957269155,0.0022962021582764738,0.0052054141274601035,0.28100718380509615,0.0050662238095306325,0.015346996824063411,0.003191721000004298
88,0.019384302700137378,0.06950752108857151,0.1952687106015048,0.07839906086848623,0.012628243320896626,0.1795836912483279,0.0585491281241571,0.0015068123948875644,0.004622501620211929,0.012034438776026876,0.024621410575365175,0.11521967459727168,0.005223714033382045,0.025787134238969448,0.003771449094108083,0.05548249369380237,0.03760388334962272,0.021181008115503885,0.003983498440764763,0.07540692662430139,0.0002343964937006178
89,0.13587917466957913,0.10663601220480734,0.16141268186723662,0.07288260246546356,0.0841156795573585,0.045658382982358546,0.031870496365621385,0.012174637830670312,0.004955813905886556,0.014080233317210013,0.011308885807155977,0.02384722874048824,0.06356038398985088,0.04112322111693082,0.0034732450267678074,0.054877271422931355,0.017477368974695602,0.029225676297818786,0.029175258224849582,0.05577883715328384,0.000486908079035235
90,0.033463197580340456,0.14779578931317036,0.14006993837788712,0.10723935730691248,0.02592908584441586,0.06845745399332466,0.06635729316101527,0.02426498033499813,0.003117326768344135,0.007644609792060537,0.03448568417307309,0.07195906947139553,0.0302935468778548,0.03921112777696358,0.004517775219179882,0.06745551409678033,0.05943961091942721,0.02995860594185885,0.009638855824771985,0.027095281618291,0.0016058956079348576
