site,A,C,D,E,F,G,H,I,K,L,M,N,P,Q,R,S,T,V,W,Y,*
1,0.002347001987314355,0.005770448495126271,0.006395580415431617,0.0036546173802466386,0.007379515863959557,0.0023047136632186,0.004360623010521557,0.0068524075879624466,0.08031067822016462,0.029286603789138204,0.002541290231297331,0.0053296503461930135,0.0014902323298093087,0.002685983357349989,0.7938952518443391,0.0017683632485064377,0.0017169343397131858,0.0025497330559860264,0.031550274111151445,0.006732189910980649,0.0010779068115895983
2,0.1296144302552154,0.018748278240447187,0.006425439112637049,0.004136926551971799,0.006425439112637049,0.1582175195313878,0.007844042553089384,0.0046295137688551515,0.004283626075091366,0.002359340924171416,0.004223715220894284,0.003922021276544692,0.004026608510585884,0.006100921985736188,0.006733799656321201,0.6161461775249061,0.0017809153530339518,0.003229899874801511,0.0034513787233593288,0.006357802911451396,0.0013422028368619613
3,0.0037212721633269902,0.0055574610010636636,0.010402647183845901,0.003575909969447029,0.13959243266340143,0.0014439005554864974,0.015257215869640657,0.03410855820734695,0.004443849282419608,0.11857438324600501,0.010940480934432043,0.010898011335457614,0.0035208959699170746,0.0038143039674101644,0.0012749762565159321,0.001830865904356879,0.003575909969447029,0.0033409961758337206,0.4649450634073359,0.15462546387330617,0.0045554020640036896
4,0.03182929463844452,0.017099944910775437,0.020153506501985333,0.010647135510482816,0.018809939401852983,0.006201078923687796,0.16035791623712695,0.02821490910277947,0.008549972455387718,0.0034833221114542556,0.01567494950154415,0.019458558001916874,0.5692685124529768,0.00626997980061766,0.0032376862966056264,0.004026522812152296,0.03165172752522938,0.008549972455387718,0.014849952159357617,0.01820316716308353,0.0034619520371508552
5,0.025247066021630682,0.06953895079565124,0.0036999412407195307,0.002690866356886931,0.00383697610148692,0.10065163653956764,0.05171236283853623,0.003187641684312211,0.002181017994529407,0.0011199822134069927,0.003288836658417361,0.2042207118194126,0.20936681745035757,0.10644265143146601,0.018108240456893725,0.1417438574805237,0.04318728822633109,0.002302185660892152,0.003396667368529405,0.0032374485856295895,0.0008388530748190027
6,0.09529538616925715,0.20033488439064664,0.0024616420693428466,0.0022669195875114484,0.001854752389782094,0.07153446687532412,0.10843957736501673,0.0008519908688793428,0.007081436089890377,0.001635901375196195,0.010998826267276544,0.1513106334719065,0.03304670175282177,0.0020818649273064323,0.010357106195981156,0.1025803019872586,0.18024354661108505,0.007538778837362465,0.0030003347481769175,0.006627497878999969,0.0004574501409776466
7,0.023082654945639637,0.10585037693070487,0.01737979755674803,0.26632834867594,0.004538080317821382,0.040706658031077564,0.15818557968857472,0.004049363975902155,0.003374478181851043,0.003760940766923368,0.03381412041128818,0.1469304041680975,0.0029910074822004557,0.10285128291766824,0.0031606028041280894,0.0362806920689434,0.001964243719654031,0.0016348363877865845,0.0042453009424780665,0.0038146182381686975,0.03505661178840411
8,0.023695444298774297,0.02250410781482666,0.0051437960719603795,0.0034257083559320954,0.04016598705113626,0.028531088059819996,0.017055744870184412,0.06234320290185784,0.006615160963179219,0.2614077163770264,0.06582451535836799,0.003915095263922396,0.11280540119837158,0.03240591525335039,0.003915095263922396,0.03866614888183854,0.06389898782350782,0.19277160565163853,0.008340855127486842,0.004170427563743421,0.002397995849152467
9,0.00411712371264208,0.05349372261503593,0.01091037783850151,0.009918525307728647,0.12304159348154416,0.008375279803364211,0.043613006554418,0.04462839580840024,0.00464271397383043,0.21935323469870624,0.09697692403895405,0.009091981532084592,0.08156770589370961,0.010429593717396947,0.003204454881287177,0.014656739655887369,0.2043568272020868,0.012855080628419491,0.008728302270801208,0.03350111921345686,0.002537297171744538
10,0.0319282838368299,0.0741365896914531,0.006635508655968563,0.05014329339131011,0.004632336231525223,0.1285725471572054,0.0403198996567552,0.03827643488711677,0.003691320161452676,0.020137868831851445,0.009820552810833475,0.008470150910694276,0.004591876684185907,0.05625048938127737,0.006964346304348626,0.1880373502174129,0.2444779248213682,0.062234583996306846,0.014441989427696285,0.004024816725751424,0.002211836218656188
11,0.33628906033767275,0.11276301174907447,0.011816426546465877,0.005132044799702298,0.006671658239612987,0.11855924132496148,0.00411830755531666,0.005956837713940169,0.007942450285253557,0.007688387164709623,0.01483723838803612,0.004169786399758117,0.0038306315057461847,0.006065143854193625,0.00323866904835582,0.28550074188984365,0.003001305227257901,0.04125236842129019,0.013343316479225974,0.005751429516907748,0.002071943552674841
12,0.05064574526382422,0.05705783267196495,0.0025023562210315306,0.0026376187194656676,0.002346812080857747,0.007436108518652073,0.0038271330439305765,0.06213459566133909,0.003098155321277134,0.02193335387834134,0.02884590429527117,0.0031481255683945067,0.0017906769288115543,0.005275237438931335,0.001712138467021574,0.14063796065322248,0.3965801835219742,0.19654916528769886,0.006099493288764356,0.004760580127816084,0.0009808230414093436
13,0.006990832885558288,0.1569118223036389,0.013142765824849578,0.01602776320103607,0.010430766527658397,0.6639041532312211,0.014603073138721752,0.012885064534166253,0.009387689874892555,0.004470328511853599,0.011528741951622437,0.011137937139703033,0.004940889407838188,0.010267785800663733,0.005094095280949449,0.005643337609468372,0.004323278231858414,0.006115621921726238,0.014934961164601796,0.014285615027010411,0.002973476430961443
14,0.00243230641770373,0.06675877668288262,0.006215894178576199,0.00972922567081492,0.06579125818023215,0.0032430752236049737,0.0025428658003266266,0.14601042385612925,0.003925827902258652,0.2257917926875833,0.10050782331767395,0.0043033113543989076,0.004345980487852235,0.0035541698769398305,0.0010691855858929995,0.004024465261024839,0.09789335235808665,0.23838065463933436,0.007991863943883685,0.003995931971941842,0.001491814602858288
15,0.007229829455395603,0.05783863564316482,0.002953851167667228,0.0026429194658075207,0.006059285638807746,0.002485914349026876,0.002536134840926408,0.254244466675855,0.001418516097467313,0.1285907734913675,0.16896109819529037,0.0014105469059085079,0.0013284515833424046,0.0034871854062738118,0.001054946845595439,0.0011208810234451536,0.15600532994760855,0.18887294620570844,0.008099269330700466,0.002729101622301244,0.0009299161083396832
16,0.04265553718543756,0.6622687050125895,0.007940967470882349,0.014799075741189832,0.024348487118257295,0.012457296884845545,0.005613442522520282,0.007155597061674205,0.0073163969956444135,0.00749703380834963,0.007571620146655263,0.0049706819283385694,0.0032557966630617635,0.01017436457206801,0.0017791238595965923,0.11692947211768034,0.04469776254300593,0.005426327771769606,0.004399725220353734,0.006062917340638006,0.0026796680354417802
17,0.16265966475873447,0.14052194514629326,0.004361193724081975,0.033308725326872304,0.009406134259285354,0.07268095189164897,0.0026453142260825097,0.03223738741591433,0.004246425468185082,0.026337175925998983,0.17850906267070213,0.0024825256583235855,0.0005394167244883535,0.01196394269821382,0.001301323933798654,0.11704565406356336,0.16105096057666493,0.0296281845987284,0.003361753495646522,0.0047460049350303846,0.000966252501742713
18,0.0485249712871272,0.019881759069031286,0.005378880389793739,0.004092626383538714,0.008371266976434224,0.05332448675162146,0.0024935207105004084,0.10951264011794277,0.0033920867323023575,0.38264335509992536,0.1734166847318142,0.005704873140690328,0.004694320764357352,0.0023808446978564753,0.000962970913773815,0.013830788917586977,0.0731283092194254,0.07722856701958972,0.0041376002998413375,0.005456835178051619,0.0014426115987952555
19,0.34276975276643906,0.160814687777687,0.003654120942112414,0.0034130065501902247,0.04919247957604442,0.2356264499243566,0.005631460807813872,0.012587487420929014,0.0027695708890887894,0.017832273846316107,0.014631609309797827,0.006033708008372006,0.001079513253894033,0.0028393920039397674,0.001233166600251213,0.08957561386827086,0.01313766325759761,0.025573226325808236,0.004120581078888199,0.006143411790342404,0.0013408240018604456
20,0.25732106812130295,0.013785057220784089,0.006395185339757559,0.057694385510225626,0.0038827910991385177,0.32951464789855306,0.006395185339757559,0.004726876120690369,0.006794884423492406,0.0018323283838631206,0.0793685112711811,0.011648373297415552,0.002528329087811128,0.0069394564325028826,0.010929711528313457,0.11883670017917317,0.0377672800569427,0.004859325759466191,0.0031975926698787796,0.004659349318966222,0.030922960940783607
21,0.23572196511150412,0.07223492747297784,0.004401494291056702,0.0018224937298906656,0.03005151065902006,0.23631287263876796,0.004859983279708443,0.004760799947469494,0.002243069206019281,0.0015697557581958242,0.0029529012332405727,0.03862830346148548,0.002243069206019281,0.015009855059320067,0.0007244695572236187,0.14725577501378403,0.016542349802972024,0.014741555851216503,0.007083618917293503,0.15983371602082577,0.0010055137820086434
22,0.04871961019696257,0.15676496300115816,0.0009287702740063788,0.0014329598513241274,0.10119367422025327,0.002778024815222384,0.0012085203565384208,0.057459366368865734,0.0012859896101626786,0.09092337957855141,0.2584975633147609,0.0020014903196287257,0.002006143791853778,0.044718482789482546,0.0004012287583707556,0.050803881671162184,0.05572317343326703,0.09477074661819111,0.01120393479197127,0.016745737662436058,0.00043235857583055564
23,0.1189803093495233,0.19571625085047273,0.011185004371798956,0.01845885710362318,0.003112118078095604,0.032525395800058914,0.08748729148071399,0.00689555006744544,0.0027773743327210794,0.007431352944307755,0.017238875168613603,0.03508262315016101,0.02281547773993692,0.11605457033155941,0.0027206932238900377,0.07048494192849103,0.18038290600676662,0.06520636130834055,0.0021117944101363023,0.0019074272091553698,0.0014248251441883486
24,0.06238709421491655,0.0205976438042899,0.005353399120827298,0.008279870114782116,0.005487234098847981,0.010636488194018558,0.32281479686378484,0.0033255964235442306,0.22142275585813717,0.0012059855162303253,0.013522440807360678,0.13876728020536286,0.0023104143574096763,0.07815481284408388,0.080444468962208,0.001770075515757413,0.010271822761136605,0.0034650241913758715,0.004572695082373316,0.0039907157082530766,0.0012193853552995512
25,0.08508958153394579,0.19392876882696317,0.0010700350805631946,0.0011339359241054378,0.017085257665533374,0.003941927787408327,0.011630978791335614,0.08234620335560616,0.0018319856704301512,0.07476201315873976,0.16014081636346325,0.007044113915879315,0.0024219471575178285,0.006350883657491194,0.0033145720119638323,0.011391401672133795,0.04236039334596475,0.233350721360276,0.020801153751592992,0.039551262063393815,0.00045204690569247257
26,0.002923147718444011,0.004894572923906252,0.21185915930956564,0.06478197990673205,0.005011110374475448,0.07806667438117351,0.05338282370456878,0.006013332449370538,0.026961022073014547,0.0018791663904282928,0.009566665260362216,0.18341742222760168,0.01819868989928481,0.059314248560632,0.009581532459794397,0.15227792659316097,0.022242843210236993,0.0025666662893654734,0.005846295436888023,0.07904496169977811,0.002169759131216173
27,0.02607948040677449,0.0922165250115475,0.011210636373952837,0.005778094937442223,0.026968983729792197,0.011210636373952832,0.020844777007818543,0.22741730080543282,0.021175646484133125,0.09305354511337376,0.1291031350161665,0.030324370416340143,0.0033435231290736517,0.030904997571437543,0.03811616367143964,0.03720575489070661,0.0685976040138726,0.1030971147857851,0.0042518057086839,0.01732552894156347,0.001774375610710604
28,0.1305823582300609,0.014694169544322356,0.07120825217871303,0.21986301302560676,0.016697919936729946,0.001613507152257424,0.0383802935859166,0.013439789217368004,0.06937250358300018,0.017444195688092183,0.01737486263686765,0.014349774945627303,0.023785526240809565,0.12896478589431853,0.027332904658337712,0.026239588472004204,0.07322263539822793,0.049381000342633694,0.007548374765919016,0.006333693769104463,0.032170850734082726
29,0.058153549770000854,0.09317348963149585,0.003266828641633031,0.01774733135838016,0.15829948277817574,0.014584808998920383,0.05604212857835158,0.0693081489407059,0.006263425826495631,0.026493776024248527,0.11524016761534267,0.010405700266537426,0.0009449504335302158,0.058451773102154686,0.0005893763013255468,0.05413705255184367,0.060624648395224856,0.0930912858598866,0.03130084889028864,0.07131797971793512,0.0005632463175229364
30,0.08171500372145665,0.10374914164947957,0.005474164536689348,0.0037034369788187496,0.0012107587457288085,0.058904971702736016,0.05695707594532692,0.05231946422803943,0.22434840286393193,0.0019299601157224473,0.1126667827556193,0.044993995533708385,0.017503470392592264,0.012941454775983295,0.006851358410814685,0.029405560298763154,0.13624835960018314,0.04347457043114644,0.0021750344161316467,0.0029788514829629073,0.0004481814141648076
31,0.17229853809400375,0.010163831649917899,0.0066997387440464245,0.02516758313313003,0.008848711548740559,0.4739791625724281,0.008684846520060178,0.008684846520060178,0.013793579767154403,0.003006293026174677,0.01302726978009027,0.010906551443796503,0.02177963924982406,0.02605453956018054,0.002128910576433613,0.05838293994255165,0.004383006654983642,0.06420918202202788,0.006605376226524643,0.007327839251300777,0.0538676137165701
32,0.007881976930396094,0.04993940576915048,0.023354005719692133,0.013136628217326826,0.021743384635575434,0.00778466857323071,0.07790382338264851,0.016168157805940706,0.014664143126318313,0.008980333139359456,0.011677002859846066,0.014664143126318313,0.6360052267343573,0.007165433573087358,0.003464605244130152,0.013003967368629597,0.005310822812666082,0.008407442059089167,0.014664143126318313,0.03940988465198047,0.004670801143938426
33,0.011723433229090892,0.0020970553648284765,0.0060704234245034855,0.0024540009588418345,0.1400000837903583,0.0835294617572726,0.03519065286996207,0.0787550469824852,0.002706973297689391,0.06912534977111076,0.11634528495392969,0.0020596079475993967,0.0011533804506556622,0.009136034879701691,0.0009601087558307197,0.0026698914716936453,0.07396779386023825,0.0653854187055737,0.1106399010995453,0.18568373593339654,0.0003463604956923911
34,0.22942686203665363,0.15326063478950147,0.0031012619929393576,0.008761854477175536,0.0040680038644029266,0.12061339897635323,0.0038611562102807435,0.004696542279353078,0.008437341348391256,0.0016628336963982768,0.004380927238587767,0.0026184852460524586,0.0014889425908925745,0.011390410820328196,0.0025887297318927713,0.38551392144191465,0.035751298032548666,0.005146531375614436,0.006508806183044683,0.004218670674195627,0.002503386993478724
35,0.4093665244726369,0.10490485955738268,0.008448095669892531,0.0048347379717591414,0.00827568555418044,0.10038370736097026,0.00687302698567528,0.00687302698567528,0.006336071752419399,0.002599414052274625,0.009430432375693989,0.007372883493724391,0.005792979887926308,0.005406781228731221,0.0025665100769293766,0.01383474600282971,0.1172915821908803,0.16071071854765942,0.009430432375693989,0.007372883493724391,0.001894899963340381
36,0.04300777751777389,0.20103964840277702,0.012318558435893063,0.0038324404022778416,0.007109938784976259,0.04013508922823554,0.01014469518250017,0.2456483953012758,0.0025740271358582517,0.03499338357077262,0.022233622132679993,0.01014469518250017,0.0038324404022778416,0.004311495452562573,0.0019162202011389208,0.07564434871863983,0.08698207368394345,0.17340330989873579,0.014575374509201327,0.005389369315703216,0.0007630965402765613
37,0.02206629788977258,0.15509996425372108,0.00983663827336073,0.006473629395276495,0.06573379605571597,0.3991197121953844,0.010672740354374762,0.009402176026473004,0.005336370177187381,0.0108371934037802,0.013732060134926971,0.05569113276942604,0.013259793516530009,0.006473629395276495,0.0017550728582749607,0.06190157226132431,0.044851919008933705,0.01552941735787769,0.08353669915413905,0.0070516320198547545,0.0016385534983894864
38,0.003011436487753539,0.0793581337141278,0.010768166834997503,0.004867801445957774,0.006995343198353379,0.003011436487753539,0.011844983518497255,0.017689738784573375,0.0043870309327767604,0.359479829203486,0.3232799762880784,0.008076125126248127,0.0037803138888821016,0.004935409799373855,0.001860468615470773,0.002065985497412311,0.07191263375467873,0.07176405393287152,0.0031171009259203294,0.006967637363821913,0.0008263941989649245
39,0.011994106472616051,0.0839694716758249,0.02484493483613325,0.02675608366968196,0.0367366438581734,0.006211233709033311,0.011994106472616051,0.028542653397970456,0.01449287865441106,0.34930310953966714,0.1157760897348495,0.01449287865441106,0.013526038687687978,0.011994106472616051,0.00476478202336802,0.005521096630251831,0.12517671240562786,0.08816794525961615,0.008695727192646635,0.013378041834840976,0.003661358817956479
40,0.0598142348837492,0.1203081769820865,0.004083180308989695,0.003931951408656743,0.08785712416009482,0.09102166177961836,0.005897927112985114,0.1065804817511389,0.0028692618387495153,0.0411008141555837,0.14566315347394915,0.0028692618387495153,0.0017123014198989043,0.004246507521349282,0.001516609829053315,0.021893234420137405,0.1242711427275642,0.13812734238521324,0.009969039147291536,0.025634672093035375,0.0006319207621055481
41,0.11481354698118482,0.11610598480038523,0.007097481949981272,0.00811140794283574,0.011114986503118773,0.18152724116012203,0.0052573940370231635,0.13834151133521327,0.007672953459439212,0.035029542859483606,0.005677985559985017,0.008349978764683848,0.0036397343333237292,0.007471033631559234,0.0029267966804046486,0.022852606532139306,0.0204214781776564,0.28596283261315414,0.009409896807351477,0.006452256318164791,0.001763349552790378
42,0.07150908987424902,0.006280372556353109,0.009839250338286537,0.006416902394534698,0.006280372556353109,0.42364372051759613,0.007977770544556652,0.0038469702262542353,0.0036897188768574506,0.0014833040710984728,0.00388391460721837,0.007379437753714903,0.0029517751014859605,0.004340845737479354,0.010432624635095597,0.2977847167463819,0.11787173234032995,0.0022532634362488254,0.00388391460721837,0.006416902394534698,0.001833400684152771
43,0.00720561530751919,0.010997273633899587,0.008789923951016429,0.009836343468994573,0.023042132466902024,0.00372185969097092,0.007511389558141312,0.004977426815635808,0.006885440428296201,0.00511422940119045,0.006772564355701181,0.0048037956476485125,0.005737867023580167,0.0072478320297854745,0.003501071404218407,0.002488713407817904,0.00413126425697772,0.007680710822300675,0.4502816719573769,0.4172175190202965,0.0020553553517302092
44,0.015511823324414939,0.0418264698482497,0.030270609411321776,0.021399589224685888,0.04182646984824969,0.007481157208630026,0.013289535839116878,0.12839753534811532,0.008648745546091935,0.012708995922314243,0.0073052836789271455,0.015567741982965483,0.005559907851059102,0.012973118319137904,0.004429845279705626,0.003919935031681957,0.05964144774657826,0.5498494109512173,0.006054121882264355,0.009729838739353429,0.003608417015919152
45,0.006400337755013071,0.011904628224324311,0.020525221076421223,0.019841047040540516,0.027271788758007856,0.006687993384451861,0.009757891987151072,0.18510791822142447,0.013527986618550352,0.0038904013804981407,0.016534205867117097,0.010629132343146705,0.00541119464742014,0.015262343877338859,0.004133551466779274,0.0038904013804981407,0.005460838635011152,0.6001715512623694,0.011904628224324311,0.014998944465160084,0.006687993384451861
46,0.30740362364324253,0.18119912755413486,0.001065904398190357,0.0005758334105166296,0.0009452359757537127,0.007690699993694278,0.028596405610356205,0.0007951985192848693,0.0012817833322823805,0.002264260890300695,0.07995514322712653,0.013146939854085493,0.00038449753110119143,0.017164750710564048,0.0010217113518192886,0.05010025123118826,0.2812358876336393,0.01628899812329037,0.000447299167097739,0.003116757365865577,0.005319690476465641
47,0.003869109774553185,0.0091451685580348,0.01005968541383828,0.03323504794171703,0.006532263255739143,0.5093305069126283,0.007396827510175207,0.005651508659459709,0.007289627111477015,0.0021133792886214873,0.01230954431412381,0.1568046568014541,0.0030483895193449333,0.021233963941863578,0.014815714516142824,0.025952622595611027,0.005981398293482697,0.05614377809632361,0.005987907984427547,0.009543354580612843,0.0935555449303689
48,0.0026967399736379876,0.006208773427678156,0.009888046570005953,0.00503730674321058,0.003255820212075131,0.018588949858641887,0.0035128586498705356,0.00965961501582998,0.2696417113818435,0.004061099406054647,0.0032109213421215154,0.06914562833391028,0.007614561386352463,0.001992367592463886,0.5421180499111595,0.004981016951072549,0.008065123678114025,0.01325829511976664,0.004376676350658373,0.010679090295606429,0.0020073477999260204
49,0.07069848078041366,0.057058284760279514,0.0032763172659043527,0.004095396582380441,0.0023102237131376845,0.1352993007796498,0.03043108520548241,0.009805156559304971,0.0020953191816830163,0.0009055148222348713,0.018758888140365863,0.12431831544101311,0.002205151101846551,0.010032225891917275,0.0016353028737887642,0.18174138466564255,0.3033997417193306,0.020351999659717533,0.002649962494481462,0.017556395310855233,0.0013755530505705298
50,0.02875850607597014,0.15181256859347206,0.0049297214012023515,0.004651120361319608,0.004257486664674759,0.0016825995201708624,0.0049297214012023515,0.08372016650375294,0.003229817469753265,0.04397352581508184,0.09186139891180359,0.03953452307121667,0.0046511203613196096,0.015813809228486672,0.00608223431864872,0.03564962774051909,0.17970237759643942,0.2841217745418921,0.003193114998506069,0.004606460981451378,0.0028383244431165054
51,0.008501632131023108,0.07354900355210688,0.42051744066032737,0.2509207987742097,0.012613912859757867,0.009619948128043749,0.007176881454689821,0.012329852447331757,0.008004983161000186,0.0025381653925122542,0.008856577114298079,0.009910931532666898,0.0024061221061965877,0.013871084003248229,0.002325469968558713,0.004780963193863333,0.013780423323488432,0.00866032451589466,0.009250202763822437,0.11560069528050011,0.004784587636459881
52,0.0036890087175298803,0.08537796800461586,0.00851985346667615,0.007454871783341631,0.14797060702840803,0.0028399511555587172,0.004835592508113491,0.05356779308951761,0.004020605006746049,0.1767038931416288,0.36195522500880467,0.005421724933339369,0.0018833360294757805,0.003975931617782203,0.0015833356000017626,0.0015974725250017783,0.036191135271339075,0.009926623905804564,0.07062233517264928,0.009745376000526874,0.0021173600331384516
53,0.004020746278350442,0.007480173799303022,0.008982518281421199,0.00753889927190708,0.2315674255984375,0.0029730870368084254,0.008278007043662675,0.036872182480865726,0.006920956708636009,0.002019992149410509,0.018123615117713664,0.03240282702863958,0.0021874526384808106,0.0045395522497504994,0.007274104026837457,0.0025432431278722676,0.010933469242792494,0.12803835534617775,0.04582685536907597,0.4270337338819634,0.004442803321893637
54,0.0033839726604137804,0.01015191798124134,0.008527611104242726,0.009071926706641201,0.011428823174988091,0.004535963353320599,0.006005359932565301,0.4312817286691854,0.00495791343269926,0.22938965657406032,0.0169815061326474,0.00971073069402187,0.00247895671634963,0.0038761868655648756,0.0019739840519080384,0.0021534371475360418,0.0036228980638602975,0.2248580712764549,0.00698984516741207,0.0065597008494174824,0.002059809445469257
55,0.04211002922578185,0.12261274752676447,0.054071160494690414,0.2801274028505006,0.0034549699010607477,0.0022471348949988598,0.004606626534747663,0.060991751610637635,0.007845175635236972,0.017594583970494498,0.070794529470872,0.0037862683847241065,0.0014860085595960202,0.08462338756038945,0.0014395707921086448,0.02808959897043858,0.04354559840393349,0.11667987264643719,0.004387263366426346,0.0036853012277981304,0.04582101797236257
56,0.06851281624751755,0.007846507512791373,0.008137118902154017,0.003923253756395686,0.05058706831579456,0.001979299192415842,0.11129155029474805,0.06527061192745737,0.045851920816651966,0.06658468821053301,0.012163010961174649,0.003994585642875607,0.09660724851974656,0.0354298942885902,0.2215587846481376,0.02618624712817601,0.0044163313609027,0.005152386587719816,0.03138992444210841,0.13194187311385136,0.0011748781302575318
57,0.09024989902186953,0.1426409486533333,0.030349138011347507,0.062102094798771476,0.002304237020098472,0.0017050077534464891,0.04000568192404898,0.004895022259894759,0.0019120264634859665,0.0021372632402357396,0.002496256771773345,0.0941869800352164,0.0007882916121389511,0.03890915129659937,0.0009662929439122626,0.07839871091455865,0.15705059476421887,0.08571006237650727,0.0030349138011347507,0.1593329745595744,0.0008244517778333984
58,0.143356486614328,0.2037032758167745,0.005064358222581087,0.007589425155771025,0.004662075452830772,0.3298052769878641,0.004944625480275062,0.006275870801887579,0.009501459927864107,0.0016482084934250204,0.006275870801887579,0.004799195319090501,0.001989910254257037,0.05510846758161181,0.0018863889115500235,0.050937670458460885,0.0898932449912817,0.06055415190101302,0.005531275960985661,0.004799195319090501,0.0016735655471700208
59,0.027476202333138116,0.02405886370134441,0.31038152895133714,0.13554363993785815,0.005806231872115812,0.04294599692406461,0.05774127288322657,0.008792293977775372,0.007326911648146143,0.0039073041800679635,0.00715651835400321,0.03318695218287669,0.05480909886962524,0.022113678976554856,0.0020379489352459475,0.038211136466841114,0.03163217557950674,0.014435318220806643,0.004525445429737323,0.16528130716357298,0.002630173412155026
60,0.004206149141975043,0.015294672603131573,0.007851478398353413,0.01177721759753012,0.01325538292271403,0.004146907604764127,0.0060707307203763505,0.5975504116778567,0.0066164143806349,0.052720272988067154,0.0857029068278924,0.033845034989920565,0.008996866237136218,0.0064006617377881094,0.0026288432137344018,0.0021890739028866393,0.0028447385501280485,0.057193526832951286,0.007181230242396415,0.07101097994311087,0.002516499486651735
61,0.040112706934043806,0.08067622286704747,0.046040671829632,0.06554943107947604,0.07274388083210148,0.03327130213882498,0.020856637161651478,0.03607503304312282,0.02404169924853524,0.066554020061537,0.08269312843872365,0.06810330501763746,0.0003694219937387156,0.05150312441958835,0.023754151629718393,0.06899940113629059,0.07811433513543256,0.05894367445906375,0.020545344069686527,0.06078219972824142,0.00027030877590637726
62,0.006061081043980447,0.0053271694422707344,0.012218369723579633,0.008747241961199055,0.01099653275122167,0.003498896784479623,0.009387284055920937,0.013995587137918488,0.006468548677189216,0.06657526210077817,0.009996847955656063,0.013504513905009067,0.00413848006766407,0.007331021834147779,0.009464682227481671,0.0029047445003227055,0.004693642027960468,0.006812011438809883,0.7827790672900399,0.012829288209758611,0.0022697268646118826
63,0.07028632293893035,0.05054131817201911,0.22166858623355068,0.22871038102747743,0.04251888671614305,0.01188909470589789,0.037639670207733185,0.055661088064769104,0.015302919220699204,0.0030985423517837043,0.011596060013493559,0.02822975265579989,0.0012911650915612318,0.04123598927212151,0.0011707455493430857,0.0011647107784701835,0.02125944335807153,0.0925411063821937,0.015683195919888825,0.01881983510386659,0.0296911862361861
64,0.04902156120323494,0.014512407103195195,0.06167773018857959,0.04894476013735662,0.03276995152334399,0.006903960660743345,0.025764780726687128,0.04340529033592018,0.06007930679109021,0.0791489775749505,0.06238455666025746,0.05877009724470353,0.10461929299766091,0.06852717015481885,0.05820163883142674,0.06017564983554186,0.04371742643798608,0.058212689166749286,0.04203593781615161,0.020914939648722493,0.0002118749608794156
65,0.0064783684119491475,0.05196191330417545,0.42639006064641244,0.05053373809960485,0.03239184205974573,0.14011311799148354,0.00794928705955054,0.007264003692347906,0.007264003692347906,0.001996740351451083,0.008102157964541896,0.18356124850909844,0.0024638141178723893,0.008690494211151294,0.0020551815324691644,0.0022773633197631276,0.002771790882606438,0.0033174190091037684,0.010797280686581912,0.04157496953465461,0.0020452049230882453
66,0.4685220158553393,0.35859675677011427,0.006420198107018788,0.003219649466163875,0.005706842761794479,0.002735232329617472,0.006510623432469758,0.007003852480384134,0.007704237728422546,0.00214006603567293,0.006003302126043543,0.005136158485615031,0.0042064135691509,0.005136158485615031,0.0023228857472630793,0.013044899297131513,0.0032196698122775973,0.07453810134060594,0.007577938749268078,0.007834818028904284,0.002420179391127502
67,0.003278639639636918,0.011704743513503797,0.02167867294976902,0.23270611302051133,0.011254561070676726,0.0036134050672799356,0.009073444584111467,0.07537145444301686,0.002799826737243446,0.19109785328169462,0.04470561758629922,0.0044385437326986505,0.21720142602378179,0.04298352137727383,0.001709661289632073,0.0025838285901774384,0.0145853501725904,0.0840389912798487,0.004196441347278724,0.004354797624534525,0.016623106668440437
68,0.030717466207392352,0.0278856676545318,0.007569579865856102,0.008617675539590024,0.06405724095120216,0.0032192466096169626,0.010568847359874557,0.17224653633545256,0.008617675539590024,0.008220630349023823,0.010002659108452704,0.009657739828850887,0.0036138639359571067,0.006831084269187214,0.006538708277614353,0.0029481521582807976,0.03297783305231587,0.5661110205296749,0.008617675539590024,0.007779845973240994,0.003200850914704866
69,0.035102825516416615,0.005255901044851853,0.005961917603115534,0.006657474656812346,0.004389543729766382,0.08636824374627479,0.00338515660515882,0.005706406848696296,0.007344614078167871,0.0029251276848114467,0.013789887656968251,0.0030096352616873104,0.002017416562670408,0.005056309865933427,0.003345071758373486,0.38961696054497547,0.40444053919046724,0.002937121172123094,0.004389543729766382,0.006548335728012144,0.0017519670149506175
70,0.0043029164733382145,0.008318971848453881,0.007010369535213945,0.0085130639441991,0.00990353791482605,0.6314710754090203,0.00959881367129294,0.00990353791482605,0.010757291183345535,0.0036064906857459023,0.011344052520618928,0.011554127567297057,0.008665595675472792,0.007517143236554712,0.030215259794179505,0.0033364860354761555,0.0057240631984774425,0.08867033831470067,0.007340269278047543,0.008209511692553174,0.11403708410635997
71,0.08129024182673181,0.010759002594714502,0.003920005105640467,0.004312005616204513,0.0032666709213670553,0.03416870054804935,0.007783108260006236,0.049322362759337414,0.0027049604987596184,0.0012833350048227718,0.006417650670531457,0.2172317125496825,0.002073079623175247,0.004686962626309253,0.00158529618242813,0.14128775157508305,0.3950960233032677,0.02239629111552815,0.005542516488186259,0.0036542420476309433,0.0012180806825436478
72,0.17495734876594266,0.02674859411052404,0.009077221699217097,0.018154443398434195,0.010416483917134374,0.0027626326910660734,0.009928211233518702,0.007438647714882628,0.013237614978024934,0.004293280533413492,0.009627356347654497,0.01477687253360923,0.00747535904641408,0.012219336902792246,0.002547537525774949,0.6423461024183903,0.006688479146791545,0.005339542176010057,0.0072205172607408726,0.011346527124021373,0.0033978904756427637
73,0.0021941952395115355,0.0045598119821099094,0.004053166206319919,0.007295699171375856,0.05157004021686314,0.0024942561269661045,0.07143261563676084,0.04455651474736974,0.006632453792159868,0.02467902057627087,0.06664435966486928,0.003943621173716679,0.2950733195045312,0.004706902691210229,0.001658113448039967,0.0013636820881076366,0.0468230308668084,0.1005034167233904,0.006209105677766685,0.2513444421646499,0.0022622323012018155
74,0.01143205155273377,0.22870749647067967,0.002905786073033858,0.003916536180103235,0.003156611249635443,0.0006611047679389198,0.13138198640528126,0.011015258006540348,0.047126147297546536,0.05549836334149215,0.07343505337693566,0.023942598534970726,0.0007180965582784821,0.06600337380286585,0.12610388949509244,0.06563574425966111,0.06824772620222447,0.07646283711616933,0.0012976643418184418,0.0018374823697125866,0.0005141925972858266
75,0.0022999707565053156,0.004318833976104427,0.004519709974993003,0.006588051827955903,0.00782527070896007,0.0019933079889712735,0.0021836801002775184,0.42854104275964583,0.004367360200555037,0.3953791430989133,0.004048906852597899,0.003266345023944523,0.008024683722144906,0.0026441840670027093,0.0011743053107232575,0.0013220920335013547,0.0020897583755343993,0.11071228059222776,0.0039262127055494775,0.003084881411503161,0.0016899785123886879
76,0.09096577946062058,0.07746511502123046,0.07320303079697263,0.06760051958377739,0.06081465186851901,0.00037401073229387396,0.05220475142735097,0.015393708754218874,0.022166940606075176,0.06896381521890056,0.031246931202593538,0.06678029487925118,0.0009218845630257016,0.04464175538723473,0.05199652734758374,0.06123013770258686,0.06773231851856305,0.04207025299703341,0.05952234051631298,0.04432788170352869,0.0003773517123265825
77,0.00911933075828283,0.012559551013422402,0.013606180264540935,0.008971107866730289,0.011183161861266524,0.004342397956768385,0.010078652047808102,0.012005453174594945,0.008971107866730289,0.010568475668797591,0.00826906683522351,0.010741721261479688,0.004830596543624002,0.01103203805233049,0.004021531112672199,0.003832726835081954,0.005406429244188452,0.8283332933777351,0.011338483553784114,0.008163708158724562,0.002624986546213686
78,0.048794976229095725,0.06797352774254257,0.036659880130809466,0.04339130906401757,0.0905979824544185,0.0002422193821171301,0.04868890329873134,0.05169817602953942,0.0728934825856793,0.08618596819214343,0.04441485477386532,0.08183008957769973,0.0003380978875384941,0.0816430493729507,0.054909893131975536,0.027945135926164977,0.021791865202199195,0.038438687891012596,0.04845977904791377,0.052751862397531074,0.0003502596820542673
79,0.005382489554352324,0.010460309888646968,0.012052096176049769,0.009396549560987956,0.009726253054355953,0.004232033771742667,0.004994562379263868,0.27264540196292963,0.007107646462798581,0.5614671209690263,0.01905967888497725,0.006844400297509745,0.0024749840361530774,0.014630760547077374,0.01799592876745494,0.0027719821204914463,0.0035311874146387854,0.01710252863590458,0.00827457349400432,0.007294689790766966,0.002554822230867693
80,0.002202161629486965,0.0052016576420640375,0.3048719344459584,0.003467771761376025,0.005485384422540257,0.0023570011190602673,0.005928467664997436,0.004788827670471654,0.006704358738660316,0.0017851842795249362,0.007016189377667772,0.1414307826851975,0.0017746831955277307,0.005801848908456042,0.0017338858806880124,0.4438526375180061,0.0020806630568256154,0.0024729192068829037,0.004788827670471654,0.04454063049409265,0.001714182632043831
81,0.010312442171895043,0.010655423486568009,0.39536267527083535,0.4208099374704664,0.00784078332030476,0.0073043766357306205,0.006493148687127379,0.008148265019140241,0.014201710381770784,0.002488392311234445,0.006926025266269205,0.013675276313253694,0.0023346152582929907,0.004947160904478004,0.0022584864998703926,0.0034411643010474977,0.0026810420385558215,0.0031481933028496382,0.008841734382471326,0.006111198764355181,0.062017948213483484
82,0.019676884424735815,0.05490157667827941,0.006520604975058652,0.002008398769145666,0.02793631739314344,0.0007186917164099689,0.23664667493752187,0.0010870620240614301,0.0016290345571959295,0.0005273852883008405,0.00720299386779735,0.3751899096877434,0.0006108879589484735,0.04912938576035569,0.002767475970093901,0.14866428955703032,0.0006186207179225048,0.0007882425276754498,0.03579087619643304,0.026986266134401152,0.0005984208577454434
83,0.001983776577813165,0.12385445803529097,0.007503850533467188,0.00472845376081494,0.00472845376081494,0.3490721541421016,0.015689869297249574,0.005076134184404274,0.0043693306903733005,0.0018072100761229882,0.004931101779135581,0.00821850296522597,0.0021985804110795583,0.006055739027008608,0.001527332409466773,0.0016118927831175601,0.0016054749978580967,0.019140931143785306,0.00442534775050629,0.3451771245394906,0.08629428113487266
84,0.004257663700389727,0.011378239199317375,0.6689424275121364,0.006734059934289874,0.011378239199317375,0.004313319435035344,0.005076445181233906,0.009849819008364295,0.008353643969119084,0.004459039686218971,0.01374870569917516,0.004614950164758096,0.004399585823736051,0.010644159250974318,0.004782158504060925,0.006228935204355372,0.0035480530836581067,0.005454032012895932,0.010818653664924715,0.19640291960128098,0.004614950164758096
85,0.004338603441781843,0.024946969790245594,0.008804812867145505,0.009355113671342098,0.3014146779919975,0.0063694390953818545,0.009355113671342098,0.009931060825710599,0.005756993028518214,0.03722065223406582,0.007127705654355884,0.01151398605703643,0.0031511961840310224,0.004907600614474543,0.0029349376223818347,0.014507947334224296,0.0031511961840310224,0.004751803769570589,0.2025298975048331,0.32523332275047656,0.002696969707053578
86,0.012078865249181694,0.012924385816624409,0.0025469548399972303,0.0023154134909065724,0.014578423714982466,0.0011370334107130493,0.39699906045251343,0.017005770811347905,0.018183659698713994,0.0011219084910264246,0.01944641384445802,0.010097176419237817,0.0014811068748169854,0.019290128084514045,0.1591345257383998,0.12826822158649862,0.0757911513937851,0.008284862702964364,0.0200802604495577,0.07819084297894167,0.0010438339508185368
87,0.004063505491881097,0.009042730531228355,0.013957257993852463,0.005944758034418642,0.22302150073960123,0.0029316614964256314,0.008560451569562843,0.0181008482582988,0.005095506886644549,0.6520747228348666,0.005681715643515162,0.0076432603299668245,0.003647919702938712,0.007379699628933486,0.002098149894500697,0.005294864875329137,0.004308952132330291,0.006135880765525016,0.0058902189698826915,0.007055317227661684,0.0020710769926361714
88,0.002801760307063978,0.013315860228707902,0.006003772086565665,0.004502829064924249,0.008405280921191933,0.003151980345446975,0.004757706181806754,0.13001362020222115,0.011516419657260888,0.42338713644213455,0.07648083823668131,0.005603520614127956,0.001814089407451496,0.024210654961287093,0.0025730451799567135,0.0020172674210860637,0.012244469175823358,0.25368426496812496,0.004502829064924249,0.006465600708609178,0.0025470548246036154
89,0.033953926678043915,0.04131719100996855,0.1328434021772206,0.0814454793243585,0.013398485772463409,0.18472807360474344,0.06762782097111426,0.009999845478960493,0.0058202682860790745,0.011388712906593898,0.02562460403983627,0.12862546341564873,0.00926988259839038,0.04805670276511135,0.004943186027542883,0.060612731452667094,0.04474857106661673,0.01073792931193139,0.0018721171901250244,0.0798489534125235,0.0031366525100604624
90,0.04011428297054341,0.020391628674999968,0.16813851981801947,0.0694792427006749,0.03300542269728255,0.07027258738558516,0.03457551871628283,0.014598552346874972,0.002489436452971765,0.01030486048014704,0.03892947292499993,0.05698712000466857,0.07599834604108442,0.11466499297909072,0.003358958947068577,0.041980701883986414,0.024222783153333288,0.018412588545608077,0.09661587371386347,0.05458589138396729,0.01087321817894716
91,0.0458486316779301,0.10925898274001947,0.14364479819062825,0.10930939963009595,0.02536105942143502,0.07950597328243296,0.050480584943618276,0.019360451611899053,0.0026393619137461063,0.006061133698204598,0.035813928507296755,0.046532106573855606,0.032697651611207294,0.02279068177737066,0.0011311270633973369,0.06102504923282801,0.0512156723944848,0.08945423187016066,0.014341075268073374,0.051462511006644895,0.002065587584670866
