site,A,C,D,E,F,G,H,I,K,L,M,N,P,Q,R,S,T,V,W,Y,*
1,0.0028251398178493112,0.006143036580672338,0.006997366171361867,0.0037871049888015857,0.007337515915803069,0.0025037969001792475,0.004496179965428265,0.007044015279170948,0.04225844315944285,0.027645224284980518,0.0033757261721266522,0.005474623273967057,0.0015115912616246669,0.0026125049522173266,0.8518222476543892,0.001850441842163997,0.0018602153025979614,0.0026481260448011083,0.011107234915684596,0.005531949172123781,0.0011675163446139693
2,0.11844530662841628,0.03472370456890352,0.0050257530805450056,0.0031917104871707616,0.006178448741220465,0.2391382002492602,0.007922951915212126,0.009459447262617231,0.004401639952895626,0.0020594829137401552,0.003301229964671719,0.0035821857063459083,0.0028779953538163707,0.005475210673114072,0.0010633509284464554,0.5353554420128409,0.005020118386528848,0.0028415650328819865,0.0031917104871707616,0.005520089449123203,0.0012244562050782377
3,0.00439124917957515,0.0038306239486761056,0.008782498359150301,0.003394462555990607,0.2790031681486069,0.0012489783219559116,0.00937792197671981,0.012295497702810416,0.0052197867606270645,0.06271272512524342,0.03070511056873558,0.01084896856130331,0.00341541602855845,0.004289127105631541,0.0012405771224808717,0.00196204750576762,0.0032934368846813627,0.0030070510686221134,0.43788189374105985,0.1090839454415606,0.004015513892243053
4,0.0063097922216633524,0.01607362036993815,0.015180641460497146,0.014638475694050817,0.022155530780185024,0.0064547609359594145,0.13035616797443997,0.012611609828720704,0.008280349887543897,0.003960167337520994,0.01576451228590088,0.01576451228590088,0.6452653125257982,0.008539110821529644,0.0036470140928867457,0.005127084451140073,0.030867558833686335,0.007590320730248573,0.013221849013981385,0.013662577314447432,0.004529031153960474
5,0.016759033808520677,0.05757503792105863,0.00333396283614081,0.0025401621608691885,0.00333396283614081,0.09269965171644068,0.004751994351510917,0.0028075476514869977,0.0016540590814962163,0.0007902726722704143,0.0018237061667778795,0.41908992985432736,0.16798988008903565,0.09748107233205483,0.005474499979601063,0.09365235157855359,0.01734198326418542,0.0023974564214945147,0.0022943400162689447,0.005550534701539965,0.0006585605602253453
6,0.09512471810700024,0.19361444164292752,0.0017787029303626602,0.004298532081709762,0.004726694067428583,0.07752134339574787,0.0793784495768165,0.0011259380907725025,0.003865385370697152,0.0007439767064497666,0.008330571919605931,0.19406723825854924,0.015144233728477648,0.006902473876244914,0.012089953124093812,0.12141740660888563,0.1554052171271872,0.011859705114638991,0.0024959218538959903,0.009453388134857165,0.0006557082836506416
7,0.03145726958213399,0.04612928613944704,0.005699882188699284,0.27564094221862717,0.004685394201120824,0.04697352298795006,0.20541947733972507,0.003315137406453413,0.005135486933493129,0.001689445024442605,0.01846467212042473,0.1594543269646975,0.002811236520672494,0.1511131787326713,0.002104218952599173,0.024446615485058193,0.001963153994883027,0.0016193758759634185,0.006890285589883565,0.004285421525415388,0.0007016702156386303
8,0.020064242778053947,0.020096101116211868,0.002444997009485232,0.0030922021002313233,0.006577919409977045,0.009887382124266816,0.00820590795578651,0.06337202966336376,0.004043648900302499,0.2516478439774531,0.0796147665497585,0.004571081365559347,0.24964452372533624,0.007509633671990356,0.002310656514458571,0.034754433695095815,0.04650014508279023,0.16466675205364212,0.007008991427191,0.012057660669727119,0.0019290802093186235
9,0.003715248976873963,0.04102082406627037,0.0074304979537479264,0.0074304979537479264,0.09515047727870675,0.0037724066534412554,0.015312071029094626,0.00527474101715492,0.005702475173806549,0.19214010916386362,0.22088136035684047,0.01722874610783355,0.06709499523702747,0.016026740565426557,0.0017898279742604494,0.004785762807731541,0.17759603831044107,0.03329226301030638,0.022971661477111396,0.05906998665542933,0.0023132682308837885
10,0.03375566618137013,0.19785458785089813,0.006974453574677224,0.010193432147605173,0.00631021990089844,0.17204746769643317,0.01861535100747698,0.004525663880368174,0.0025115401573673917,0.04042701915222679,0.007361923217714848,0.030283865487382374,0.0015682203304007956,0.01766558820097305,0.0028497767294380053,0.15814907532299682,0.20568526373728416,0.06265395281945109,0.01262043980179688,0.005096716073802587,0.0028497767294380053
11,0.39620375675664843,0.016566689130557363,0.004015963285089888,0.00607477538379943,0.006906936395278804,0.09117391673230878,0.005862864614597125,0.00730733850515004,0.00869321304923022,0.007377353753451325,0.010289925650109237,0.005421573729627449,0.008989585740442767,0.00800327550564052,0.0038785104373488667,0.35192894562838506,0.015734495375366152,0.02578646165805524,0.010727794826709632,0.00654813450461497,0.0025084893375888193
12,0.0707857778981606,0.16397737531110435,0.0029549259328725793,0.0029549259328725793,0.006691860204404058,0.02567511019891665,0.004258569726786953,0.039898132533912466,0.003966886868787846,0.014350870766312552,0.022138232773555686,0.00419685132494946,0.0018562996244968772,0.004908182057991743,0.0019051496146152164,0.07163597963518493,0.3178741742711162,0.22743170777519162,0.006581425941398019,0.00482637902369188,0.0011311825836777844
13,0.0060624009181387386,0.040967530102551525,0.011258744562257658,0.017195173513266243,0.013135201989300602,0.7453220307328677,0.012282266795190174,0.012955267715474568,0.011394392087104136,0.005112078612052126,0.01260979390972858,0.008676463699354526,0.00573172450442208,0.015762242387160723,0.005030502889519379,0.006952845835643445,0.005254080795720239,0.023554953015199255,0.018914690864592867,0.01854381457313026,0.0032838004973251497
14,0.017088515861305612,0.08467969913414836,0.004986336774317995,0.0057841506582088755,0.02212041120238977,0.004301191067131343,0.0026532801184444383,0.16675386906416903,0.003961747026170462,0.2275566925860939,0.10523918738726312,0.0037559419858499187,0.004696558040929884,0.006081840596676067,0.001135143372068444,0.0014246676498051415,0.09740932710856277,0.2233035029019023,0.01156830131641775,0.004253051954565349,0.0012465841935794986
15,0.009134410240746231,0.29250411459811815,0.001950235183611201,0.0023225528095733392,0.0033179325851047698,0.0018924504374301279,0.0015868373233109772,0.20176663282826948,0.0012223962155649155,0.07669576739906649,0.18301369504916035,0.0010018855256983031,0.0010871523789492226,0.002870570888236712,0.0007358156354065589,0.001697315945443626,0.085733276706741,0.12239200161201708,0.006082876406025413,0.0021835966585732245,0.0008084835729527447
16,0.0922799434691562,0.5741590929278795,0.005938270355928302,0.010349556906046472,0.049437284902834604,0.02346772158723792,0.0052120070749874315,0.006299730290636981,0.007392540647176051,0.0077398744801909156,0.0282720415040307,0.004417493801361298,0.002775743231506717,0.006586081667484118,0.0015316468994149108,0.1088898362592402,0.04664886848165065,0.008588974634135906,0.003773275955329442,0.004292517656504788,0.001947497267266809
17,0.16163338810657604,0.12189572789676541,0.0038807798759784365,0.009744149543835278,0.0032647830702675737,0.04984598213464265,0.0028175525126966734,0.028427295612096014,0.0027424177790247623,0.020538841330566826,0.23337964441479764,0.003116383839800866,0.0005486480263087099,0.0028175525126966734,0.0012028148153617377,0.17721333968221392,0.13117101209356946,0.03829217960108324,0.0030247254915714288,0.0034861242953704605,0.0009566573647760799
18,0.03769602060511735,0.04754969164475288,0.0050228575445162215,0.003911241530565911,0.0051866463774895765,0.0241603838627393,0.0025933231887447883,0.13578747386147152,0.0036425302803743593,0.37816451138799423,0.12498542271359443,0.004724469967614268,0.0008723427179689963,0.002623436055030158,0.0009581756360020904,0.016745165184405768,0.05662931602216722,0.1381927270216586,0.00542240303101183,0.003879442818935293,0.0012524185478452522
19,0.31465243981671936,0.25345948578142247,0.003380607788047607,0.0026166208349246794,0.0724169959375493,0.14365167357407732,0.0028207543752379514,0.01284242292488559,0.0028613407691262674,0.014224767059161467,0.027474363798320807,0.007523843733771357,0.0009844712052191863,0.004330584474670722,0.0010926548541443715,0.08009091270897419,0.015747998117997052,0.030022564465125048,0.004571567435730475,0.0038992781069465813,0.0013346522379481588
20,0.3131613051169743,0.005077196581100118,0.008367972142924267,0.01748881468105192,0.003586273775538972,0.3558808772330707,0.005077196581100118,0.005316123479034242,0.008367972142924267,0.0016138231989925374,0.011926593930088714,0.007531174928631843,0.0026425175188181903,0.0058684479963365,0.0020145292824361137,0.15257444487140515,0.07247286131391745,0.0016204558038527737,0.00379723105645303,0.005793211483562956,0.009820976881785704
21,0.1997675864593005,0.061440825431085026,0.0035823792261364972,0.0018489699231672239,0.09125579440343261,0.2262827189886724,0.005407364869639995,0.0077456848132681,0.002388252817424331,0.0008684555699724841,0.0018489699231672239,0.014126283963379664,0.0015325686528926189,0.010910544524561529,0.0006354552951018177,0.14987265504213387,0.030632539681459153,0.004274317428458712,0.020033631116325917,0.1645028551864535,0.001042146683966981
22,0.05983822720561445,0.10053054920860428,0.0009345578664024883,0.0015200639995703127,0.09924181373780244,0.00294316146360982,0.0011574799262783115,0.05147548744852271,0.001638510544991376,0.11521273393979006,0.39025848210443953,0.0023802077608388135,0.0016175039995427684,0.002684368339666722,0.00036569655641836504,0.024863491474774277,0.049732662846583835,0.0688298884433636,0.01284967233206461,0.011393097712664123,0.0005323430884571136
23,0.131999471384601,0.13679143091590784,0.0071179813625110696,0.015195944132786169,0.0035783524820682394,0.05518027213217976,0.0714960336596349,0.010999389793789987,0.006930018478138747,0.00186577420565274,0.04269902010228197,0.02793937829477457,0.010322840024727508,0.10510528025177099,0.0022415818063173908,0.07512578711257928,0.20550320157383573,0.08416272450542044,0.0021841891773663282,0.0025101875620478693,0.0010511410416075453
24,0.06618093296744798,0.02206913158530653,0.003152627233803716,0.04600955777988332,0.0050978653142357945,0.022598367354738344,0.27269524387074906,0.0032821872571107175,0.18833758379527296,0.001046286767550578,0.022346800105827146,0.09504731704114366,0.0019479647948705881,0.09417994202390174,0.12272587624166059,0.008109741124721074,0.015392607015515225,0.0016524115156488438,0.002886743009266052,0.0042785655315907565,0.0009622476697553506
25,0.09019223854768231,0.12371892415156006,0.0022171422961932913,0.0009916905582536295,0.028427841740271454,0.003920415674779283,0.0058125081819121426,0.15289621131639206,0.004625006510338694,0.0570743591862373,0.2387829647966407,0.002500730264311038,0.0024910749351052036,0.007759998036676519,0.003611129150329745,0.013704921538731162,0.03024117119647979,0.18939763612702717,0.021506280273074926,0.019670378298544143,0.00045737721945936775
26,0.004233932342573438,0.005031030431695628,0.20901236386733552,0.03411708115925416,0.004444076881331137,0.14582524972761285,0.02270927347380298,0.005332892257597365,0.04163366803530546,0.002240711032603935,0.0068370413558940584,0.11681968100865156,0.05803480998860762,0.017031955105352235,0.028665804221029993,0.18012933925479097,0.04377973339795008,0.002962717920887425,0.005673289635741877,0.06341833639903689,0.0020670125029447154
27,0.04585345618920589,0.0942088370712752,0.006507847297686774,0.0060662251141743034,0.01319901423756191,0.007858532585885918,0.022777465541903713,0.26207994330476686,0.010412555676298842,0.07357632316723559,0.10999178531301589,0.03916055231469506,0.007153664205090806,0.04165022270519537,0.02318953447560003,0.03217677857211571,0.047853696147172255,0.13619013575066907,0.003834969899765364,0.014198939558589327,0.002059520872096214
28,0.11237327012353483,0.029298846862960488,0.06659792703560304,0.2384202958705386,0.018881479089463426,0.0017636574903747248,0.07262107342101316,0.004382006492236056,0.07945725295257879,0.009718408354870882,0.022657774907356112,0.03349939838453189,0.03634937150912746,0.10556463309109099,0.021879825554313847,0.03003871673323727,0.04878468281488159,0.04054976657852958,0.004724350749441997,0.013021709716871327,0.00941555226744375
29,0.06218878335135608,0.08913725613694373,0.0030592185263708877,0.005799291363126458,0.1961019635012762,0.016948633209137184,0.03850729465115969,0.0568397224680651,0.01249405888187312,0.06485135700981236,0.13469592459117385,0.0042785882945733,0.0010981810094664725,0.04357821411139471,0.0005544214805073453,0.06278363258341253,0.04659653315890984,0.032907108014651486,0.036368000503873045,0.09057495381657188,0.0006368633363448688
30,0.1128921867152258,0.11702683922330592,0.005330512333617065,0.007755156965161902,0.0017718566425257245,0.07836016421670701,0.05078191672002314,0.031738697950014466,0.0918008824493962,0.00409409301714131,0.10081704054710476,0.02946251413248724,0.026626864809032997,0.025676250026977994,0.012551519104258023,0.03635415731680982,0.16537655481869068,0.08520401216034468,0.0015107409267850912,0.01423299395959126,0.0006350459647990427
31,0.2336907094948801,0.011739250558550414,0.007165302948075617,0.014163660999990174,0.010692836707128228,0.5477563175368549,0.01121023203166669,0.010221093911225514,0.01362812521496735,0.003601214435043186,0.01362812521496735,0.009653255360601872,0.02934812639637603,0.02242046406333338,0.0025202936587380067,0.02354921949395956,0.0045132102984632135,0.013421279114382996,0.006814062607483675,0.0078093751231835375,0.0024538448301281717
32,0.007891613609127301,0.019729034022818257,0.028360486407801252,0.0181507113009928,0.03361242833517185,0.007260284520397119,0.006130141393280594,0.037777434043918305,0.015125592750827331,0.0033502287979891385,0.019729034022818257,0.017123312548106413,0.7139677705903205,0.0067726534705197005,0.0030973910069953575,0.005073215658741368,0.00529366048106324,0.009864517011409129,0.013545306941039401,0.022135013781698538,0.006010169304964502
33,0.024872447042223127,0.0028008623949212384,0.0038160831692617375,0.002338889684386226,0.15642392102544986,0.07390358417687262,0.04231138847409708,0.08632843847424626,0.0018481881109344228,0.0542393103555498,0.11406642916357498,0.0015105329211661043,0.0014357540636826336,0.0037733840598244465,0.0005754411128251827,0.0071155242270975316,0.05632505964714835,0.0969274340275941,0.08452380294006764,0.18453983930311266,0.00032368562596416526
34,0.27024316344837834,0.10899146226359732,0.0031905056352812167,0.012747252167442,0.0047802195627907485,0.07377705973139692,0.004197265957572365,0.018966651521361302,0.009560439125581499,0.004242540471883449,0.0067485452651163515,0.00386714391596555,0.0016871363162790879,0.009560439125581499,0.0031288709865539446,0.37089542635668676,0.05447167082102465,0.019259101286423948,0.012291993161461928,0.005214784977589907,0.0021783279020312274
35,0.3977444968854822,0.17610474499675383,0.011497781826405476,0.011374301535198333,0.009033971435032874,0.10001140866702667,0.00674536533815788,0.008722455178652432,0.008030196831140332,0.002662644212430742,0.007783113851720632,0.008875480708102474,0.004599112730562191,0.007026422227247791,0.0035132111136238946,0.013087899272788351,0.04542952186584991,0.1601721590979802,0.006836518923808663,0.008875480708102474,0.001873712593932744
36,0.0805185790284913,0.17445192406554796,0.007619676052682879,0.0042618527074327955,0.013587121008951333,0.08135803367784192,0.009312937397723516,0.19464063944032237,0.0035921329962647856,0.012752178364234677,0.0042618527074327955,0.012572465486926745,0.0055877624386341095,0.0041221198317792605,0.0019194603796834728,0.053525022156474956,0.12846005317553988,0.19710811432178013,0.005466289342142064,0.0041221198317792605,0.0007596655883339424
37,0.037759419992072586,0.013580643996194177,0.016810905921698618,0.008955366390686626,0.02552257092056757,0.5150380398723249,0.02355929623437006,0.013619619719169241,0.009207630232677799,0.0026792694529513255,0.01717406641383986,0.05444815129721081,0.0042176886872266044,0.01531354255234054,0.0027818797724260577,0.0437748750277838,0.07292163120162164,0.031084285428372303,0.06622072455066179,0.022970313828510818,0.0023600785072928642
38,0.005442115545406141,0.09795807981731053,0.012111089143755622,0.006533613880183954,0.025326254746403796,0.0029209097346704744,0.010794666410738708,0.013889578481558957,0.003972437239151845,0.39159341246655194,0.25757727237676736,0.011285333065772285,0.003972437239151845,0.005397333205369355,0.0023095565343906072,0.0024104594897766045,0.056809991056841445,0.07853179394636707,0.003448296214541532,0.006710198039107846,0.001005171366182147
39,0.021194459737896805,0.09208627334396544,0.023958865374984473,0.016292028454989442,0.01508521153239763,0.006171222899617211,0.014546453977669144,0.04974543626992768,0.012728147230460497,0.31878860844116647,0.1907501376410713,0.015665411975951386,0.03851325080573252,0.007986288458328156,0.003916352993987846,0.006569366312495741,0.049760905471583794,0.08948771889334207,0.01044360798396759,0.013576690379157867,0.0027335618213069532
40,0.02545049887001126,0.043464641753895805,0.0047342152430902545,0.0035168456091527597,0.06967922678661055,0.0717532972343595,0.004558873937790615,0.09623993891156658,0.002367107621545127,0.06068545607775067,0.17020384963431323,0.002237992660369938,0.0015010926380530077,0.0047342152430902545,0.0013094637906419853,0.03721319444758732,0.07797912245301085,0.2689650286390291,0.010759073639949863,0.04208481185694673,0.0005620529512344593
41,0.06707305888139639,0.08152601755699475,0.005569135966024149,0.011660378428863062,0.005137448358585176,0.19546067168786954,0.008884097850562333,0.15493314669853248,0.00867749092380507,0.0490726429917705,0.05516798180548517,0.007938981057949318,0.003273088681786123,0.006116919831534722,0.0023175907436249568,0.00349397218101406,0.02911643484178384,0.2931088993335563,0.005330458710337401,0.0043897895261602125,0.0017517939423644037
42,0.05985156635563096,0.006182268492669414,0.006525727853373271,0.00518219564826701,0.005873155068035942,0.4382233681047426,0.004894295890029952,0.003692371626236012,0.004004423910024507,0.0014266773444621727,0.004297430537587276,0.006407078256039211,0.002430271062635563,0.004460624102305781,0.0076604787653530805,0.2770606838344077,0.1460400203123807,0.004100502569819248,0.004576484468599437,0.00568369845293801,0.0014266773444621727
43,0.02018225993117498,0.006704877534992529,0.009696284435219967,0.00954937103468633,0.051333139390162444,0.013118468955263732,0.010682347259140638,0.006565192586346852,0.007081556048194356,0.00780173263859297,0.007081556048194356,0.006366247356457554,0.006565192586346852,0.007244350440106871,0.0029729173975910268,0.0029451331228471855,0.0045342337286999835,0.0038666164925723785,0.3167630308710025,0.4960140573131541,0.0029314348292525474
44,0.004059100958747338,0.02147274731759949,0.018153201509953372,0.013614901132465029,0.006952289939982143,0.0043567683623888095,0.009335932205118877,0.2467634268353168,0.008068089559979277,0.012607793796268226,0.026926910620906214,0.016337881358958035,0.005834957628199298,0.009076600754976686,0.0034761449699910714,0.003889971752132866,0.05521563595954158,0.5140776032981148,0.007511669590325534,0.008378400696901555,0.003889971752132866
45,0.01098949832265418,0.020433241370952072,0.016783091525105317,0.03444950365679512,0.01741108739595838,0.0051538627518039936,0.007610936854408226,0.225441645109256,0.008966309170946676,0.015042877082909507,0.014875922033616078,0.009350579563987247,0.004169048213242723,0.012121121657020508,0.0035572857036908004,0.0035963767553797107,0.007858938988827722,0.5145186538763563,0.009917281355744052,0.05297507022098687,0.004777668390358448
46,0.17872981796112328,0.2720123017216383,0.001496679874696861,0.0008627919277664255,0.000691861451510813,0.003000619526781288,0.022744955806900582,0.0024974853435028098,0.0011944495121100395,0.006226488671970733,0.08955443768491693,0.025338564892819763,0.00037652213235291277,0.025599224770903796,0.0011333473093453345,0.05733705876069519,0.28650266780289907,0.016725387598328402,0.0011542999486777695,0.0049057747818805186,0.0019152625191794304
47,0.004174894593029598,0.022686550038177107,0.009184768104665116,0.006803531929381569,0.02219866724165717,0.5801663753119078,0.009071375905842094,0.00942027497914371,0.008644487627920111,0.002525022159358108,0.006502490693568224,0.22056368092672188,0.0039293125581455045,0.012743679342432822,0.002572201304515635,0.014579633146003648,0.00752085993979642,0.022631969938742415,0.007203739689933425,0.0073478144837320946,0.019528670085325574
48,0.005937498882415056,0.005706741633918343,0.01304398087752764,0.005929082217058017,0.006917262586567689,0.04410713455508327,0.009193546656642666,0.022739357422015105,0.3597373589940313,0.014640408203215202,0.003655603643203177,0.0058291240138171755,0.006821807226604532,0.009226616968357209,0.4152287393442595,0.01842672066956396,0.01652124429633952,0.006732282197383999,0.004475875791308504,0.019022472113061135,0.0061071417076269145
49,0.04972713073939769,0.09539306205361772,0.004458548255946233,0.0038393054426203665,0.0029723655039641554,0.11139238726377197,0.04707709555892823,0.007968540136796742,0.005568258614496886,0.0010125640727789982,0.022103270475838255,0.09270288635710389,0.008176548176024376,0.002322941108140054,0.00843629011586394,0.21743387039183876,0.27601038259168575,0.027952025488113635,0.0026326665892253947,0.010496919955706972,0.002322941108140054
50,0.036321543326386124,0.144621828911065,0.0043650497476044724,0.0029233819410562057,0.003839140139459355,0.0072798741070956435,0.011781901515431107,0.07047322573118979,0.0029233819410562057,0.04172194912429588,0.06553306918259774,0.03979664511878952,0.0015932431578756323,0.005102133989588398,0.006732515151674919,0.0450757919202616,0.2508309674740607,0.2511159814990658,0.0028707083925687067,0.0034635720823383313,0.0016340955465391099
51,0.004118213074630985,0.0652435023676149,0.5581883624329759,0.18077417628641887,0.01507090742205382,0.005376393327289626,0.030496962792524975,0.014756930184094364,0.008333325280429758,0.007803634596910801,0.010897425366715837,0.00769926792213619,0.003957165635958265,0.007013194542935935,0.0033255053935987294,0.0351163556860986,0.010994070840951683,0.013696500803613685,0.008049234645869652,0.004366653738267082,0.004722217658910195
52,0.0031850857478632633,0.07975359997940333,0.009300450383760728,0.006549612946310373,0.2510106784227896,0.0026421734044774796,0.004305764066555893,0.054848721371597936,0.0038751876599003037,0.1543487319536708,0.36671811294452855,0.005886361002380208,0.002066766751946829,0.0037501816063551323,0.0014531953724626135,0.0019621203341267358,0.01970084578703406,0.007834501580602247,0.011667250546437438,0.006838566458647594,0.002302091679148695
53,0.005871869203565092,0.02050669169884089,0.011957260923623458,0.008887153389179597,0.13627097164274196,0.003914579469043394,0.05787962573838184,0.011957260923623458,0.008768658010657205,0.0023403891487519222,0.006779890214425673,0.027992404569723822,0.002909952879642877,0.010263881675565405,0.009100978825624495,0.005402042987139685,0.014732844510380963,0.07634292155379226,0.05027207351297341,0.5185340524235594,0.009314496698763065
54,0.0036499824090404417,0.010800968353282942,0.01037740096687969,0.009450847309122575,0.010660199653455445,0.003753528009296908,0.00534593383142287,0.41729066104025825,0.005138324750590915,0.23634577794749603,0.017392957329322042,0.010789293435688761,0.0022144244741040342,0.005292474493108643,0.001945762681289942,0.001659082913200201,0.00669755044532817,0.225083253756251,0.008018900747134306,0.006154040108265863,0.0019386353454610408
55,0.019802316078636747,0.06813700156090065,0.04290501817037962,0.3345880775641025,0.0034388133595600946,0.0022498619320526153,0.0032536464863530123,0.050976259212332224,0.0077801444957396795,0.025909572439337804,0.1156989254032709,0.0038452185747808332,0.001521489364121912,0.11062369282383423,0.0015106215829496126,0.025909572439337804,0.04400514684141501,0.10472378695432895,0.004597543948107518,0.003330504277369226,0.025192786491089136
56,0.06353579493372442,0.004970539723125638,0.006133857530665682,0.006136980192462019,0.08661247516908661,0.0016958311996546293,0.05870154966702801,0.029484325066989305,0.04896714021385986,0.03682188115477211,0.010801085138733154,0.005439458564929943,0.10518498608940717,0.07181572565647044,0.2266531220520284,0.017292377685163913,0.004197312877746043,0.006640011355778577,0.05918402815744194,0.14862695318801514,0.0011045643829168087
57,0.11224175536641395,0.12582978733903066,0.09203550159654816,0.07769955557467445,0.002429333303749226,0.02064899074281529,0.053319654178365504,0.006824666431947425,0.003412634879076294,0.01012969357194712,0.002810405194533418,0.07105682108557028,0.0008902525771503374,0.032052164735116274,0.001002312342106324,0.07232834067824584,0.15661806285893023,0.11078346167904528,0.003412634879076294,0.04336288055991211,0.0011110904257457697
58,0.13157972623952652,0.11214309982889005,0.005581088247116914,0.0054275801479727066,0.00591467067407282,0.36334630877138596,0.013090264360021506,0.008238291296030001,0.005492194197353334,0.0018453772503107203,0.00809375986978386,0.004856255921870316,0.002666730130506821,0.09543715992713352,0.0017475163355215157,0.07796140506224025,0.09543715992713356,0.04745600909530995,0.006234382602401081,0.0054275801479727066,0.002023439967445965
59,0.019321634809933264,0.11662918046685551,0.42500192796387193,0.15924221065535724,0.010382073108785644,0.05939557041982745,0.022972414334380627,0.009471364941348306,0.006065930355694983,0.002487870053718219,0.008435434400888335,0.009014700444675783,0.03421932551892116,0.01783740407140143,0.0028118114669627788,0.0477734785660254,0.015314942889587091,0.0041528292435142585,0.008057728382938112,0.017688941686989198,0.0037232262183231283
60,0.0041541737106053625,0.008054010255255293,0.006804250043232919,0.011607250073750274,0.036051900611795855,0.004842288374325269,0.007308268564953877,0.6246392905961622,0.006577441708458489,0.022260962727163103,0.05027646003685817,0.005158777810555678,0.00340212502161646,0.006365266169475957,0.002342115741884329,0.00227461961099429,0.0027311176644118293,0.16622959047125022,0.007175390954681989,0.01911372316918487,0.0026309766833833956
61,0.06031147312245739,0.0391598685260973,0.062090983845706216,0.09236096388329865,0.04162747667979658,0.05601731192953666,0.03862888725794683,0.04453467506210252,0.026389720427451403,0.06551048730387553,0.05150518301059577,0.07727355429010033,0.0004192555063076009,0.06465544250266278,0.021332196496009894,0.050223424086889845,0.07958453060171627,0.05149717536398343,0.020801349209934063,0.05573896503796132,0.0003370758555695662
62,0.0060534635589474545,0.006434476542071804,0.01674161015521405,0.007936763332842219,0.012175716476519311,0.0038541836328550337,0.011905144999263326,0.01275551249921071,0.008855066528377684,0.002194205986318033,0.010204409999368566,0.00974057318121545,0.005357315249668497,0.007389400344370341,0.0047277997532948045,0.003296809384411383,0.004578901922793588,0.006613969444035181,0.8470989561317718,0.00974057318121545,0.0023451476962354167
63,0.08186053701166718,0.030449957641170408,0.2052345768842189,0.2478922143270126,0.031218895965442386,0.0015512061190241608,0.0061968334848697655,0.030581775639617028,0.013038301852415394,0.0075961184653242295,0.04139291116846602,0.006398904141985085,0.0014378759916068703,0.11887195002226142,0.0013343001786521379,0.007547425398238817,0.035321950863757674,0.05820472129150276,0.033963414292074674,0.038265446769070816,0.0016406824916218355
64,0.05565321450542247,0.05575822057052705,0.03034460983430043,0.04949854715520678,0.030256398759200727,0.015242547069544435,0.07452386968363517,0.06346464129978689,0.05160246141148231,0.0644317215481646,0.04951186934205416,0.08395630422578412,0.0861678291289444,0.06949256371295363,0.037744215002401584,0.03631761493099463,0.038123142710958326,0.05466492212796769,0.014713974872777973,0.03835221520724083,0.000179116900651737
65,0.013122658706301563,0.04869736629291596,0.525004143603599,0.07779772301366548,0.054202285960810816,0.09507190021339758,0.025378420350288138,0.0092508179024521,0.006866586484294342,0.002571655941994407,0.007835986929135896,0.0926694913958323,0.003313725815803737,0.0067278675654197095,0.0029213109165638212,0.0025617649576021202,0.0068497394346079595,0.0034510823263033744,0.007085732861452673,0.005432854691307608,0.0031868846362514414
66,0.37346428596433007,0.4362810067553225,0.005206300123259127,0.002984565097086825,0.004427787955295146,0.0017811026737465437,0.004555512607851737,0.005445670243868743,0.005573803661371537,0.0017042205439445348,0.003981288329551098,0.006490045359131242,0.0017418136441786055,0.0035356217254968706,0.0018726217834647456,0.008279513768356866,0.0022502530378797213,0.11893871606508749,0.00411976792362244,0.005383787627461143,0.001982315109692806
67,0.005193510554727449,0.01122714781683728,0.04095492836624389,0.21339051618205812,0.00522733937480605,0.01093878603464928,0.00431462932523674,0.047503309873907086,0.0031732795705746216,0.18783196506264274,0.03872552435372859,0.003576600624867297,0.2663183900738146,0.04911056471926483,0.001510120263832859,0.006059095647182024,0.03438946178130339,0.04208354080188442,0.007830215913281384,0.011745323869922077,0.008895749789235173
68,0.033723069154995886,0.021261797372639724,0.008186699008360094,0.008898585878652273,0.08642763206008128,0.0033189320304162534,0.008078979284565881,0.24727494396485963,0.0073976195858675535,0.00503568885141467,0.017396016032159768,0.0069773002912159885,0.006916488301943039,0.006531940698159648,0.009064239932546406,0.0024268870578142564,0.018052469467335606,0.4822501607846237,0.007139563088686127,0.010586248717707017,0.003054738435955258
69,0.014178492072039053,0.010192100998726656,0.005793737382336732,0.005446113139396528,0.005501124383228816,0.056029874600329786,0.0049964340728408515,0.004615350118132652,0.007439489780092451,0.0015560323255418651,0.004819569149908431,0.002690346785520351,0.0021027463858673853,0.004392026725319781,0.0018910115067349055,0.4235752887759167,0.4295678228384114,0.0030425213069254346,0.005446113139396528,0.004819569149908431,0.0019042353634253597
70,0.006225357501807911,0.010844171132181522,0.009252366195347535,0.01123400951808389,0.009985226884087936,0.794736056706323,0.01215069777461303,0.012765922978390905,0.016808465254881357,0.004403964695602103,0.013097505393414045,0.010396988817452385,0.006955227002019873,0.015757936176451274,0.006980731815229718,0.004116358837930129,0.007003527189533899,0.003015785317094019,0.00951422561597058,0.010290897094825321,0.02446457809875962
71,0.013407791400354177,0.03844712833178484,0.005026971792911929,0.00539934007386837,0.003390283302196418,0.044380828898846765,0.004555693187326437,0.03580421403063419,0.0017311252545243409,0.003133621744910363,0.003351314528607953,0.22827023723711648,0.0023704419836495286,0.0035995600492455797,0.002082602599920657,0.17996348592001152,0.35934374180477124,0.025631418887856566,0.033553857453194044,0.005206506499801642,0.0013498350184670924
72,0.19638385670202485,0.07083944110576278,0.009844225335624186,0.01526859439811098,0.008801895594205154,0.003117338022947659,0.010110285479830243,0.00708149891462291,0.014116247651083736,0.0035797183038633403,0.010688016078677687,0.008801895594205154,0.006740190319886829,0.013125633780832247,0.006898513563675794,0.5866319847984396,0.00512439127059889,0.003817148599527745,0.006680010049173555,0.008699547971016722,0.0036495664658899416
73,0.0024698985803311,0.0051750255968842085,0.005237375302870766,0.007494864657556439,0.028663687133472313,0.0030187649315157883,0.0016744342211640559,0.04366332269435748,0.007367833053191076,0.011437443999296224,0.007245035835637893,0.004624490958917804,0.341586544108164,0.0051750255968842085,0.0015981696696260052,0.001536050000488599,0.001098066417501677,0.09159448896034386,0.010350051193768419,0.41622062358396256,0.0027688035040654363
74,0.014839324211867573,0.14099736098103016,0.00221223223419669,0.0032834136905569053,0.002348369602454948,0.0007002019456861083,0.16345927822822456,0.017516702283112546,0.07016136622979491,0.050867306733472166,0.059416654144317745,0.056326730635187464,0.0007099722053933563,0.07114237809249671,0.1198048457065724,0.06615865377790958,0.10788109769452128,0.047110969732833484,0.0011160475868424898,0.0034416504949210938,0.000505443788607853
75,0.00218088622076394,0.0032214397770761465,0.004785245494103404,0.0058676224511029825,0.005546769220932522,0.0018884302141480862,0.0020200011716911903,0.3045214242838308,0.004649814017855194,0.39045809911405205,0.0030998760119034623,0.0033758923691277433,0.006981817563019645,0.0022609187426268374,0.002175369477704945,0.0015696824391485682,0.0022102254972764593,0.24475689157965103,0.004141851141955046,0.0028164587765294315,0.0014712844355004493
76,0.05703647718694824,0.06643696484724132,0.06987379073593256,0.12117464002767425,0.04426884980186363,0.0003139662756942709,0.10852670743388318,0.02297223585566794,0.020904734628657825,0.06295266093496957,0.03836633649494848,0.04015327792675406,0.0009206403013989981,0.050171363108778774,0.03528225253781911,0.06941182806398322,0.04847474696500365,0.03990055996319751,0.046976931749792866,0.055478773406476514,0.0004022617533139767
77,0.005518473351431296,0.017280837909569947,0.01139395906125491,0.008786866733679635,0.008938364435984454,0.004450001178430029,0.009969714178598047,0.011520558606379964,0.009175666146674309,0.017280620099127293,0.008609154089402314,0.011782389483797692,0.0047129557935190755,0.016200785540221828,0.0038544619872646715,0.003491078365569686,0.0044309840793769085,0.8190834726381965,0.009969714178598047,0.01047323509670906,0.003076707046214234
78,0.049628312157329095,0.021745253776981076,0.03092354398054262,0.09137002721401363,0.02696104657004885,0.00027469698095917245,0.10081548255066962,0.0562870972251897,0.06436595117986398,0.08336844458106982,0.04490268030051394,0.04635408006780328,0.0003839138529067952,0.098161581320054,0.05989910346423929,0.03496287430004492,0.04421147545280155,0.044041922408648945,0.05185808957492649,0.04919208496991369,0.0002923380714794863
79,0.005742637290716128,0.012596752766732151,0.009762483394217418,0.008775265972330264,0.009762483394217418,0.004704811274321648,0.004648801616294009,0.2000510931806801,0.007036024067904446,0.6156969703215773,0.025349518452517983,0.008489115994971668,0.002925088657443421,0.015024366332341783,0.002839995169226885,0.0029360852313435842,0.004198917588910718,0.038862839563314364,0.007732660114231619,0.010142839890096018,0.0027212497266111265
80,0.002511582111585701,0.006117956425657475,0.3755547830144797,0.007822960675430873,0.007122397032854971,0.002711367052280018,0.0032684972685019385,0.006040513939256748,0.0074562593937700485,0.0025518748727341345,0.007230312139413381,0.02194293905037271,0.0023741323442849904,0.005361804507879586,0.0021889935834921246,0.5201859883774378,0.0022942336596215532,0.00292761105031462,0.007341547710788971,0.004815247610841585,0.0021789981790012927
81,0.005964409999742223,0.014840881310916192,0.3604048982090884,0.5155405980864675,0.007175810743739698,0.004008904485493821,0.00702149223312164,0.009746250413138993,0.017311325955006784,0.0028025698612888944,0.008480503606237824,0.004132903656204509,0.003094780936873519,0.0056292998075889,0.003232667216239171,0.002591264990794891,0.00261199511072125,0.003981699863904344,0.01020310590125488,0.006873671344003289,0.004350966268173313
82,0.03397296477145985,0.0711390568038396,0.009794098359601823,0.0020921446446307054,0.039554988837181816,0.006012156890490315,0.2933254727761383,0.0010212676082440068,0.001178486540329954,0.0005304868187240249,0.009175523726363813,0.3257264002171579,0.000635497861338337,0.022938809315909522,0.0014393332437205321,0.14708730982780158,0.0006398655442341332,0.0008700975391221156,0.02164158009942361,0.010673568416382395,0.0005508901579057182
83,0.002776777350825763,0.03373372557899217,0.023117496562026607,0.006006906105867977,0.008786220871269576,0.46342235473689375,0.014016114247025284,0.007745747347040287,0.005886767983750617,0.0021406429031820425,0.006925609392647786,0.009977572853814605,0.002180284438426155,0.006540853315278464,0.0018928514417204559,0.001982837090231922,0.0025265098642706513,0.01577359326397969,0.00613204998307356,0.29433839918753085,0.08409668548215167
84,0.0045322200651042276,0.012301740176711476,0.7473304546534232,0.019904425071787583,0.015787233226779728,0.004736169968033917,0.006357275124877742,0.010524822151186485,0.013929911670687994,0.004286126667903997,0.012463605179036627,0.006357275124877742,0.00498544207161465,0.014352030206163387,0.004228723185744569,0.006897573410584994,0.003534455200025311,0.004759969817119515,0.011412457754298597,0.0859053235962852,0.005412765677753048
85,0.0056755873330262595,0.011179187171112324,0.015371382360279448,0.005195960234460659,0.2889442916243975,0.005123794120093151,0.009222829416167668,0.03850809442216672,0.004289688100543102,0.01857369124565096,0.005425193774216277,0.008783647063016828,0.0032079406664931027,0.005589593585556163,0.002712596887108138,0.003180286005575059,0.0029992941190789177,0.004918842355289423,0.11092876765754024,0.4470692211301045,0.0031001107281235876
86,0.006307094723245905,0.03399568786997793,0.002082763837563609,0.0024398090668602277,0.019641433521732962,0.0012841100351895932,0.3722527821762583,0.01775330366543291,0.007262715135858922,0.0018436123037180333,0.015630626053261588,0.0019189509514631004,0.0006594078559081694,0.025496765902483443,0.1643448682171504,0.13389566420080426,0.0882117275876198,0.01452543027171784,0.02522837889298362,0.06411586360946922,0.0011090041213001034
87,0.004869815293800105,0.012236971763907955,0.013635482822640294,0.006582646879895312,0.09774717778277778,0.0036995496030419405,0.008088845742244243,0.028501535858251905,0.004869815293800105,0.7548085604338239,0.007018263217535445,0.012082073387149627,0.004566908122415409,0.005820023156005003,0.002428711953142037,0.003049469001868437,0.0044811445896000964,0.007799546930642441,0.006582646879895312,0.00867712543258928,0.002453685854973832
88,0.002096188383591095,0.015406482095880651,0.004604128056816155,0.007542756859441568,0.005605025460471842,0.0023439197380154975,0.0035319338518041746,0.42936723170312074,0.00415856727712427,0.22490776169064125,0.056319251217163725,0.004864739078900089,0.0016318428555804094,0.004297186186361744,0.0016527639178314402,0.0015626131586769982,0.016091214633475348,0.20217870286802225,0.004370019850537368,0.00537148273295218,0.002096188383591095
89,0.019244038944050475,0.02928288415949435,0.12562904539864217,0.08666212032367776,0.016427838122969912,0.14871466083558127,0.13023871665057232,0.006535487137528717,0.011045910059917636,0.009165150601149741,0.026477101736654813,0.1866953397655004,0.015235184769780063,0.01706112980138264,0.0021771833656948083,0.06638187649689885,0.04090712218313168,0.012592767899140706,0.001186401634595005,0.048094023154526405,0.0002460169591101598
90,0.06556575736500259,0.08728513448375125,0.1740021635273771,0.07152646711265,0.04939600990925528,0.05404072568534504,0.04276971589703812,0.014061276459300201,0.010043613195090147,0.011429837869036048,0.03539562694927292,0.0384927443073343,0.05946591515096207,0.0576893842332142,0.0018924653051786771,0.060239036474701566,0.019772933982550284,0.013829728493653045,0.051934655017832,0.08078724113884977,0.0003795674426052259
