site,A,C,D,E,F,G,H,I,K,L,M,N,P,Q,R,S,T,V,W,Y,*
0,0.00264,0.00668,0.00693,0.00376,0.00768,0.00242,0.00452,0.00699,0.04935,0.01938,0.00302,0.00587,0.00152,0.00281,0.84258,0.00181,0.00182,0.00259,0.02001,0.00644,0.00118
1,0.14669,0.04322,0.00607,0.00384,0.00672,0.16658,0.00775,0.00624,0.00440,0.00228,0.00360,0.00366,0.00343,0.00585,0.00293,0.56825,0.00490,0.00304,0.00336,0.00584,0.00134
2,0.00372,0.00405,0.00939,0.00333,0.27624,0.00129,0.01107,0.01833,0.00448,0.06380,0.01913,0.00963,0.00327,0.00395,0.00117,0.00176,0.00317,0.00285,0.41527,0.14042,0.00369
3,0.02799,0.01851,0.01656,0.01279,0.01928,0.00654,0.09986,0.01867,0.00807,0.00600,0.01565,0.01763,0.62849,0.00701,0.00369,0.00509,0.02236,0.00805,0.03332,0.02000,0.00445
4,0.02424,0.05450,0.00319,0.00295,0.00332,0.09162,0.01936,0.00330,0.00209,0.00100,0.00287,0.32358,0.19271,0.11433,0.01372,0.11266,0.02428,0.00246,0.00283,0.00423,0.00075
5,0.11697,0.17076,0.00210,0.00452,0.00294,0.07453,0.08757,0.00106,0.00422,0.00113,0.00726,0.15892,0.03154,0.00413,0.01167,0.11954,0.18094,0.00736,0.00276,0.00945,0.00063
6,0.02576,0.06261,0.01297,0.28264,0.00478,0.04005,0.18312,0.00377,0.00365,0.00242,0.01903,0.15177,0.00308,0.14332,0.00250,0.03281,0.00209,0.00168,0.00561,0.00408,0.01226
7,0.02461,0.03255,0.00436,0.00335,0.01762,0.01911,0.00984,0.06703,0.00580,0.22835,0.05406,0.00380,0.17639,0.02859,0.00353,0.04617,0.06956,0.18426,0.00882,0.01032,0.00189
8,0.01328,0.07616,0.00919,0.00874,0.07657,0.00531,0.02848,0.01886,0.00520,0.20476,0.12977,0.01142,0.06959,0.01268,0.00215,0.00968,0.20989,0.02967,0.01822,0.05796,0.00241
9,0.03693,0.15053,0.00720,0.02512,0.00577,0.17002,0.02397,0.01573,0.00353,0.02246,0.00831,0.01767,0.00267,0.04674,0.00424,0.15522,0.22411,0.05885,0.01375,0.00465,0.00255
10,0.35218,0.13466,0.00626,0.00546,0.00633,0.09641,0.00454,0.00615,0.00749,0.00761,0.02225,0.00469,0.00583,0.00641,0.00338,0.26352,0.01391,0.03307,0.01173,0.00587,0.00226
11,0.05436,0.14568,0.00286,0.00268,0.00380,0.02116,0.00438,0.03737,0.00368,0.01648,0.02641,0.00359,0.00202,0.00475,0.00183,0.09957,0.34421,0.21279,0.00625,0.00508,0.00104
12,0.00680,0.06993,0.01199,0.01647,0.01306,0.73244,0.01367,0.01298,0.01164,0.00476,0.01146,0.01067,0.00562,0.01324,0.00529,0.00564,0.00508,0.01209,0.01818,0.01597,0.00302
13,0.00807,0.09072,0.00531,0.00710,0.04004,0.00662,0.00463,0.13724,0.00405,0.22757,0.10071,0.00394,0.00503,0.00399,0.00113,0.00231,0.14261,0.19215,0.01064,0.00467,0.00148
14,0.00763,0.15661,0.00248,0.00252,0.00458,0.00209,0.00200,0.22794,0.00144,0.10611,0.16928,0.00128,0.00120,0.00313,0.00095,0.00230,0.11565,0.18205,0.00740,0.00252,0.00085
15,0.07074,0.60545,0.00655,0.01248,0.02625,0.01671,0.00542,0.00693,0.00780,0.00929,0.01426,0.00505,0.00303,0.00790,0.00164,0.12921,0.05365,0.00634,0.00400,0.00497,0.00232
16,0.14760,0.12914,0.00351,0.01511,0.00532,0.06337,0.00251,0.02856,0.00284,0.01966,0.24997,0.00293,0.00051,0.00674,0.00121,0.15043,0.13412,0.02886,0.00278,0.00396,0.00087
17,0.04492,0.04095,0.00500,0.00400,0.00654,0.04068,0.00255,0.10743,0.00341,0.37196,0.15897,0.00510,0.00306,0.00396,0.00101,0.01728,0.05952,0.11307,0.00457,0.00478,0.00125
18,0.31896,0.20772,0.00290,0.00284,0.08695,0.17257,0.00592,0.01048,0.00296,0.02058,0.01810,0.00615,0.00098,0.00361,0.00110,0.09111,0.01468,0.02229,0.00416,0.00458,0.00134
19,0.24814,0.00820,0.00801,0.02722,0.00389,0.34850,0.00588,0.00547,0.00814,0.00173,0.03300,0.01214,0.00251,0.00932,0.00980,0.17904,0.06201,0.00277,0.00388,0.00600,0.01435
20,0.21065,0.07330,0.00406,0.00183,0.06949,0.23735,0.00623,0.00571,0.00242,0.00172,0.00254,0.02234,0.00190,0.01498,0.00072,0.14329,0.02106,0.00662,0.00942,0.16332,0.00105
21,0.05768,0.11164,0.00100,0.00139,0.10297,0.00500,0.00197,0.05863,0.00146,0.13849,0.27476,0.00189,0.00185,0.01688,0.00040,0.04208,0.06126,0.09286,0.01356,0.01372,0.00050
22,0.12043,0.15344,0.00851,0.02077,0.00325,0.04119,0.07131,0.01019,0.00368,0.00783,0.02894,0.03913,0.01559,0.12851,0.00272,0.07375,0.16960,0.09575,0.00206,0.00221,0.00116
23,0.06371,0.02398,0.00449,0.03547,0.00457,0.01332,0.30748,0.00329,0.19794,0.00111,0.01291,0.11955,0.00224,0.07942,0.09389,0.00913,0.01612,0.00226,0.00345,0.00469,0.00100
24,0.09285,0.16700,0.00235,0.00101,0.02554,0.00403,0.00664,0.10472,0.00263,0.07461,0.19506,0.00368,0.00311,0.00666,0.00523,0.01409,0.03319,0.20753,0.02412,0.02545,0.00051
25,0.00313,0.00479,0.21327,0.05019,0.00495,0.10327,0.03600,0.00697,0.02511,0.00205,0.00771,0.14629,0.04065,0.05032,0.01578,0.16648,0.04873,0.00270,0.00581,0.06363,0.00217
26,0.05050,0.08305,0.00687,0.00564,0.01650,0.00872,0.03056,0.24349,0.01627,0.08983,0.10946,0.04741,0.00418,0.02898,0.03391,0.02734,0.05408,0.11778,0.00417,0.01952,0.00174
27,0.11041,0.02168,0.05753,0.22794,0.01449,0.00173,0.07030,0.01266,0.06848,0.01372,0.02294,0.02287,0.02516,0.13700,0.02325,0.03060,0.06215,0.04461,0.00519,0.01312,0.01415
28,0.05946,0.08201,0.00854,0.01808,0.15673,0.01802,0.04380,0.04891,0.00851,0.05568,0.12604,0.01152,0.00108,0.04774,0.00088,0.07324,0.05226,0.06203,0.03468,0.09019,0.00057
29,0.10015,0.10490,0.00484,0.00481,0.00149,0.07143,0.05994,0.04711,0.13450,0.00267,0.12341,0.03020,0.01978,0.01693,0.01520,0.03437,0.15463,0.06212,0.00169,0.00922,0.00060
30,0.19445,0.00956,0.00749,0.01609,0.01026,0.54627,0.01168,0.01086,0.01715,0.00327,0.01572,0.01093,0.01917,0.02342,0.00235,0.03451,0.00549,0.02688,0.00675,0.00772,0.01996
31,0.00750,0.02914,0.02172,0.01755,0.02491,0.00759,0.03119,0.02616,0.01688,0.00563,0.01778,0.01721,0.69537,0.00732,0.00324,0.00774,0.00556,0.00896,0.01507,0.02764,0.00586
32,0.02507,0.00325,0.00561,0.00232,0.15290,0.07709,0.03976,0.09150,0.00244,0.06095,0.11981,0.00181,0.00139,0.00672,0.00078,0.00514,0.06922,0.08325,0.10431,0.14632,0.00035
33,0.26910,0.13473,0.00315,0.01092,0.00438,0.08713,0.00469,0.00957,0.00898,0.00307,0.00758,0.00363,0.00180,0.00975,0.00314,0.35196,0.04840,0.01930,0.01111,0.00502,0.00255
34,0.39266,0.13769,0.00919,0.00698,0.00841,0.08461,0.00740,0.00746,0.00646,0.00260,0.00786,0.00811,0.00519,0.00604,0.00292,0.01095,0.09478,0.18273,0.00884,0.00726,0.00187
35,0.06674,0.20479,0.01200,0.00428,0.00821,0.05770,0.00906,0.17465,0.00304,0.02222,0.02201,0.01254,0.00546,0.00426,0.00192,0.07685,0.11177,0.18467,0.01231,0.00472,0.00078
36,0.03366,0.06195,0.01347,0.00783,0.03601,0.45889,0.01504,0.01183,0.00692,0.00536,0.01231,0.04887,0.01183,0.00983,0.00231,0.06913,0.07104,0.01668,0.09314,0.01203,0.00189
37,0.00376,0.07693,0.01154,0.00596,0.01201,0.00297,0.01312,0.03589,0.00460,0.37853,0.28619,0.00990,0.00381,0.00538,0.00219,0.00227,0.06245,0.07067,0.00340,0.00751,0.00090
38,0.01548,0.08076,0.02227,0.01891,0.02063,0.00739,0.01403,0.05763,0.01275,0.32288,0.18622,0.01676,0.02999,0.00890,0.00409,0.00573,0.06124,0.08865,0.01018,0.01266,0.00287
39,0.04748,0.06666,0.00412,0.00415,0.10021,0.07009,0.00483,0.11003,0.00298,0.05295,0.15776,0.00273,0.00172,0.00423,0.00148,0.03005,0.11560,0.17913,0.00831,0.03487,0.00063
40,0.09411,0.10659,0.00644,0.00852,0.00638,0.17252,0.00711,0.16243,0.00756,0.05456,0.03028,0.00707,0.00314,0.00664,0.00241,0.01468,0.02469,0.27121,0.00662,0.00535,0.00168
41,0.07935,0.00657,0.00981,0.00680,0.00665,0.39899,0.00794,0.00403,0.00425,0.00156,0.00432,0.01317,0.00282,0.00467,0.00658,0.31086,0.11615,0.00318,0.00409,0.00653,0.00166
42,0.01172,0.00998,0.01079,0.01076,0.02730,0.00881,0.01208,0.00633,0.00820,0.00808,0.00729,0.00611,0.00669,0.00848,0.00354,0.00314,0.00502,0.00578,0.32004,0.51717,0.00270
43,0.01956,0.04329,0.02414,0.01445,0.01813,0.00558,0.01107,0.17814,0.00821,0.00948,0.01349,0.01641,0.00574,0.01071,0.00367,0.00387,0.05454,0.53851,0.00873,0.00851,0.00375
44,0.01810,0.03017,0.01815,0.02252,0.02385,0.00571,0.00844,0.18167,0.01202,0.01680,0.01564,0.00990,0.00532,0.01274,0.00385,0.00403,0.00626,0.56306,0.01033,0.02580,0.00563
45,0.23352,0.27190,0.00126,0.00078,0.00085,0.00503,0.02810,0.00314,0.00115,0.00480,0.07892,0.02133,0.00041,0.01998,0.00147,0.05589,0.24839,0.01475,0.00079,0.00509,0.00249
46,0.00571,0.02350,0.00994,0.01801,0.01791,0.56971,0.00780,0.00790,0.00769,0.00243,0.00908,0.17920,0.00367,0.01348,0.00797,0.02095,0.01312,0.02732,0.00742,0.00840,0.03880
47,0.00475,0.00799,0.01067,0.00663,0.00635,0.02366,0.00610,0.01241,0.31666,0.00830,0.00343,0.02577,0.00549,0.00943,0.50297,0.01116,0.00878,0.00887,0.00436,0.01247,0.00375
48,0.05150,0.06453,0.00408,0.00409,0.00472,0.11003,0.04067,0.00759,0.00347,0.00092,0.01863,0.12881,0.00524,0.01109,0.00361,0.20055,0.30376,0.02202,0.00247,0.01040,0.00182
49,0.03439,0.18614,0.00406,0.00414,0.00381,0.00385,0.01527,0.08020,0.00309,0.04073,0.07241,0.03615,0.00260,0.00785,0.00586,0.03882,0.19942,0.25224,0.00286,0.00399,0.00211
50,0.01038,0.04943,0.49418,0.20550,0.01234,0.00641,0.02432,0.01219,0.00779,0.00430,0.00912,0.02247,0.00310,0.03023,0.00288,0.02287,0.01551,0.00896,0.00860,0.04475,0.00468
51,0.00365,0.07332,0.00865,0.00729,0.18837,0.00279,0.00445,0.05461,0.00448,0.17175,0.38213,0.00653,0.00208,0.00378,0.00169,0.00196,0.01951,0.01417,0.03878,0.00777,0.00224
52,0.00455,0.02786,0.01087,0.00835,0.15530,0.00362,0.02579,0.02890,0.00794,0.00229,0.01052,0.02359,0.00257,0.01079,0.00746,0.00429,0.01641,0.11152,0.04868,0.48050,0.00822
53,0.00379,0.00987,0.01012,0.00926,0.00914,0.00442,0.00547,0.43860,0.00518,0.24047,0.01318,0.00909,0.00233,0.00487,0.00199,0.00214,0.00487,0.20896,0.00707,0.00717,0.00201
54,0.03624,0.08750,0.04541,0.32860,0.00383,0.00242,0.00560,0.05540,0.00660,0.02709,0.08249,0.00413,0.00161,0.08349,0.00161,0.02736,0.05016,0.11817,0.00439,0.00379,0.02412
55,0.05454,0.00692,0.00627,0.00460,0.09639,0.00312,0.10645,0.03296,0.04798,0.04444,0.01962,0.00866,0.08579,0.05021,0.22668,0.02263,0.00452,0.00544,0.03923,0.13234,0.00122
56,0.10275,0.11134,0.09735,0.06907,0.00225,0.01177,0.04011,0.00484,0.00258,0.00455,0.00259,0.07420,0.00092,0.04134,0.00092,0.09411,0.14520,0.09847,0.00304,0.09168,0.00093
57,0.14416,0.13562,0.00573,0.00639,0.00574,0.35044,0.00803,0.00798,0.00664,0.00182,0.00729,0.00559,0.00237,0.05576,0.00180,0.06781,0.12262,0.05184,0.00563,0.00493,0.00181
58,0.03566,0.05805,0.34680,0.16180,0.00757,0.04051,0.04005,0.01215,0.00672,0.00280,0.01459,0.05655,0.04474,0.01927,0.00224,0.03943,0.02421,0.01160,0.00725,0.06513,0.00286
59,0.01187,0.01068,0.00728,0.01080,0.02261,0.00452,0.00674,0.61593,0.00620,0.04085,0.06602,0.01711,0.00961,0.00633,0.00247,0.00223,0.00285,0.10673,0.00775,0.03885,0.00257
60,0.05390,0.06034,0.05352,0.06929,0.05128,0.04979,0.03468,0.04228,0.02242,0.06826,0.06290,0.06141,0.00041,0.06098,0.02210,0.06908,0.08155,0.05120,0.01958,0.06472,0.00031
61,0.00646,0.00653,0.01441,0.00905,0.01314,0.00378,0.01159,0.01311,0.00760,0.02382,0.00929,0.01116,0.00445,0.00731,0.00797,0.00324,0.00450,0.00633,0.82216,0.01171,0.00238
62,0.06247,0.04441,0.23565,0.23554,0.04224,0.01039,0.01727,0.03174,0.01338,0.00488,0.03017,0.01579,0.00134,0.07131,0.00237,0.00327,0.02895,0.07018,0.02540,0.04251,0.01074
63,0.05089,0.04376,0.05229,0.05553,0.03529,0.00952,0.04840,0.04356,0.05496,0.06746,0.05592,0.07022,0.09081,0.07128,0.04579,0.04230,0.04027,0.06610,0.02409,0.03136,0.00020
64,0.00751,0.05931,0.47477,0.05658,0.03758,0.12859,0.02081,0.00869,0.00763,0.00229,0.00734,0.12989,0.00284,0.00745,0.00253,0.00465,0.00799,0.00406,0.00915,0.01771,0.00262
65,0.44143,0.38318,0.00651,0.00340,0.00552,0.00234,0.00593,0.00639,0.00682,0.00191,0.00542,0.00623,0.00290,0.00508,0.00222,0.00783,0.00413,0.08794,0.00568,0.00680,0.00233
66,0.00492,0.01615,0.02624,0.22933,0.01031,0.00608,0.00573,0.07544,0.00974,0.15862,0.03946,0.00408,0.23366,0.04695,0.00165,0.00526,0.02626,0.07827,0.00546,0.00744,0.00894
67,0.03068,0.06828,0.00780,0.00902,0.06913,0.00336,0.00887,0.17393,0.00754,0.00534,0.01309,0.00840,0.00462,0.00874,0.00965,0.00292,0.02761,0.52044,0.00765,0.00965,0.00331
68,0.02285,0.01426,0.00724,0.00651,0.00506,0.05741,0.00424,0.00502,0.00658,0.00285,0.00763,0.01060,0.00209,0.00458,0.00237,0.41128,0.41399,0.00302,0.00495,0.00564,0.00183
69,0.00525,0.01070,0.00924,0.01378,0.00998,0.74260,0.01182,0.01251,0.01500,0.00406,0.01212,0.01109,0.00790,0.01195,0.01367,0.00399,0.00678,0.03194,0.00890,0.00945,0.04725
70,0.03847,0.03324,0.00471,0.00472,0.00352,0.04722,0.00608,0.03170,0.00214,0.00246,0.00449,0.23350,0.00227,0.00452,0.00191,0.15158,0.38385,0.01908,0.01816,0.00511,0.00126
71,0.21496,0.04664,0.00901,0.01381,0.00915,0.00277,0.01031,0.01388,0.01295,0.00380,0.00955,0.01094,0.00705,0.01243,0.00390,0.58864,0.00544,0.00512,0.00650,0.00962,0.00354
72,0.00223,0.00471,0.00491,0.00810,0.02969,0.00272,0.02505,0.04235,0.00615,0.03183,0.02706,0.00400,0.31297,0.00497,0.00161,0.00136,0.01648,0.11086,0.00760,0.35269,0.00264
73,0.01515,0.16195,0.00281,0.00301,0.00252,0.00067,0.14505,0.01341,0.07429,0.05288,0.07939,0.04712,0.00069,0.06110,0.12202,0.05884,0.09235,0.06257,0.00118,0.00249,0.00051
74,0.00219,0.00432,0.00440,0.00622,0.01542,0.00195,0.00217,0.37415,0.00434,0.39237,0.00355,0.00341,0.00644,0.00240,0.00149,0.00145,0.00209,0.16301,0.00389,0.00320,0.00156
75,0.07104,0.08012,0.07233,0.09994,0.05201,0.00035,0.07623,0.02752,0.02693,0.06226,0.03433,0.05109,0.00095,0.04933,0.03970,0.06371,0.05304,0.04285,0.05585,0.04006,0.00037
76,0.00663,0.01430,0.01262,0.00865,0.00999,0.00427,0.01097,0.01152,0.00952,0.01542,0.00836,0.01119,0.00475,0.01285,0.00402,0.00381,0.00474,0.82330,0.01026,0.00989,0.00293
77,0.04940,0.04280,0.03274,0.06271,0.06647,0.00026,0.06433,0.05490,0.06647,0.07658,0.07970,0.05594,0.00036,0.07579,0.05589,0.03658,0.03897,0.03799,0.04910,0.05270,0.00031
78,0.00508,0.01135,0.01086,0.00894,0.00911,0.00427,0.00455,0.25958,0.00646,0.56096,0.01635,0.00707,0.00253,0.01820,0.00928,0.00286,0.00353,0.04065,0.00755,0.00819,0.00263
79,0.00304,0.00585,0.33893,0.00541,0.00596,0.00256,0.00439,0.00537,0.00646,0.00210,0.00679,0.09105,0.00203,0.00561,0.00197,0.48262,0.00222,0.00252,0.00583,0.01741,0.00190
80,0.00782,0.01281,0.38912,0.46884,0.00733,0.00484,0.00677,0.00907,0.01631,0.00263,0.00808,0.00752,0.00264,0.00518,0.00279,0.00272,0.00285,0.00346,0.01003,0.00643,0.02275
81,0.02731,0.06367,0.00705,0.00208,0.03635,0.00350,0.24106,0.00133,0.00148,0.00093,0.00822,0.36257,0.00065,0.03051,0.00244,0.15389,0.00065,0.00086,0.02809,0.02675,0.00061
82,0.00253,0.05476,0.01531,0.00540,0.00676,0.41227,0.01338,0.00643,0.00550,0.00196,0.00590,0.00842,0.00224,0.00633,0.00176,0.00182,0.00204,0.01447,0.00518,0.35298,0.07456
83,0.00512,0.01209,0.73937,0.01216,0.01313,0.00500,0.00612,0.01015,0.01168,0.00452,0.01271,0.01727,0.00480,0.01220,0.00474,0.00579,0.00376,0.00550,0.01160,0.09679,0.00550
84,0.00526,0.01950,0.01357,0.00767,0.30830,0.00570,0.01004,0.02052,0.00539,0.01945,0.00781,0.01228,0.00341,0.00675,0.00283,0.00713,0.00341,0.00512,0.16131,0.37167,0.00289
85,0.00645,0.02079,0.00216,0.00216,0.02906,0.00107,0.35968,0.01465,0.01012,0.00117,0.01483,0.00441,0.00170,0.01906,0.14189,0.12223,0.10121,0.01395,0.02218,0.11021,0.00100
86,0.00504,0.01106,0.01284,0.00638,0.10966,0.00352,0.00915,0.02738,0.00549,0.74035,0.00676,0.00970,0.00444,0.00701,0.00244,0.00402,0.00450,0.01229,0.00646,0.00916,0.00235
87,0.00279,0.01681,0.00566,0.00565,0.00668,0.00320,0.00463,0.23671,0.00759,0.35050,0.05663,0.00954,0.00212,0.01346,0.00295,0.00196,0.01118,0.24562,0.00465,0.00906,0.00261
88,0.02419,0.04670,0.15125,0.08217,0.01415,0.17101,0.08547,0.00601,0.00716,0.01086,0.02557,0.14351,0.00991,0.03030,0.00363,0.06083,0.04109,0.01484,0.00235,0.06778,0.00121
89,0.08052,0.07144,0.16785,0.07130,0.05551,0.05666,0.03641,0.01361,0.00583,0.01194,0.02854,0.03978,0.06634,0.07116,0.00291,0.05237,0.02049,0.02049,0.05924,0.06372,0.00391
90,0.04044,0.14344,0.13490,0.09804,0.01829,0.07479,0.05499,0.02329,0.00278,0.00701,0.04148,0.06278,0.03309,0.04473,0.00242,0.06191,0.05293,0.05105,0.01107,0.03888,0.00171
91,0.04675,0.03442,0.00353,0.00872,0.06095,0.28882,0.01162,0.02152,0.01303,0.07736,0.08181,0.00350,0.00275,0.01441,0.00703,0.03011,0.04213,0.01122,0.10081,0.13415,0.00536
92,0.01747,0.03440,0.01006,0.02210,0.04938,0.01331,0.00895,0.15639,0.00599,0.08648,0.04894,0.00685,0.33797,0.02994,0.00608,0.00531,0.02850,0.07345,0.01951,0.03439,0.00454
93,0.05023,0.07143,0.08145,0.07565,0.03306,0.01782,0.01981,0.04082,0.00732,0.02996,0.06133,0.09280,0.17490,0.06118,0.02811,0.05613,0.02586,0.03546,0.01962,0.01448,0.00260
94,0.02426,0.04726,0.00557,0.00384,0.08934,0.00980,0.01013,0.06641,0.02541,0.09598,0.14930,0.01867,0.01601,0.00240,0.00797,0.01473,0.04261,0.05844,0.16656,0.14441,0.00092
95,0.01809,0.01132,0.01160,0.00675,0.01328,0.00984,0.02450,0.03874,0.23860,0.00908,0.01366,0.04265,0.02365,0.05169,0.30061,0.07475,0.03972,0.01023,0.03363,0.02509,0.00251
96,0.04834,0.03289,0.04970,0.33696,0.02580,0.00333,0.02796,0.01493,0.00596,0.03567,0.05442,0.01221,0.00295,0.13480,0.00262,0.02507,0.06019,0.04796,0.01859,0.04310,0.01657
97,0.01945,0.04235,0.00855,0.00959,0.01162,0.00343,0.01160,0.38424,0.00552,0.14465,0.05601,0.00693,0.00229,0.00926,0.00215,0.00901,0.04451,0.21502,0.00582,0.00600,0.00199
98,0.12147,0.09861,0.00305,0.00361,0.08918,0.05269,0.00329,0.13887,0.00283,0.13430,0.10632,0.00285,0.00148,0.00288,0.00130,0.00420,0.04464,0.11961,0.05663,0.01144,0.00072
99,0.04188,0.03049,0.00443,0.00542,0.18360,0.03992,0.00451,0.04880,0.00379,0.16956,0.19307,0.00324,0.00141,0.00339,0.00111,0.00809,0.04575,0.10001,0.02957,0.08056,0.00140
100,0.00540,0.00924,0.01143,0.02184,0.00572,0.00574,0.00939,0.00562,0.65184,0.00197,0.01002,0.04801,0.00479,0.00693,0.17217,0.00407,0.00343,0.00421,0.00858,0.00757,0.00202
101,0.06140,0.10757,0.00322,0.00278,0.12274,0.11512,0.00137,0.12819,0.00108,0.09738,0.14828,0.00225,0.00048,0.00085,0.00047,0.04632,0.05859,0.09802,0.00182,0.00172,0.00034
102,0.10280,0.12325,0.00405,0.00413,0.14456,0.03402,0.00335,0.13067,0.00536,0.07412,0.07680,0.00544,0.00164,0.00402,0.00197,0.06588,0.04786,0.15466,0.01158,0.00267,0.00115
