site,A,C,D,E,F,G,H,I,K,L,M,N,P,Q,R,S,T,V,W,Y,*
0,0.002641911246663141,0.0066788604278448654,0.006925859834305703,0.0037648581084288786,0.007682804168548562,0.0024192284331328827,0.00452194808526559,0.006986661595634606,0.04934726202265522,0.019378140717572212,0.0030171100175703934,0.00587361928347601,0.0015171799596927868,0.0028074221770378813,0.842582262220473,0.0018090955403832296,0.0018208626112206198,0.0025876824589714294,0.020011218020279747,0.006442567000958284,0.001183446069885044
1,0.1466916674479359,0.04321884882515534,0.006065178101567458,0.0038403553064256042,0.006723570236895064,0.16658109673741403,0.007747550261561827,0.0062387077044135835,0.004404771095119434,0.00227771361945933,0.003596875543013,0.003663348908641192,0.0034317340281338478,0.005847427149936849,0.002933149452087327,0.5682527096152349,0.0049008947215316,0.0030426713473228565,0.0033633991336209,0.005839538284615381,0.001338792479914544
2,0.0037175088392708533,0.0040529944337448975,0.00938792182606558,0.0033288758866396894,0.276239829084693,0.0012899846839580624,0.011071569335554402,0.018327875356820036,0.004482913508511059,0.0638039029224947,0.019128331679956635,0.009632207232337736,0.0032653895728588125,0.003950595656106534,0.0011659823029341535,0.0017573832148864849,0.0031652486275974986,0.0028514074761778942,0.4152708688381918,0.14041899994611504,0.0036902095750851204
3,0.027989003137560878,0.018505151667403196,0.01655556033045557,0.012794193680424221,0.019282003027574626,0.006541623227010428,0.09986430734435242,0.018673001314039154,0.008068438355510745,0.005997685060760604,0.015647332504188236,0.017629583510907192,0.6284876072229421,0.0070118396350623904,0.0036937037846652802,0.0050930581707769014,0.022355179546611943,0.008045445976022149,0.033318473929458796,0.01999999199289136,0.004446816581381861
4,0.02424360176660093,0.05450152313596707,0.0031857910401623655,0.002945328098121923,0.0033249311435154492,0.09161725896437072,0.019356479239120088,0.0033036390540388625,0.002092381297479538,0.00100424712034944,0.0028688589618671725,0.32357599102887863,0.19270917644445404,0.114329409474056,0.013723840367967982,0.11266467464085755,0.024278008948573154,0.002457183493840293,0.002831620625905656,0.004234570371162312,0.0007514847827107917
5,0.11696813858407056,0.17076453221369614,0.002101647909857778,0.0045169730519127186,0.002942738554414438,0.07453081135135185,0.08757023521020395,0.0010601595255499395,0.004221151370795915,0.0011283372246061523,0.007264532223639424,0.15891953488294971,0.03154212760384782,0.004126485571629851,0.011669232346317832,0.11953568340772086,0.18093999208885866,0.007359481058796154,0.0027580267825710863,0.00945192032662554,0.0006282587105835359
6,0.02575898533573932,0.0626095467212736,0.01297378616560251,0.2826444288868801,0.004777676049462933,0.04004950439403183,0.1831226461106189,0.00377093094109719,0.003652264537984133,0.0024168810095613145,0.01903482735687823,0.15176528891755015,0.0030807798385892285,0.1433167830670259,0.0025021441270862235,0.03280632969257296,0.002086424846238009,0.0016848231670226579,0.005610494127193594,0.004078781694219966,0.012256673013371416
7,0.02461219970388667,0.032546622606771124,0.004364252990124366,0.00334705671377338,0.017618607277724838,0.019108822193723757,0.00984340581484206,0.06703147312843329,0.005795010966260304,0.22835149812782116,0.05405810444238759,0.0038022578245854644,0.17638552801983076,0.028593977111023263,0.003526004580799364,0.04616708677254366,0.06956141268857248,0.18425624929161788,0.008816038187640504,0.010323618002461149,0.0018907735551769763
8,0.013275577000819225,0.07616364070558314,0.009188012481709841,0.008739149309235809,0.07657367427545035,0.005309223580257572,0.028476922076954625,0.018864091730274025,0.005195207301651736,0.2047633163457906,0.12977078376489917,0.01142390968827159,0.06958874905610916,0.012681160088809798,0.0021543130565668356,0.0096802699858338,0.209886765809575,0.029673261259355887,0.018222447464662856,0.057960302044385036,0.0024092229738039515
9,0.03692963309123378,0.1505309430816375,0.007195394011988469,0.025116928782976226,0.00577451065889312,0.17001687073536695,0.023969241213004144,0.01572994008134548,0.0035342672065579402,0.02246471553113255,0.008305664067801238,0.017671973975859682,0.0026698850767709966,0.046735138161125865,0.004238188866452467,0.15521541324874724,0.2241139289585294,0.05884752185662767,0.013747458516687128,0.004645787875135788,0.0025465950021264405
10,0.3521752364706494,0.13466025888473956,0.006264302797657942,0.0054596075683731185,0.006326257912781831,0.09641459868577572,0.004538978772924568,0.00614539291356928,0.007488142693689574,0.007607013296585803,0.022246987799310416,0.004689852478229546,0.005825385146403128,0.006413473960483924,0.0033757051264776596,0.2635211261202871,0.013911863185544071,0.033073665378246624,0.01173291769829017,0.005873826553236326,0.0022554065567443383
11,0.05436196974650568,0.14567520181106275,0.0028580996877588384,0.0026827920522307547,0.003799160244372031,0.02116415455674329,0.004383618416149229,0.037372672526030874,0.003683578647677658,0.016478955499622288,0.02641289829160057,0.003589768442997508,0.0020180592436145187,0.0047451804930357345,0.0018291660757534108,0.09956654883948272,0.3442147157462794,0.21278978710387908,0.0062530340678128545,0.005080360949192946,0.0010402775581978497
12,0.006803662089653161,0.06992990704311866,0.011987897610839885,0.01646999737929324,0.013061685694522924,0.7324387225547051,0.013672298752027556,0.012977601182707512,0.011637879428055812,0.004756044564629552,0.011457243939595,0.010670042509351411,0.005618389934403323,0.013242255797463317,0.005289464010149301,0.005639189071557189,0.005082661179674322,0.012085444138691786,0.01818467508179944,0.015973019179124612,0.0030219188586368107
13,0.008069779949532256,0.09072260107796905,0.00530832941349708,0.007095211745362284,0.0400353855645963,0.006621195138302452,0.00463245290185765,0.1372409193386995,0.00404859957077603,0.2275698565399308,0.10071024909114536,0.003941256672922736,0.005029272623229923,0.00399183058412497,0.001128304138444905,0.00231114268612016,0.14260614038613698,0.19214559519367994,0.010643097163240753,0.004673747611190083,0.0014750326092408152
14,0.0076271702274344245,0.15660868388474755,0.002482944241930849,0.0025205425558539763,0.004577826322241606,0.0020940706913521513,0.00199967535359233,0.2279384811806279,0.0014402591889321498,0.10610517018548044,0.1692816919652197,0.0012774763424433864,0.0012000083619711352,0.0031271712504287075,0.000952410984436248,0.0022952378709114054,0.11564746623717041,0.18204506915391572,0.007404667160428687,0.00252079421673797,0.0008531826241431903
15,0.07074122285906269,0.6054454107640329,0.006550328949480325,0.012484812388350634,0.026253855268856197,0.016712638465294905,0.005420171086514311,0.006927834358801207,0.007801679834025607,0.009290184797090767,0.014260680264569883,0.005053308250443397,0.003026413048102619,0.007899608460858604,0.0016390645054210975,0.12921159967285623,0.05364507968864438,0.006344094749261393,0.003995693646171637,0.004971906959430779,0.0023244119827304727
16,0.14759949700522626,0.12913983315071978,0.0035072257464909807,0.015107528392877571,0.005317155489731783,0.06337350474423141,0.0025107120653640315,0.02855501610327683,0.0028449497211976843,0.01965765606646067,0.24997393837379264,0.0029337834416394144,0.0005077783004056356,0.006738785742899162,0.0012146635229555519,0.15043032231264844,0.1341248947662723,0.028858664949655454,0.002778596931610521,0.0039557774436952305,0.0008697157288486781
17,0.04492009608145827,0.04095106153612688,0.004997572635548228,0.003999340163345279,0.006536553227030769,0.040681314888538773,0.002549066038195239,0.10742741803620533,0.003409979691140562,0.371956235731532,0.1589735257436632,0.005100086961276821,0.0030637066167884075,0.0039600944998636626,0.001007154687935514,0.01727835143909548,0.05952346080608064,0.11306549991306018,0.004573526310260504,0.004776322905633642,0.0012496320872206453
18,0.31896322394094856,0.20771782904122008,0.002898266896223644,0.002842147984101868,0.08695411707443142,0.17257379648854543,0.005919573084253177,0.010483007237716441,0.0029573238750804803,0.020575799315298904,0.018104401906344648,0.0061475425448243295,0.0009844506126426159,0.0036112611326192374,0.0011000042965237154,0.0911062451084828,0.01468380618263213,0.022290255480088523,0.004159818181167813,0.004582252810344476,0.0013448768065097826
19,0.24813818543054045,0.008200869932645743,0.008008668219377008,0.027217496760689155,0.0038902562493590416,0.3484989996362806,0.005882537790385713,0.005470402344281977,0.008141901247288622,0.0017268239683558076,0.03299500535463563,0.01213585545250613,0.0025134707210465266,0.009322853461511287,0.009801221753739531,0.17904486620728455,0.062014473716444175,0.002768687531070745,0.0038754157713521355,0.0060000219694835814,0.014351986481721535
20,0.21064534446430558,0.07329697758989129,0.004060437914411102,0.0018286136803627097,0.06949347712367163,0.23734587493199674,0.006234485715650412,0.005705595986610276,0.0024198752387948707,0.001717648455153058,0.0025380520359515562,0.0223397602736039,0.0018962522911672025,0.014979996926158999,0.0007242413237469059,0.14328645703956788,0.02106209334363393,0.006624073108962511,0.00942435663923706,0.16332183706451583,0.0010545488526065405
21,0.057681358113176394,0.11163828752395215,0.0010006345433486842,0.0013901701710269127,0.1029666815130027,0.0050029834060142135,0.001967590405284566,0.058633151229159956,0.0014627943091815741,0.13848997806718996,0.2747595280940039,0.0018875318354364574,0.0018483313100530994,0.0168796008402499,0.0004036154814409175,0.04208053418213051,0.061264640005706146,0.09286491358798814,0.013562382665661827,0.013719305419554587,0.0004959872964374729
22,0.12043463122802696,0.1534355734588222,0.008507971844814414,0.02076930419768611,0.0032487920568007814,0.04118626396206648,0.07130514430422247,0.010186815201947043,0.003680095937023412,0.007827497861306295,0.02894257941212205,0.039133079813925366,0.015585949539101788,0.12851334052289246,0.0027182254927209464,0.0737493868767239,0.16960049985259792,0.09574539019212393,0.0020647830646209706,0.0022052407718032934,0.001159434408651374
23,0.06371028793201976,0.023980487067095855,0.004491398108660097,0.03547229588990216,0.004566491121757625,0.013323016589197366,0.3074818499271758,0.003289381303950971,0.19793813711965794,0.0011074464104853772,0.012909212974700367,0.11954757905408227,0.0022377462068254596,0.07941569002763159,0.09389228792174271,0.009126198333867378,0.016118164771751525,0.0022578305658248247,0.0034525120249754818,0.004686226020270868,0.0009957606284245679
24,0.09284981342954912,0.166995449606125,0.002347611458621925,0.0010133446201730121,0.025543800085189167,0.004026123773084077,0.0066396021196747776,0.10472188048829152,0.0026284821861112615,0.07460692659304004,0.19506086546376408,0.003675847886900266,0.0031119759323859427,0.006655491980030266,0.005231401809054382,0.014093427020422664,0.033188910757131145,0.2075328552317551,0.024117563339180744,0.025445568609769143,0.0005130576097465365
25,0.0031327846415493514,0.004789376111766086,0.2132670588716562,0.050186609806557314,0.004954492845145652,0.10326779513407501,0.0359981508138791,0.006971580015950801,0.025106170566403945,0.0020474968073061275,0.007709176069049362,0.14628535994414163,0.04065134215719468,0.050318850217551205,0.015784441303826963,0.16648384757085014,0.04873460983439814,0.0026980469665207154,0.005814317237408356,0.06363235284652459,0.00216614023824453
26,0.050498521949747764,0.08305430640003032,0.006865715273933878,0.005636211031189412,0.01650314523329618,0.008722191388148637,0.030564258726254772,0.24348912979785287,0.01627148221901261,0.08983304736545772,0.10945625616580108,0.04741003123088409,0.004179343301103059,0.02897916977129782,0.0339095489601841,0.027337832982106097,0.0540825407874431,0.11778469628417731,0.004165876301017454,0.01951833724206996,0.0017383575889918217
27,0.11041495457876149,0.0216800408131354,0.057532533911625716,0.2279355278536885,0.01449068792941321,0.0017275681346393564,0.07029763513385923,0.012657760069481855,0.06848295315810632,0.013719815985317164,0.022943399387500212,0.022873114585532234,0.02516453224878379,0.13699916320283975,0.023251760777681974,0.03059843221148321,0.06215469347882909,0.044614604688858465,0.005193363644717462,0.013121658707383133,0.014145799498362489
28,0.059464830636619274,0.08201289102781066,0.0085421683849434,0.018083965597152505,0.15673473140013652,0.01801688106422941,0.043798584037817445,0.048911627867383005,0.008514600593621894,0.055681661271691996,0.1260434847730156,0.011517469025653768,0.0010847051140750069,0.04773999633823434,0.0008816481713805341,0.07323886755792915,0.052258894756704664,0.06203442886109872,0.03468092981541913,0.0901876345012705,0.0005699992038125431
29,0.10014659762387716,0.10489643107915975,0.00483568351324097,0.004810838500731984,0.0014940614667799123,0.07143446665620196,0.059944686914432256,0.047108748746093665,0.13450274369530088,0.0026694771322658185,0.1234058423488345,0.03019928674295912,0.019784310238248375,0.016927915847038264,0.015203520415615018,0.03436729863177477,0.15463097011739016,0.06212209714915556,0.0016935744203785106,0.009222346140218279,0.0005991026203030619
30,0.19444615314472022,0.009557499701420264,0.0074910218820103324,0.016090115310470093,0.010262505011454245,0.5462684088261642,0.011684228649609137,0.010859169295831342,0.017154935456875357,0.0032686338942081333,0.015720915393123373,0.010930753965598436,0.019174851363004387,0.02342135475228199,0.002348366907192342,0.03451481909239183,0.00549167355066571,0.02688382489365938,0.006751740854037495,0.007717193834661917,0.019961834220619763
31,0.007498894208146224,0.029135319778383156,0.021720225432441315,0.01755444153627316,0.024914444777299437,0.007588019606917591,0.031187611751687886,0.026155034719850007,0.016877107113461003,0.0056286234889470115,0.017781515965532794,0.017212194895677244,0.6953662546514977,0.007318027150848168,0.0032359653145632127,0.007740986980839688,0.005558315689204653,0.00895547576758704,0.015074329740340286,0.027640294508059618,0.005856916922442834
32,0.025073340675701824,0.003249394802935491,0.005614009336722045,0.002324326481794524,0.15289582363111445,0.07709278522201145,0.039762984670951955,0.09149810193823549,0.0024422474503139873,0.060954964020714125,0.119805353721621,0.0018063589804932225,0.0013922692937084868,0.006717494600705855,0.0007793700106955922,0.005136859006530244,0.06922234175009054,0.08325188657537484,0.10431141370400747,0.14631514186313657,0.0003535322631407943
33,0.2691043212310098,0.13473245440520784,0.0031531818934704726,0.010919703246645122,0.004384593389125681,0.08713189250579638,0.00469045161890996,0.00957251433915046,0.008980030208887095,0.0030720169766966267,0.007584825234066404,0.003633395779553905,0.0018038854817812651,0.009751474553040158,0.003142569374073915,0.3519550215078246,0.048403046952341856,0.019300289472926627,0.011110684447541824,0.00501948573314815,0.002554161648802043
34,0.392661472631925,0.13768592696114137,0.009194243193566659,0.0069752066383152594,0.008411564057046626,0.08460543852287346,0.007396789717754644,0.007456703004464657,0.006455529466909228,0.002602558542057563,0.007859196543694309,0.00810860130216093,0.005192536488640644,0.006036414055786283,0.0029240670307017487,0.010947442061774176,0.09478440780269125,0.18273340410677444,0.008837169657900136,0.0072583444911445165,0.0018729837226771032
35,0.06674448594596738,0.20478963782108517,0.011999143680435665,0.004279685242520998,0.008212036001658277,0.057704076390534785,0.009063279442611644,0.17465271121202966,0.003035525467447134,0.022220630550766073,0.02201062886733508,0.012543090584701919,0.005459729337920694,0.00426099367245772,0.0019169992002909624,0.07685284693122402,0.1117733033720435,0.18467423206841013,0.012306289097067541,0.004716937532016408,0.0007837375814753316
36,0.03365525627782333,0.061952690747195525,0.013469873161067777,0.007825501112006248,0.036007301660549294,0.45889211240609545,0.015043234354259492,0.011825423905322143,0.006923746131675758,0.005356037197371672,0.012306210729870995,0.0488681097427681,0.011828303971074006,0.009826547466625363,0.0023121462756061735,0.06912560221209436,0.07103566720453584,0.016684528243283456,0.09313697253765059,0.012034788115166879,0.0018899465479576053
37,0.00376439699183544,0.07692639534205292,0.011540515580116229,0.005961987985226526,0.012010841483147317,0.002969377412449639,0.013116610978707319,0.035894806069565785,0.004596759216388851,0.37853470409976936,0.2861892297078441,0.009901952398761056,0.003811551952788253,0.005375202149043451,0.002194572750285341,0.0022749677131693427,0.06245314445137226,0.07066975969742668,0.003395312263984608,0.007514821040289755,0.0009030907157756473
38,0.015477979551294948,0.08076086907888344,0.022266793884016117,0.01890850467325956,0.020626256182912712,0.007387884906893024,0.014027687534605399,0.0576307926186256,0.012750396234502151,0.32288086056687904,0.18621501359359818,0.01675737231556556,0.029994330609181385,0.008895001234351873,0.004093483768513997,0.005731323704187907,0.061235061064862706,0.08865271570292384,0.010179056696401208,0.012661631677544583,0.0028669844009968047
39,0.04748108248316474,0.06666483387338584,0.004115599858141584,0.004146214694627728,0.10021216447481368,0.07008628194004117,0.0048254666920746585,0.11002568304037512,0.002982256186902802,0.052945895119555796,0.1577605066948997,0.0027286987686152564,0.0017229582216422446,0.004230373954951101,0.0014839929478240395,0.03005227358127119,0.11559631838769426,0.1791279666457072,0.008310805088289627,0.03486961587488301,0.000631011471139321
40,0.0941051162924218,0.10658804993562825,0.006441568765638839,0.008520476147352093,0.006381947160896969,0.17251870669554667,0.0071131417574514175,0.162429125507726,0.007563826978830982,0.05455890092352474,0.03028462200057071,0.007073625713942191,0.003141769732195246,0.006642996672114207,0.002405718117235656,0.014676601565074837,0.024690465905095563,0.2712060813164895,0.0066206539881811894,0.0053546919823334585,0.0016819128417497624
41,0.07935302141306487,0.006565833943122414,0.00981146803914794,0.006802251548320166,0.006648305385689327,0.3989892298943299,0.007940708664675755,0.0040297795625389675,0.00425284844437442,0.0015597350041669461,0.00431594721963837,0.013170867160702001,0.002824937025952224,0.004665242953857029,0.006584339436230174,0.3108638885419143,0.11615023579265933,0.0031813136127820194,0.0040941965589182125,0.0065344731448322875,0.001661376653083427
42,0.011718244341678839,0.00998160843556199,0.010792311603936733,0.010761415394856954,0.027299805112527872,0.008809567482437287,0.012083893723509298,0.0063297314643373055,0.008196438894760762,0.00807602947810424,0.00729329114992754,0.006107234711368152,0.006689972465423119,0.008478797056276426,0.0035417467924227564,0.0031415174883613604,0.005019230225697399,0.005775289835970584,0.32004188490436164,0.5171663672835459,0.002695622154933934
43,0.01956195984122122,0.043292734282047905,0.024143253394225767,0.014445517589256779,0.018133924976847415,0.005584176452272567,0.011068120313030312,0.17814277989771873,0.008205842422683891,0.009483323819358909,0.013490491110193015,0.016414417788015768,0.005742695598371043,0.010705576684900861,0.0036704124726127563,0.003871909336061152,0.054537467783984585,0.5385135329995796,0.008726193561772162,0.00851288410095982,0.003752785574885725
44,0.018104873051283457,0.030174027614432358,0.018145189745356293,0.022524304328449356,0.02384642556289333,0.00571106790480238,0.008435283402928744,0.18166663427902588,0.012017791319503236,0.016804430701703777,0.015635405745582556,0.009897892785525289,0.0053203285094778445,0.012743576023189837,0.0038549531681578986,0.004034211511279871,0.006262995208261721,0.5630591690557655,0.010329536771349589,0.02580213896355917,0.005629764347471792
45,0.2335195964442367,0.2719032252426556,0.001255202567958601,0.0007802976371748311,0.0008464550001686546,0.0050292079043753124,0.028096314841324535,0.0031351177969749454,0.0011473625177945966,0.004796990050839097,0.07892165614879887,0.021328023021425804,0.0004050288254288501,0.019975490231694575,0.0014657982397416629,0.055887267424421495,0.24839306228921051,0.014754584110741377,0.0007850470882854234,0.0050888141550604555,0.0024854584616881632
46,0.005710565171924327,0.02350283312523729,0.009943292271299458,0.018005136400497602,0.01790736038497312,0.5697050554594666,0.00779513690598619,0.007898981120259035,0.007687691095091792,0.0024316064870908774,0.009076453185279146,0.17919519251998917,0.0036720238861308557,0.013482171025308886,0.00797293856237361,0.020947317488642366,0.013121249156971637,0.02731902225725995,0.007421622547280794,0.008402762455956522,0.03880158849298082
47,0.004752319794361424,0.007988067301744948,0.010667709910357828,0.006625771290586213,0.006350354192721938,0.02366396719491828,0.006096207365461303,0.012412297885244344,0.3166620901545061,0.008297219549401104,0.00342976163881876,0.025772707822878025,0.005487810191919736,0.009433555724862284,0.5029710445476446,0.011159427282718376,0.008782582352878683,0.008868514214356577,0.0043572231610494085,0.012473883152829582,0.0037474852707406214
48,0.05150346261671037,0.0645349469875736,0.004075737680854116,0.004085842332587062,0.0047196110177075345,0.11003006313339299,0.04067396039859946,0.007586081460822794,0.003474645303772016,0.0009180819231023118,0.018633186646134666,0.1288115786571282,0.005235815193161128,0.011092580585463996,0.003612615415231281,0.20055003898010035,0.30375522425106655,0.022018837606624236,0.0024746138177973013,0.010397268210115712,0.0018158077820544186
49,0.034390824559894784,0.18614239794330498,0.004057678521994655,0.0041420735842819245,0.003811804509353199,0.003850018933616828,0.015273977873151073,0.08019509402088865,0.0030944373214965375,0.040734626115378335,0.07240786474986495,0.036147159630941984,0.002603139932011771,0.007850609157935238,0.0058558177528463705,0.03882339108932134,0.199419000172957,0.2522407878998083,0.002855971144672963,0.003994224585296629,0.002109100500982517
50,0.010377200914594185,0.049428193860055834,0.4941829490476904,0.20549991269904622,0.012340429381515063,0.006411040200996278,0.02432319842885991,0.01219295276395728,0.007789825199105222,0.004302408614532525,0.009115887669790164,0.02246545970983688,0.003099660415128496,0.030233349944280025,0.002877593078182923,0.022867231575076207,0.015510716304911193,0.008958953782764007,0.008599934557592602,0.04474748807736665,0.004675613774717918
51,0.0036467618826476872,0.07331725228573989,0.008650895405178903,0.007288595894193947,0.18836768997181394,0.002791951902784643,0.0044509229569606,0.05460723746290106,0.004481649230747962,0.1717494865697511,0.3821303847299735,0.006527713891881907,0.0020799342235418255,0.0037755699988238707,0.0016898755212464446,0.0019610435592428217,0.019513907176582714,0.014174470858268694,0.038784205232850366,0.007774067377704776,0.002236383867163338
52,0.004550600178577907,0.027862401993881583,0.010869638714312872,0.008347753825587405,0.15530431218304594,0.003620046218307367,0.025786668080807568,0.028899595989133758,0.007935758399276046,0.00228697021399895,0.010523861194121485,0.023589265921793418,0.0025675360611093065,0.010785078960948461,0.007464925450782273,0.004285861056387761,0.016405239240438674,0.11151904961166009,0.048676466769725535,0.48049604479471286,0.008222925141390718
53,0.0037859778235606596,0.0098669477123266,0.010124318262474041,0.009259201659931706,0.009139187289446791,0.004422048582978749,0.005474551014117167,0.43860318819333116,0.005178214669171593,0.2404688436382106,0.01318209358846624,0.00908746318018961,0.0023289899112378686,0.004869022394299374,0.00199079153746001,0.002141343922802817,0.004871295049865543,0.20895713971864605,0.007071642226220504,0.0071686101245043736,0.0020091295007585437
54,0.03624064730167082,0.08750467565097446,0.045413715170179884,0.32859828782669515,0.0038294462361652174,0.002415894876027263,0.005598812629793321,0.05540281779851627,0.006601993942649292,0.02709325414797401,0.08248987956040837,0.004127558326488796,0.0016110939887744018,0.08348536327468803,0.0016055768419191328,0.027355275470410393,0.05016229260588611,0.11816636447112384,0.00438861759069998,0.003790353730044006,0.02411807855891125
55,0.054535727375908505,0.006923465843642948,0.006265386165740995,0.004603223505502047,0.09638567993862453,0.0031200824791746628,0.1064463114040002,0.03296151555179439,0.047982748465320836,0.04443833965170326,0.01961807853589113,0.008660002276111592,0.08579402430446799,0.05021093693889019,0.2266773890011756,0.022627973226206837,0.004520221156032504,0.005437298997541477,0.039230315631435524,0.1323410082574338,0.0012202712934009043
56,0.10275325239199488,0.11134033482587428,0.09734805268011015,0.06907327565468599,0.00224614535490461,0.011767232862386038,0.040105541041918796,0.004839058590706837,0.002576833410533873,0.004546331396451789,0.002587199869394553,0.07419597579916125,0.0009207518001894264,0.04134297706541742,0.0009165739361446544,0.09410867071934852,0.14520435901418957,0.09847205921169222,0.0030402343337886297,0.0916835499150279,0.0009315901260786939
57,0.14415994342465802,0.13561784167887928,0.005725961592721709,0.006385410752228743,0.00573972946795259,0.3504411107788066,0.008027495513403359,0.007979053869028379,0.00664499437870746,0.0018201741781614363,0.007291043426941128,0.005588009939350711,0.0023707770553136193,0.05576154561987768,0.001803683297114789,0.06780918631463441,0.12262258716340402,0.05183891710317118,0.005631544326589695,0.004926486874392623,0.0018145032446625197
58,0.035660059777798896,0.05804886919048948,0.3468034661674191,0.1618003376195708,0.007569860227625611,0.04051468702223376,0.040053190831013184,0.012148305337909988,0.006723284669284918,0.0027976739010591614,0.014589195031495354,0.056548863281781325,0.04474488705483936,0.01926521673212205,0.002239339255159116,0.03943163212616935,0.024214431720934678,0.011603493745200866,0.007253459924904932,0.06513342596726311,0.0028563204157249725
59,0.011871187087337644,0.010678940476487764,0.00727891364466888,0.01080225513938915,0.022606305723701852,0.004519643733846228,0.006737139646104219,0.6159285978863814,0.0062024115790752085,0.04085017485844355,0.06601504536305054,0.01711399623160303,0.009606450825383785,0.006331236217634306,0.0024743373339370105,0.00223259542976686,0.0028484066766570203,0.10672792002975483,0.007754904214457317,0.03885069527078384,0.0025688426315355777
60,0.05390372108743315,0.06033641652801222,0.05352193042251043,0.0692851894741423,0.051283128006270294,0.0497949266791943,0.03467636206969424,0.04228458258240708,0.022417167322207845,0.06825792672107911,0.06290301549030208,0.06141326895476814,0.0004065217708378828,0.060984752678366665,0.022096136211690497,0.0690819135430264,0.08154506120431425,0.05119659130137424,0.019577582921817674,0.06472133979770134,0.0003124652328498619
61,0.0064555102233740365,0.006533326106672001,0.014414731619876919,0.009053032093329487,0.013142233585886344,0.0037826061683986245,0.011586801059991167,0.013107069606755275,0.0076019410175573445,0.023824480483030583,0.0092886528921498,0.011164152900970663,0.004453186128639881,0.0073056831911478895,0.007971114392882788,0.003235410388759252,0.004500053048958746,0.006334810567921228,0.8221555979771688,0.011713323524703563,0.0023762830218257013
62,0.06247288281794323,0.044410136109478,0.23564882241829663,0.23553681401560067,0.04223964944304959,0.0103859585709578,0.017273702121587735,0.031737739930954155,0.013378980469402219,0.004877621976373977,0.030170951700453513,0.015792001641171494,0.0013415799985664184,0.0713100252750803,0.0023655025373814143,0.0032703400215172928,0.028952115340145603,0.07018273386562399,0.025396344568877727,0.04251445050444443,0.010741646673093805
63,0.050887447732133606,0.043764137423482875,0.052285239117234705,0.05552829932635986,0.03529079756077188,0.009521432637006477,0.04840046142234111,0.043561103663509036,0.05495818540879924,0.06746324536022559,0.055915354120492124,0.07022230850958992,0.09081199628017833,0.07128246036157461,0.04579284723306393,0.04230408261891081,0.04026520979130879,0.066104814358569,0.024085805258948892,0.03135710822741292,0.00019766358808627295
64,0.007512231384384526,0.0593129269317152,0.4747736972458458,0.05658032219570678,0.03758044255801118,0.12859293706537536,0.020809198821826785,0.008685246486078107,0.007629821864084692,0.0022871641440988856,0.007336546026499875,0.1298930864334877,0.002843873105645172,0.0074524037105986535,0.0025318559803187103,0.00465155525707932,0.007993273048089411,0.004056155493744637,0.009145599345601675,0.017710307268148647,0.002621355633658913
65,0.44143468239229283,0.38318493589867453,0.006508449511978762,0.0034030936701126987,0.005515546204090376,0.002335004622263542,0.005931595433565716,0.006392724328209508,0.0068164553364683245,0.00191443776938518,0.005416398623475714,0.0062347981261293975,0.00289567485183082,0.005079431440211709,0.002220554804496647,0.007828698590583633,0.004134016779213113,0.08794389898657057,0.005680348861847258,0.00679664342532544,0.0023326103432741146
66,0.004915766083682675,0.016150275586951538,0.026236297154480104,0.2293313655228261,0.010308860292616311,0.006082068696942288,0.005732432365116158,0.07544330265138034,0.009742105690271978,0.15862442006775715,0.03946286257841728,0.004078197192993874,0.2336618422409474,0.04694604002164512,0.0016518766979735824,0.0052603626647154894,0.026259316074368894,0.07827101028854577,0.00546001839580585,0.007444465266273556,0.00893711446628843
67,0.030678546318789815,0.06828098987708979,0.007802324927669968,0.009016091997710937,0.06912663234819978,0.003361207695190587,0.0088709782379565,0.17392613509354127,0.0075409047731385915,0.005341714160572071,0.013088353543934235,0.008395272633494455,0.004617646725144471,0.008742873295204219,0.009648348881305958,0.002918526422939285,0.027605296654926243,0.5204350545179126,0.007645223119171562,0.00964598846709371,0.0033118903090139686
68,0.022850730034052344,0.014263915465229973,0.007239368159360669,0.006511768322270703,0.0050622781241685165,0.05740747111556411,0.004242814705803038,0.005023975568246765,0.006579527323998604,0.002853673426254529,0.0076252709867903785,0.010595604126115035,0.0020877542612605057,0.004584855077387832,0.0023671781795670355,0.41127578638182655,0.4139904471984192,0.0030240116195875424,0.004947996001957929,0.005639769355200033,0.0018258045669387653
69,0.005254794446395611,0.010701271088683429,0.009243050813052316,0.013784924185030618,0.00998457685881963,0.742600709148777,0.01182482159297392,0.012506470133690032,0.014995296504915642,0.004061621716945559,0.012120198778269947,0.011091400961495822,0.007902913868625655,0.011952095544979039,0.013667122709480716,0.003994026491100498,0.0067799164598106205,0.03193760022986012,0.008900219022567787,0.009448856987021243,0.04724811245750466
70,0.038472961503364767,0.0332377353096107,0.00470646495515046,0.004722527569236311,0.003523738822928109,0.047215151658445274,0.006083378755548601,0.031698972993394255,0.002144397262030207,0.0024590261205304884,0.004494165349056484,0.2334978940278386,0.002272582082456191,0.004517661535162782,0.0019073974809870504,0.1515770187862078,0.38385315327423425,0.019078992413425765,0.018163002107681205,0.005113823657023283,0.0012599543356874617
71,0.21495814866058613,0.046638179352385824,0.009014560485440753,0.01381280023749345,0.009150124619145038,0.002772213680152675,0.010305496414039371,0.013884821413784798,0.012949196861344861,0.00379806624366082,0.009553377939421565,0.010936193323468804,0.007045969416081643,0.012429811022718451,0.003900688785303303,0.5886356118420942,0.005441740957922919,0.005115114761796231,0.006496406906396777,0.009624863590186966,0.0035366134865753725
72,0.00223457796939149,0.004709302846159357,0.004909860581580748,0.008102961413715843,0.0296929292718093,0.002723098840785304,0.025051091871185944,0.04235060340510125,0.006150136891479529,0.03182835990123769,0.027060007967117623,0.003998235827010655,0.3129686107609608,0.004973679698187108,0.0016117864383613887,0.0013618017398432068,0.0164778319573855,0.11085942592545965,0.007596443410752601,0.352694276559703,0.0026449767227719884
73,0.015145350241565674,0.16194877890792372,0.0028142811749360427,0.0030058403298675175,0.002523467526053771,0.0006691209328523882,0.14505489804507796,0.013409108678177266,0.07429022550064755,0.052876896327204125,0.0793934844118916,0.04711891020182105,0.0006934357344945695,0.0611023441075207,0.12201681137576169,0.0588373243148202,0.09234889477376879,0.06256860071242636,0.0011769724527431243,0.0024926025350966072,0.0005126517153494532
74,0.0021851060378715683,0.0043232425305056036,0.004398954952546104,0.006216613308537165,0.015424070496549815,0.0019483558309582912,0.0021687415075938195,0.3741476995216355,0.004338408863425335,0.3923685563719221,0.0035463820154296474,0.00340591046139058,0.006435587245188835,0.0023985512158925487,0.0014895741753668524,0.00145420995343095,0.0020907057765950023,0.16301185032183374,0.0038909550554666315,0.0031990062837005985,0.0015575180741591915
75,0.07104482461026881,0.08011879105137593,0.07232714125046134,0.09993877672290945,0.05200838143111831,0.00035495056012390183,0.07622703130615839,0.027523146590058566,0.026926076037282518,0.0622634760948095,0.034327079809598655,0.05108875092651389,0.0009517626067997555,0.049331107814233166,0.03969715493289155,0.06370503922824246,0.053037282281246746,0.04284965910176749,0.05584608164840965,0.040061982270335875,0.00037150372539398324
76,0.00663482547817281,0.01429883066180706,0.012624969207822906,0.008653788930025866,0.009994350316929216,0.004274253794968235,0.01097437817469301,0.01152050915489817,0.009520772301968001,0.015417696314596075,0.0083594127350001,0.011186542142998997,0.004749683803468077,0.012845832731795681,0.004017197876303953,0.0038145770186356533,0.004736658713880981,0.8232951731884447,0.010255737058523466,0.009890819646384412,0.0029339907486827144
77,0.049404361231565525,0.04279936524974456,0.032742634983449787,0.06271220327168132,0.06646981627126304,0.00025505864305075274,0.06433273795854534,0.05490497804165681,0.06646505027838057,0.07658117021957304,0.0796974783916595,0.055943488910318584,0.00035622228874882385,0.07579339573184933,0.05589024201449505,0.036580731164733676,0.03896625872309775,0.03799205276203224,0.04910202419198981,0.05270317830172316,0.0003075513704412904
78,0.0050785325535518296,0.011348222445168669,0.01086495698484754,0.008942905396795963,0.009105174448002074,0.004265784932847109,0.00454628553550437,0.2595826364286457,0.006461821196370727,0.5609578752050713,0.016350679171660512,0.007074592865076616,0.002526939553548194,0.018201384352274187,0.009276505573890724,0.002864566968063862,0.0035289607401274973,0.040646394727223895,0.007550300518119724,0.008193157574315154,0.0026323228288944664
79,0.003035529761414685,0.005851533101653097,0.33892563188134367,0.005410045442015739,0.005963399834536857,0.002557798749970745,0.00438625948988696,0.005370586552647914,0.006456891429858087,0.0020958301438667067,0.006793640825432989,0.09104523025361365,0.002026481828789527,0.005613427255552197,0.00197138582396145,0.4826202145921394,0.0022220219967906316,0.0025164368267334577,0.0058290645612253935,0.017410018952513266,0.001898570696053753
80,0.007819897013022969,0.01281312674648732,0.3891169508380125,0.4688417832925575,0.007333014219247663,0.004836628614829968,0.0067726841235064604,0.009068148963514648,0.01630657990318776,0.0026307555168559632,0.008083654585952834,0.007515423362203594,0.0026402621012387405,0.005178652303153418,0.0027917361900095072,0.0027240706417983877,0.0028495524508246445,0.0034552206757494743,0.010033461296805183,0.006434107865965079,0.02275428929507652
81,0.027310963650832503,0.06367177606407537,0.00704831158190538,0.002083171075818511,0.03634661514918247,0.0035011339864380333,0.24106046805196224,0.0013306443004977911,0.0014825081254620986,0.000932251805001635,0.008219638099609338,0.36256612533859695,0.0006497481227899483,0.030511102244252724,0.00243868777924404,0.1538859593340189,0.0006511687463571533,0.0008643806452493336,0.02809142639023877,0.026748243963023405,0.000605675545443348
82,0.0025273802026517934,0.05476264147776768,0.015314497629526516,0.005395384105120808,0.006756862133153979,0.4122690187893004,0.013377862163191596,0.006434634994642768,0.005495191919443025,0.0019555106404134065,0.005902114030772492,0.008416680839110569,0.0022357862370258478,0.006330729605134787,0.0017646312518069366,0.0018227919027242545,0.002040771904919537,0.014469622413340835,0.0051846524927342446,0.35298070063621795,0.0745625346310006
83,0.00511744087281668,0.012085995725842671,0.7393736715601059,0.01216071442850386,0.013134511356932999,0.005002497699505411,0.006115607943533246,0.010145682466916703,0.011679572826921324,0.00452075857496996,0.012709439423035243,0.017273591010882505,0.004796144771208871,0.01220221939899436,0.004738524857728152,0.005786120569011181,0.00376489277937965,0.005501001910255009,0.011603039740240823,0.09678977022688325,0.005498801856332142
84,0.005259345942880235,0.01950114850776542,0.013571976750488777,0.0076682387504746355,0.30829689829483103,0.005695851785319864,0.010035212398391658,0.020517686526544728,0.0053941297610470606,0.01945168993663013,0.007807289386218832,0.012279122714698212,0.003413637132327606,0.006750465635505551,0.0028288147508074833,0.007127190742887655,0.0034136541352766184,0.005116155203574987,0.16131253609794466,0.37167317709166925,0.0028857784547155763
85,0.006450613137980625,0.020791909946588343,0.002162006076407031,0.0021590025497206064,0.029064126156727082,0.0010728267220262864,0.35968028967411286,0.014652956602014771,0.010117644114504484,0.0011676972352108316,0.014833740159638786,0.004413634110873694,0.001699899535206843,0.01905948501424672,0.14189199249963722,0.1222266873426288,0.10121493514539535,0.013948117425535563,0.022179645418742105,0.11021027875071372,0.0010025123820881228
86,0.005044077475031429,0.01106483116605469,0.012838210917533845,0.006375894977752462,0.10966020496368085,0.0035172967520064806,0.0091475654672029,0.027381475987035345,0.0054906604020705276,0.7403518067400867,0.0067607062391742715,0.009695651792212755,0.00443723690962385,0.007013693699347408,0.0024413105779064574,0.004024586797322142,0.0044983039032642095,0.012288592854540835,0.006456967620685743,0.009164826709968857,0.002346098047498437
87,0.0027890702157271612,0.01681090935856755,0.005663780714463471,0.0056519753081241434,0.00667747382533717,0.0031959500278226603,0.00462971685331142,0.2367054569003367,0.007589233422576014,0.35050184320136313,0.05662955503733277,0.009544697556150014,0.0021158322694967858,0.013458728452752622,0.0029539603516857693,0.0019586942460131786,0.011180365978919604,0.2456233838804144,0.004646357574997417,0.00906136008854159,0.002611654736066336
88,0.024194089440743926,0.04670253208601147,0.1512470527257892,0.08216888683884083,0.014151522405443316,0.17100880856288422,0.08547188858194789,0.0060140483371255915,0.0071628933220695455,0.010862767427923506,0.025574372117285415,0.14351349259280693,0.009909593800517496,0.03030165560182115,0.0036306061624485912,0.060825700547789435,0.04108652553312371,0.01483723510885866,0.002347339088494931,0.06778330106378376,0.0012056886542904132
89,0.08051973833504171,0.07143759178785285,0.16785112173754438,0.07129610409292948,0.055505704054632114,0.05665723201776291,0.036405243659647445,0.013611488878948495,0.00582962118464949,0.011938310555464368,0.02854466189380961,0.039775697684163704,0.06634154839396579,0.07115919944307858,0.00290822309300502,0.05236566992720645,0.02049102870352639,0.020489331112359968,0.05924192898551502,0.06371732322536697,0.003913231233529207
90,0.04044214666599234,0.14343591623449012,0.13490356333049552,0.09803584478686213,0.01828500710953795,0.07478979854695018,0.05498790165064457,0.02329196098483848,0.0027761158092620628,0.007011516536381109,0.0414803892945275,0.06278166191635336,0.03309286221555068,0.04473018327509482,0.0024176988369401854,0.061907578743894465,0.05292703672040405,0.0510510757621618,0.011065171652407326,0.03887752356507943,0.001709046362131961
